xof 0303txt 0032
template Frame {
 <3d82ab46-62da-11cf-ab39-0020af71e433>
 [...]
}

template Matrix4x4 {
 <f6f23f45-7686-11cf-8f52-0040333594a3>
 array FLOAT matrix[16];
}

template FrameTransformMatrix {
 <f6f23f41-7686-11cf-8f52-0040333594a3>
 Matrix4x4 frameMatrix;
}

template AnimTicksPerSecond {
 <9e415a43-7ba6-4a73-8743-b73d47e88476>
 DWORD AnimTicksPerSecond;
}

template Animation {
 <3d82ab4f-62da-11cf-ab39-0020af71e433>
 [...]
}

template AnimationSet {
 <3d82ab50-62da-11cf-ab39-0020af71e433>
 [Animation <3d82ab4f-62da-11cf-ab39-0020af71e433>]
}

template FloatKeys {
 <10dd46a9-775b-11cf-8f52-0040333594a3>
 DWORD nValues;
 array FLOAT values[nValues];
}

template TimedFloatKeys {
 <f406b180-7b3b-11cf-8f52-0040333594a3>
 DWORD time;
 FloatKeys tfkeys;
}

template AnimationKey {
 <10dd46a8-775b-11cf-8f52-0040333594a3>
 DWORD keyType;
 DWORD nKeys;
 array TimedFloatKeys keys[nKeys];
}


Frame ARM_bear_framework {
 

 FrameTransformMatrix {
  -0.003937,0.000000,-0.000000,0.000000,-0.000000,-0.000000,0.003937,0.000000,-0.000000,0.003937,0.000000,0.000000,0.000000,0.000000,0.000000,1.000000;;
 }

 Frame _0__-com {
  

  FrameTransformMatrix {
   0.958508,-0.283158,-0.032937,0.000000,0.280740,0.917575,0.281498,0.000000,-0.049486,-0.279064,0.958997,0.000000,-4.544900,14.073101,132.406797,1.000000;;
  }

  Frame _1___body {
   

   FrameTransformMatrix {
    -0.000000,0.000000,1.000000,0.000000,1.000000,-0.000000,0.000000,0.000000,0.000000,1.000000,-0.000000,0.000000,-0.000169,0.000946,-66.888826,1.000000;;
   }

   Frame _3___chest {
    

    FrameTransformMatrix {
     0.463435,-0.128146,-0.876815,0.000000,0.232560,0.972393,-0.019196,0.000000,0.855068,-0.195016,0.480442,0.000000,56.258214,0.010498,21.811906,1.000000;;
    }

    Frame _7___neck1 {
     

     FrameTransformMatrix {
      0.956303,0.123337,0.265088,0.000000,-0.179764,0.963079,0.200409,0.000000,-0.230583,-0.239305,0.943167,0.000000,-0.020098,-0.002602,102.555987,1.000000;;
     }

     Frame _10___claviclel {
      

      FrameTransformMatrix {
       -0.182153,0.970915,-0.155376,0.000000,0.525087,0.229653,0.819477,0.000000,0.831326,0.067684,-0.551648,0.000000,-27.474778,14.464104,-23.345474,1.000000;;
      }

      Frame _15___arm1l {
       

       FrameTransformMatrix {
        0.244910,-0.809852,-0.533068,0.000000,0.965260,0.255314,0.055593,0.000000,0.091077,-0.528164,0.844245,0.000000,-0.000023,-0.000214,50.677037,1.000000;;
       }

       Frame _20___arm2l {
        

        FrameTransformMatrix {
         0.969109,0.000000,0.246628,0.000000,-0.000000,1.000000,0.000000,0.000000,-0.246628,0.000000,0.969109,0.000000,0.001251,-0.002228,57.362778,1.000000;;
        }

        Frame _23___hand1l {
         

         FrameTransformMatrix {
          0.662260,-0.632904,-0.401052,0.000000,0.740271,0.635407,0.219673,0.000000,0.115800,-0.442368,0.889325,0.000000,-0.000183,0.002060,60.931910,1.000000;;
         }

         Frame _25___hand2l {
          

          FrameTransformMatrix {
           0.975326,-0.000785,0.220765,0.000000,0.000805,1.000000,0.000001,0.000000,-0.220765,0.000177,0.975327,0.000000,2.005829,0.006733,18.800342,1.000000;;
          }

          Frame _25___hand2l_end {
           

           FrameTransformMatrix {
            1.000000,0.000000,0.000000,0.000000,0.000000,1.000000,-0.000000,0.000000,0.000000,-0.000000,1.000000,0.000000,0.000000,0.000008,1.000027,1.000000;;
           }
          }
         }
        }
       }
      }
     }

     Frame _11___clavicler {
      

      FrameTransformMatrix {
       -0.416466,-0.858498,0.299231,0.000000,-0.502919,-0.056647,-0.862477,0.000000,0.757384,-0.509680,-0.408162,0.000000,-31.452781,-16.596286,-15.626954,1.000000;;
      }

      Frame _16___arm1r {
       

       FrameTransformMatrix {
        0.525567,0.580059,-0.622344,0.000000,-0.844775,0.442392,-0.301076,0.000000,0.100678,0.683975,0.722525,0.000000,-0.001652,-0.001144,50.674371,1.000000;;
       }

       Frame _21___arm2r {
        

        FrameTransformMatrix {
         0.794751,-0.000000,0.606936,0.000000,0.000000,1.000000,0.000000,0.000000,-0.606936,-0.000000,0.794750,0.000000,-0.000031,-0.001808,57.363360,1.000000;;
        }

        Frame _24___hand1r {
         

         FrameTransformMatrix {
          0.670508,0.650975,-0.355876,0.000000,-0.715923,0.693554,-0.080214,0.000000,0.194602,0.308565,0.931083,0.000000,0.000412,0.000847,60.926458,1.000000;;
         }

         Frame _26___hand2r {
          

          FrameTransformMatrix {
           0.960419,0.000764,-0.278565,0.000000,-0.000796,1.000000,-0.000001,0.000000,0.278565,0.000222,0.960420,0.000000,2.007019,-0.007000,18.800717,1.000000;;
          }

          Frame _26___hand2r_end {
           

           FrameTransformMatrix {
            1.000000,0.000000,0.000000,0.000000,0.000000,1.000000,-0.000000,0.000000,-0.000000,0.000000,1.000000,0.000000,-0.000015,-0.000008,1.000011,1.000000;;
           }
          }
         }
        }
       }
      }
     }

     Frame _12___neck2 {
      

      FrameTransformMatrix {
       0.810433,0.000162,0.585831,0.000000,-0.121917,0.978152,0.168388,0.000000,-0.573004,-0.207890,0.792747,0.000000,-0.016685,0.000008,26.390930,1.000000;;
      }

      Frame _17___head {
       

       FrameTransformMatrix {
        0.692356,-0.185584,0.697282,0.000000,-0.074438,0.942832,0.324850,0.000000,-0.717707,-0.276817,0.638961,0.000000,0.000229,0.001198,25.878387,1.000000;;
       }

       Frame _22___head2 {
        

        FrameTransformMatrix {
         0.035962,0.000016,-0.999381,0.000000,0.000012,1.000000,0.000017,0.000000,0.999381,-0.000012,0.035962,0.000000,22.451202,0.000198,-18.317330,1.000000;;
        }

        Frame _22___head2_end {
         

         FrameTransformMatrix {
          1.000000,0.000000,0.000000,0.000000,0.000000,1.000000,-0.000000,0.000000,0.000000,-0.000000,1.000000,0.000000,-0.000031,-0.000015,0.999970,1.000000;;
         }
        }
       }
      }
     }
    }
   }

   Frame _4___leg1l {
    

    FrameTransformMatrix {
     0.970628,-0.238143,0.034191,0.000000,-0.189463,-0.844206,-0.501416,0.000000,0.148273,0.480210,-0.864529,0.000000,-0.000679,34.857373,0.001316,1.000000;;
    }

    Frame _8___leg2l {
     

     FrameTransformMatrix {
      0.050176,0.000000,0.998741,0.000000,0.000000,1.000000,-0.000000,0.000000,-0.998741,0.000000,0.050176,0.000000,-0.000275,0.000134,58.027328,1.000000;;
     }

     Frame _13___foot1l {
      

      FrameTransformMatrix {
       0.970222,-0.242180,0.004423,0.000000,0.232092,0.924273,-0.303072,0.000000,0.069309,0.295073,0.952958,0.000000,-0.000477,0.002697,55.123264,1.000000;;
      }

      Frame _18___foot2l {
       

       FrameTransformMatrix {
        -0.000042,-0.000002,-1.000042,0.000000,-0.083058,0.996545,0.000002,0.000000,0.996586,0.083061,-0.000042,0.000000,14.380862,-0.000397,7.796300,1.000000;;
       }

       Frame _18___foot2l_end {
        

        FrameTransformMatrix {
         1.000000,0.000000,-0.000000,0.000000,0.000000,1.000000,0.000000,0.000000,0.000000,0.000000,1.000000,0.000000,-0.000000,-0.000004,1.000000,1.000000;;
        }
       }
      }
     }
    }
   }

   Frame _5___leg1r {
    

    FrameTransformMatrix {
     0.995146,0.093796,-0.029807,0.000000,0.097608,-0.979377,0.176894,0.000000,-0.012600,-0.178945,-0.983778,0.000000,0.000671,-34.857491,-0.001274,1.000000;;
    }

    Frame _9___leg2r {
     

     FrameTransformMatrix {
      -0.290935,0.000000,0.956742,0.000000,-0.000000,1.000000,-0.000000,0.000000,-0.956742,-0.000000,-0.290935,0.000000,0.000629,0.000225,58.025549,1.000000;;
     }

     Frame _14___foot1r {
      

      FrameTransformMatrix {
       0.832791,0.000900,-0.553586,0.000000,0.096499,0.984453,0.146768,0.000000,0.545111,-0.175648,0.819757,0.000000,0.000567,-0.002636,55.122995,1.000000;;
      }

      Frame _19___foot2r {
       

       FrameTransformMatrix {
        -0.000011,-0.000000,-1.000011,0.000000,-0.055348,0.998467,0.000000,0.000000,0.998479,0.055348,-0.000011,0.000000,14.380947,0.000355,7.796200,1.000000;;
       }

       Frame _19___foot2r_end {
        

        FrameTransformMatrix {
         1.000000,0.000000,0.000000,0.000000,-0.000000,1.000000,-0.000000,0.000000,0.000000,-0.000000,1.000000,0.000000,0.000000,0.000000,0.999998,1.000000;;
        }
       }
      }
     }
    }
   }

   Frame _6___tail1 {
    

    FrameTransformMatrix {
     0.794298,0.000015,0.607523,0.000000,0.000012,1.000000,-0.000041,0.000000,-0.607523,0.000040,0.794297,0.000000,-19.609757,0.000256,8.999168,1.000000;;
    }

    Frame _6___tail1_end {
     

     FrameTransformMatrix {
      1.000000,0.000000,0.000000,0.000000,-0.000000,1.000000,-0.000000,0.000000,-0.000000,0.000000,1.000000,0.000000,0.000000,0.000000,1.000002,1.000000;;
     }
    }
   }
  }

  Frame _2__-footsteps {
   

   FrameTransformMatrix {
    -0.283169,0.917574,-0.279056,0.000000,-0.032929,0.281492,0.958998,0.000000,0.958504,0.280748,-0.049495,0.000000,4.357404,-37.267011,-126.979098,1.000000;;
   }

   Frame _2__-footsteps_end {
    

    FrameTransformMatrix {
     1.000000,0.000000,0.000000,0.000000,0.000000,1.000000,0.000000,0.000000,-0.000000,0.000000,1.000000,0.000000,-0.000001,0.000000,1.000000,1.000000;;
    }
   }
  }
 }
}

AnimTicksPerSecond  {
 4800;
}

AnimationSet Dummy {
 

 Animation {
  
  { ARM_bear_framework }

  AnimationKey  {
   4;
   2;
   0;16;-0.003937,0.000000,-0.000000,0.000000,-0.000000,-0.000000,0.003937,0.000000,-0.000000,0.003937,0.000000,0.000000,0.000000,0.000000,0.000000,1.000000;;,
   51200;16;-0.003937,0.000000,-0.000000,0.000000,-0.000000,-0.000000,0.003937,0.000000,-0.000000,0.003937,0.000000,0.000000,0.000000,0.000000,0.000000,1.000000;;;
  }
 }

 Animation {
  
  { _0__-com }

  AnimationKey  {
   4;
   321;
   0;16;0.958508,-0.283158,-0.032937,0.000000,0.280740,0.917575,0.281498,0.000000,-0.049486,-0.279064,0.958997,0.000000,-4.544900,14.073101,132.406797,1.000000;;,
   160;16;0.958508,-0.283158,-0.032937,0.000000,0.280741,0.917586,0.281460,0.000000,-0.049475,-0.279029,0.959007,0.000000,-4.543425,14.070498,132.388275,1.000000;;,
   320;16;0.958508,-0.283158,-0.032937,0.000000,0.280743,0.917597,0.281423,0.000000,-0.049464,-0.278993,0.959018,0.000000,-4.541948,14.067893,132.369766,1.000000;;,
   480;16;0.958508,-0.283159,-0.032937,0.000000,0.280745,0.917608,0.281385,0.000000,-0.049453,-0.278957,0.959030,0.000000,-4.540472,14.065286,132.351245,1.000000;;,
   640;16;0.958508,-0.283159,-0.032937,0.000000,0.280747,0.917619,0.281348,0.000000,-0.049442,-0.278921,0.959041,0.000000,-4.538995,14.062682,132.332723,1.000000;;,
   800;16;0.958508,-0.283159,-0.032937,0.000000,0.280749,0.917630,0.281310,0.000000,-0.049431,-0.278885,0.959052,0.000000,-4.537519,14.060078,132.314189,1.000000;;,
   960;16;0.958507,-0.283159,-0.032937,0.000000,0.280751,0.917641,0.281273,0.000000,-0.049420,-0.278849,0.959063,0.000000,-4.536044,14.057472,132.295680,1.000000;;,
   1120;16;0.958507,-0.283159,-0.032937,0.000000,0.280753,0.917651,0.281235,0.000000,-0.049409,-0.278813,0.959073,0.000000,-4.534566,14.054867,132.277146,1.000000;;,
   1280;16;0.958508,-0.283159,-0.032937,0.000000,0.280755,0.917663,0.281198,0.000000,-0.049398,-0.278777,0.959085,0.000000,-4.532011,14.052264,132.258637,1.000000;;,
   1440;16;0.958508,-0.283159,-0.032937,0.000000,0.280757,0.917674,0.281160,0.000000,-0.049387,-0.278742,0.959096,0.000000,-4.528377,14.049656,132.240077,1.000000;;,
   1600;16;0.958508,-0.283159,-0.032937,0.000000,0.280759,0.917684,0.281123,0.000000,-0.049376,-0.278706,0.959106,0.000000,-4.524742,14.047051,132.221555,1.000000;;,
   1760;16;0.958508,-0.283159,-0.032937,0.000000,0.280761,0.917695,0.281085,0.000000,-0.049365,-0.278670,0.959118,0.000000,-4.521108,14.044448,132.203046,1.000000;;,
   1920;16;0.958507,-0.283159,-0.032937,0.000000,0.280763,0.917706,0.281048,0.000000,-0.049354,-0.278634,0.959128,0.000000,-4.516883,14.041842,132.184512,1.000000;;,
   2080;16;0.958508,-0.283159,-0.032937,0.000000,0.280765,0.917717,0.281010,0.000000,-0.049343,-0.278598,0.959140,0.000000,-4.512463,14.038066,132.166003,1.000000;;,
   2240;16;0.958508,-0.283159,-0.032937,0.000000,0.280767,0.917728,0.280973,0.000000,-0.049332,-0.278562,0.959151,0.000000,-4.507986,14.033114,132.147456,1.000000;;,
   2400;16;0.958508,-0.283159,-0.032937,0.000000,0.280769,0.917739,0.280935,0.000000,-0.049321,-0.278526,0.959162,0.000000,-4.503342,14.028170,132.128973,1.000000;;,
   2560;16;0.958508,-0.283159,-0.032937,0.000000,0.280771,0.917750,0.280898,0.000000,-0.049310,-0.278490,0.959172,0.000000,-4.498697,14.023218,132.110426,1.000000;;,
   2720;16;0.958508,-0.283159,-0.032937,0.000000,0.280773,0.917761,0.280860,0.000000,-0.049299,-0.278454,0.959183,0.000000,-4.494137,14.018267,132.087155,1.000000;;,
   2880;16;0.958508,-0.283159,-0.032937,0.000000,0.280776,0.917778,0.280801,0.000000,-0.049282,-0.278398,0.959201,0.000000,-4.489604,14.013320,132.062336,1.000000;;,
   3040;16;0.958507,-0.283159,-0.032937,0.000000,0.280780,0.917801,0.280721,0.000000,-0.049259,-0.278321,0.959224,0.000000,-4.485163,14.008589,132.037491,1.000000;;,
   3200;16;0.958508,-0.283159,-0.032937,0.000000,0.280784,0.917824,0.280641,0.000000,-0.049235,-0.278245,0.959248,0.000000,-4.480994,14.004518,132.012659,1.000000;;,
   3360;16;0.958508,-0.283159,-0.032937,0.000000,0.280788,0.917847,0.280561,0.000000,-0.049212,-0.278168,0.959271,0.000000,-4.476824,14.000448,131.987827,1.000000;;,
   3520;16;0.958508,-0.283159,-0.032937,0.000000,0.280792,0.917871,0.280481,0.000000,-0.049188,-0.278091,0.959295,0.000000,-4.473033,13.996378,131.962995,1.000000;;,
   3680;16;0.958508,-0.283159,-0.032937,0.000000,0.280796,0.917894,0.280400,0.000000,-0.049165,-0.278014,0.959318,0.000000,-4.469369,13.992307,131.938150,1.000000;;,
   3840;16;0.958508,-0.283159,-0.032937,0.000000,0.280801,0.917917,0.280320,0.000000,-0.049141,-0.277938,0.959341,0.000000,-4.465751,13.988238,131.913318,1.000000;;,
   4000;16;0.958507,-0.283159,-0.032937,0.000000,0.280805,0.917940,0.280240,0.000000,-0.049118,-0.277861,0.959365,0.000000,-4.462271,13.984166,131.888486,1.000000;;,
   4160;16;0.958507,-0.283159,-0.032937,0.000000,0.280811,0.917974,0.280125,0.000000,-0.049084,-0.277751,0.959399,0.000000,-4.458792,13.980098,131.863680,1.000000;;,
   4320;16;0.958507,-0.283159,-0.032937,0.000000,0.280816,0.918007,0.280009,0.000000,-0.049050,-0.277640,0.959432,0.000000,-4.455314,13.976270,131.838822,1.000000;;,
   4480;16;0.958508,-0.283159,-0.032937,0.000000,0.280822,0.918041,0.279894,0.000000,-0.049016,-0.277530,0.959466,0.000000,-4.451834,13.972523,131.815475,1.000000;;,
   4640;16;0.958508,-0.283159,-0.032937,0.000000,0.280828,0.918074,0.279778,0.000000,-0.048983,-0.277419,0.959500,0.000000,-4.448355,13.968779,131.793600,1.000000;;,
   4800;16;0.958507,-0.283159,-0.032937,0.000000,0.280834,0.918107,0.279663,0.000000,-0.048949,-0.277309,0.959533,0.000000,-4.444875,13.965034,131.771712,1.000000;;,
   4960;16;0.958507,-0.283159,-0.032937,0.000000,0.280842,0.918151,0.279512,0.000000,-0.048905,-0.277165,0.959577,0.000000,-4.441397,13.961288,131.749811,1.000000;;,
   5120;16;0.958507,-0.283159,-0.032937,0.000000,0.280850,0.918194,0.279362,0.000000,-0.048861,-0.277021,0.959621,0.000000,-4.437968,13.957541,131.727936,1.000000;;,
   5280;16;0.958508,-0.283159,-0.032937,0.000000,0.280857,0.918238,0.279212,0.000000,-0.048817,-0.276877,0.959665,0.000000,-4.434556,13.953797,131.706035,1.000000;;,
   5440;16;0.958508,-0.283159,-0.032937,0.000000,0.280865,0.918281,0.279062,0.000000,-0.048773,-0.276734,0.959708,0.000000,-4.431144,13.950058,131.684160,1.000000;;,
   5600;16;0.958507,-0.283159,-0.032937,0.000000,0.280873,0.918324,0.278911,0.000000,-0.048729,-0.276590,0.959752,0.000000,-4.427732,13.946339,131.662272,1.000000;;,
   5760;16;0.958507,-0.283159,-0.032937,0.000000,0.280881,0.918372,0.278746,0.000000,-0.048681,-0.276431,0.959800,0.000000,-4.424291,13.942624,131.640410,1.000000;;,
   5920;16;0.958507,-0.283159,-0.032937,0.000000,0.280889,0.918420,0.278580,0.000000,-0.048632,-0.276273,0.959848,0.000000,-4.420849,13.938909,131.618509,1.000000;;,
   6080;16;0.958507,-0.283159,-0.032937,0.000000,0.280898,0.918467,0.278415,0.000000,-0.048584,-0.276114,0.959896,0.000000,-4.417408,13.935190,131.596634,1.000000;;,
   6240;16;0.958508,-0.283159,-0.032937,0.000000,0.280906,0.918516,0.278246,0.000000,-0.048534,-0.275953,0.959945,0.000000,-4.413970,13.931474,131.574758,1.000000;;,
   6400;16;0.958508,-0.283159,-0.032937,0.000000,0.280915,0.918567,0.278067,0.000000,-0.048482,-0.275782,0.959997,0.000000,-4.410546,13.927757,131.552858,1.000000;;,
   6560;16;0.958507,-0.283159,-0.032937,0.000000,0.280924,0.918618,0.277888,0.000000,-0.048430,-0.275611,0.960049,0.000000,-4.407124,13.924038,131.532275,1.000000;;,
   6720;16;0.958507,-0.283159,-0.032937,0.000000,0.280933,0.918670,0.277710,0.000000,-0.048377,-0.275440,0.960100,0.000000,-4.403702,13.920440,131.511654,1.000000;;,
   6880;16;0.958508,-0.283159,-0.032937,0.000000,0.280943,0.918722,0.277527,0.000000,-0.048324,-0.275265,0.960153,0.000000,-4.400320,13.916880,131.491046,1.000000;;,
   7040;16;0.958507,-0.283159,-0.032937,0.000000,0.280952,0.918776,0.277339,0.000000,-0.048269,-0.275085,0.960208,0.000000,-4.396982,13.913315,131.470490,1.000000;;,
   7200;16;0.958508,-0.283159,-0.032937,0.000000,0.280962,0.918830,0.277151,0.000000,-0.048214,-0.274905,0.960262,0.000000,-4.393642,13.909757,131.449869,1.000000;;,
   7360;16;0.958507,-0.283159,-0.032937,0.000000,0.280971,0.918883,0.276963,0.000000,-0.048159,-0.274725,0.960316,0.000000,-4.390303,13.906197,131.429274,1.000000;;,
   7520;16;0.958507,-0.283159,-0.032937,0.000000,0.280981,0.918938,0.276773,0.000000,-0.048103,-0.274543,0.960371,0.000000,-4.387064,13.902637,131.408691,1.000000;;,
   7680;16;0.958507,-0.283159,-0.032938,0.000000,0.280990,0.918993,0.276582,0.000000,-0.048047,-0.274361,0.960426,0.000000,-4.383858,13.899077,131.388058,1.000000;;,
   7840;16;0.958507,-0.283159,-0.032938,0.000000,0.281000,0.919047,0.276391,0.000000,-0.047991,-0.274178,0.960481,0.000000,-4.380652,13.895515,131.367488,1.000000;;,
   8000;16;0.958507,-0.283159,-0.032938,0.000000,0.281009,0.919102,0.276199,0.000000,-0.047936,-0.273995,0.960536,0.000000,-4.377446,13.891955,131.346880,1.000000;;,
   8160;16;0.958507,-0.283159,-0.032938,0.000000,0.281019,0.919155,0.276011,0.000000,-0.047880,-0.273814,0.960590,0.000000,-4.374384,13.888899,131.326298,1.000000;;,
   8320;16;0.958507,-0.283159,-0.032938,0.000000,0.281028,0.919209,0.275822,0.000000,-0.047825,-0.273633,0.960644,0.000000,-4.371322,13.885845,131.305690,1.000000;;,
   8480;16;0.958507,-0.283159,-0.032938,0.000000,0.281038,0.919263,0.275633,0.000000,-0.047770,-0.273453,0.960699,0.000000,-4.368260,13.882790,131.285094,1.000000;;,
   8640;16;0.958507,-0.283159,-0.032938,0.000000,0.281047,0.919316,0.275446,0.000000,-0.047715,-0.273274,0.960752,0.000000,-4.365441,13.879734,131.262784,1.000000;;,
   8800;16;0.958507,-0.283159,-0.032938,0.000000,0.281056,0.919367,0.275268,0.000000,-0.047663,-0.273103,0.960803,0.000000,-4.363354,13.876677,131.235238,1.000000;;,
   8960;16;0.958507,-0.283159,-0.032938,0.000000,0.281065,0.919417,0.275089,0.000000,-0.047611,-0.272932,0.960854,0.000000,-4.361268,13.873622,131.207706,1.000000;;,
   9120;16;0.958507,-0.283159,-0.032938,0.000000,0.281073,0.919468,0.274911,0.000000,-0.047558,-0.272762,0.960905,0.000000,-4.359180,13.870565,131.180211,1.000000;;,
   9280;16;0.958507,-0.283159,-0.032938,0.000000,0.281083,0.919525,0.274711,0.000000,-0.047500,-0.272570,0.960963,0.000000,-4.357093,13.867512,131.152704,1.000000;;,
   9440;16;0.958507,-0.283160,-0.032938,0.000000,0.281094,0.919588,0.274489,0.000000,-0.047435,-0.272358,0.961026,0.000000,-4.354042,13.864456,131.125184,1.000000;;,
   9600;16;0.958507,-0.283159,-0.032938,0.000000,0.281105,0.919651,0.274267,0.000000,-0.047370,-0.272145,0.961090,0.000000,-4.348100,13.861400,131.097638,1.000000;;,
   9760;16;0.958507,-0.283159,-0.032938,0.000000,0.281116,0.919714,0.274045,0.000000,-0.047305,-0.271933,0.961153,0.000000,-4.342157,13.853387,131.070144,1.000000;;,
   9920;16;0.958507,-0.283159,-0.032938,0.000000,0.281128,0.919783,0.273800,0.000000,-0.047234,-0.271698,0.961223,0.000000,-4.335114,13.845373,131.042598,1.000000;;,
   10080;16;0.958507,-0.283160,-0.032938,0.000000,0.281141,0.919855,0.273547,0.000000,-0.047160,-0.271456,0.961295,0.000000,-4.327412,13.837362,131.015117,1.000000;;,
   10240;16;0.958507,-0.283160,-0.032938,0.000000,0.281153,0.919927,0.273291,0.000000,-0.047085,-0.271212,0.961367,0.000000,-4.319272,13.828886,130.980326,1.000000;;,
   10400;16;0.958507,-0.283160,-0.032938,0.000000,0.281166,0.920001,0.273029,0.000000,-0.047008,-0.270961,0.961442,0.000000,-4.310700,13.819026,130.923738,1.000000;;,
   10560;16;0.958507,-0.283160,-0.032938,0.000000,0.281179,0.920075,0.272766,0.000000,-0.046931,-0.270709,0.961516,0.000000,-4.301573,13.809163,130.867123,1.000000;;,
   10720;16;0.958507,-0.283160,-0.032938,0.000000,0.281192,0.920151,0.272495,0.000000,-0.046852,-0.270450,0.961593,0.000000,-4.292049,13.799306,130.810522,1.000000;;,
   10880;16;0.958507,-0.283160,-0.032938,0.000000,0.281206,0.920228,0.272222,0.000000,-0.046772,-0.270189,0.961671,0.000000,-4.282149,13.788771,130.753920,1.000000;;,
   11040;16;0.958507,-0.283160,-0.032938,0.000000,0.281219,0.920305,0.271946,0.000000,-0.046692,-0.269925,0.961749,0.000000,-4.271896,13.777560,130.694810,1.000000;;,
   11200;16;0.958507,-0.283160,-0.032938,0.000000,0.281233,0.920385,0.271662,0.000000,-0.046608,-0.269653,0.961829,0.000000,-4.261310,13.766354,130.628032,1.000000;;,
   11360;16;0.958507,-0.283160,-0.032938,0.000000,0.281247,0.920464,0.271378,0.000000,-0.046525,-0.269381,0.961909,0.000000,-4.250342,13.754322,130.561254,1.000000;;,
   11520;16;0.958507,-0.283160,-0.032938,0.000000,0.281261,0.920546,0.271085,0.000000,-0.046440,-0.269101,0.961992,0.000000,-4.239133,13.742285,130.494477,1.000000;;,
   11680;16;0.958507,-0.283160,-0.032938,0.000000,0.281275,0.920629,0.270790,0.000000,-0.046353,-0.268818,0.962075,0.000000,-4.227718,13.729978,130.427725,1.000000;;,
   11840;16;0.958507,-0.283160,-0.032938,0.000000,0.281289,0.920712,0.270491,0.000000,-0.046266,-0.268533,0.962159,0.000000,-4.216131,13.717397,130.359910,1.000000;;,
   12000;16;0.958507,-0.283160,-0.032938,0.000000,0.281304,0.920797,0.270185,0.000000,-0.046177,-0.268240,0.962245,0.000000,-4.204408,13.704819,130.288870,1.000000;;,
   12160;16;0.958507,-0.283160,-0.032938,0.000000,0.281319,0.920883,0.269879,0.000000,-0.046087,-0.267947,0.962331,0.000000,-4.192574,13.692000,130.217882,1.000000;;,
   12320;16;0.958507,-0.283160,-0.032938,0.000000,0.281334,0.920970,0.269566,0.000000,-0.045996,-0.267648,0.962418,0.000000,-4.180708,13.679178,130.146893,1.000000;;,
   12480;16;0.958507,-0.283160,-0.032938,0.000000,0.281349,0.921058,0.269251,0.000000,-0.045903,-0.267346,0.962507,0.000000,-4.168840,13.666378,130.076019,1.000000;;,
   12640;16;0.958507,-0.283160,-0.032938,0.000000,0.281364,0.921146,0.268933,0.000000,-0.045811,-0.267042,0.962596,0.000000,-4.157002,13.653595,130.005338,1.000000;;,
   12800;16;0.958507,-0.283160,-0.032938,0.000000,0.281379,0.921235,0.268609,0.000000,-0.045716,-0.266732,0.962686,0.000000,-4.145222,13.640814,129.934605,1.000000;;,
   12960;16;0.958507,-0.283160,-0.032938,0.000000,0.281395,0.921325,0.268286,0.000000,-0.045622,-0.266422,0.962776,0.000000,-4.133571,13.628310,129.863910,1.000000;;,
   13120;16;0.958507,-0.283160,-0.032938,0.000000,0.281410,0.921416,0.267957,0.000000,-0.045525,-0.266108,0.962868,0.000000,-4.122048,13.615803,129.795955,1.000000;;,
   13280;16;0.958507,-0.283160,-0.032938,0.000000,0.281426,0.921507,0.267627,0.000000,-0.045429,-0.265792,0.962960,0.000000,-4.110673,13.603517,129.728896,1.000000;;,
   13440;16;0.958507,-0.283160,-0.032938,0.000000,0.281442,0.921599,0.267296,0.000000,-0.045332,-0.265475,0.963052,0.000000,-4.099459,13.591456,129.661901,1.000000;;,
   13600;16;0.958507,-0.283160,-0.032938,0.000000,0.281457,0.921691,0.266961,0.000000,-0.045234,-0.265154,0.963145,0.000000,-4.088425,13.579395,129.594867,1.000000;;,
   13760;16;0.958507,-0.283160,-0.032938,0.000000,0.281473,0.921783,0.266625,0.000000,-0.045136,-0.264833,0.963237,0.000000,-4.077649,13.567893,129.527834,1.000000;;,
   13920;16;0.958507,-0.283160,-0.032938,0.000000,0.281489,0.921876,0.266287,0.000000,-0.045037,-0.264509,0.963331,0.000000,-4.067082,13.556389,129.464269,1.000000;;,
   14080;16;0.958507,-0.283160,-0.032938,0.000000,0.281505,0.921969,0.265948,0.000000,-0.044938,-0.264185,0.963425,0.000000,-4.056660,13.545051,129.401779,1.000000;;,
   14240;16;0.958507,-0.283160,-0.032938,0.000000,0.281521,0.922063,0.265607,0.000000,-0.044839,-0.263858,0.963519,0.000000,-4.046320,13.533872,129.339341,1.000000;;,
   14400;16;0.958507,-0.283160,-0.032938,0.000000,0.281537,0.922157,0.265261,0.000000,-0.044738,-0.263528,0.963614,0.000000,-4.035995,13.522698,129.276902,1.000000;;,
   14560;16;0.958507,-0.283160,-0.032938,0.000000,0.281553,0.922252,0.264915,0.000000,-0.044637,-0.263197,0.963709,0.000000,-4.025694,13.511570,129.214464,1.000000;;,
   14720;16;0.958507,-0.283160,-0.032938,0.000000,0.281569,0.922348,0.264563,0.000000,-0.044534,-0.262859,0.963806,0.000000,-4.015408,13.500440,129.152525,1.000000;;,
   14880;16;0.958507,-0.283160,-0.032938,0.000000,0.281586,0.922445,0.264208,0.000000,-0.044430,-0.262520,0.963903,0.000000,-4.005140,13.489334,129.090765,1.000000;;,
   15040;16;0.958507,-0.283160,-0.032938,0.000000,0.281602,0.922542,0.263850,0.000000,-0.044325,-0.262177,0.964001,0.000000,-3.994885,13.478250,129.029005,1.000000;;,
   15200;16;0.958507,-0.283160,-0.032938,0.000000,0.281619,0.922642,0.263483,0.000000,-0.044218,-0.261826,0.964102,0.000000,-3.984643,13.467165,128.967258,1.000000;;,
   15360;16;0.958507,-0.283160,-0.032938,0.000000,0.281636,0.922741,0.263116,0.000000,-0.044111,-0.261475,0.964202,0.000000,-3.974416,13.456109,128.905485,1.000000;;,
   15520;16;0.958507,-0.283160,-0.032938,0.000000,0.281653,0.922844,0.262739,0.000000,-0.044001,-0.261114,0.964305,0.000000,-3.964194,13.445054,128.843891,1.000000;;,
   15680;16;0.958507,-0.283160,-0.032938,0.000000,0.281670,0.922947,0.262358,0.000000,-0.043889,-0.260749,0.964409,0.000000,-3.953978,13.434002,128.782336,1.000000;;,
   15840;16;0.958507,-0.283160,-0.032938,0.000000,0.281688,0.923051,0.261973,0.000000,-0.043777,-0.260381,0.964513,0.000000,-3.943762,13.422955,128.720781,1.000000;;,
   16000;16;0.958507,-0.283160,-0.032938,0.000000,0.281706,0.923157,0.261578,0.000000,-0.043662,-0.260003,0.964620,0.000000,-3.933544,13.411906,128.659213,1.000000;;,
   16160;16;0.958507,-0.283160,-0.032938,0.000000,0.281724,0.923264,0.261183,0.000000,-0.043546,-0.259625,0.964728,0.000000,-3.923319,13.400845,128.597658,1.000000;;,
   16320;16;0.958507,-0.283160,-0.032938,0.000000,0.281742,0.923372,0.260779,0.000000,-0.043428,-0.259238,0.964836,0.000000,-3.913084,13.389779,128.535923,1.000000;;,
   16480;16;0.958507,-0.283160,-0.032938,0.000000,0.281760,0.923482,0.260372,0.000000,-0.043310,-0.258849,0.964947,0.000000,-3.902841,13.378698,128.474086,1.000000;;,
   16640;16;0.958507,-0.283160,-0.032938,0.000000,0.281779,0.923591,0.259962,0.000000,-0.043190,-0.258457,0.965057,0.000000,-3.892584,13.367602,128.412275,1.000000;;,
   16800;16;0.958507,-0.283160,-0.032938,0.000000,0.281797,0.923702,0.259546,0.000000,-0.043069,-0.258059,0.965169,0.000000,-3.882314,13.356506,128.350464,1.000000;;,
   16960;16;0.958507,-0.283160,-0.032938,0.000000,0.281816,0.923814,0.259130,0.000000,-0.042947,-0.257660,0.965281,0.000000,-3.872025,13.345370,128.288653,1.000000;;,
   17120;16;0.958507,-0.283160,-0.032938,0.000000,0.281834,0.923926,0.258710,0.000000,-0.042824,-0.257259,0.965393,0.000000,-3.861722,13.334232,128.226650,1.000000;;,
   17280;16;0.958507,-0.283160,-0.032938,0.000000,0.281853,0.924038,0.258288,0.000000,-0.042701,-0.256854,0.965507,0.000000,-3.851413,13.323091,128.164570,1.000000;;,
   17440;16;0.958507,-0.283160,-0.032938,0.000000,0.281872,0.924151,0.257863,0.000000,-0.042577,-0.256447,0.965620,0.000000,-3.841104,13.311945,128.102502,1.000000;;,
   17600;16;0.958507,-0.283160,-0.032938,0.000000,0.281891,0.924265,0.257434,0.000000,-0.042452,-0.256037,0.965734,0.000000,-3.830803,13.300799,128.040435,1.000000;;,
   17760;16;0.958507,-0.283160,-0.032938,0.000000,0.281910,0.924379,0.257002,0.000000,-0.042326,-0.255623,0.965850,0.000000,-3.820510,13.289674,127.978368,1.000000;;,
   17920;16;0.958507,-0.283160,-0.032938,0.000000,0.281929,0.924494,0.256566,0.000000,-0.042198,-0.255206,0.965965,0.000000,-3.810222,13.278543,127.916390,1.000000;;,
   18080;16;0.958507,-0.283160,-0.032938,0.000000,0.281948,0.924611,0.256127,0.000000,-0.042070,-0.254786,0.966082,0.000000,-3.799938,13.267422,127.854438,1.000000;;,
   18240;16;0.958507,-0.283160,-0.032938,0.000000,0.281967,0.924727,0.255685,0.000000,-0.041941,-0.254363,0.966199,0.000000,-3.789656,13.256304,127.792499,1.000000;;,
   18400;16;0.958507,-0.283160,-0.032938,0.000000,0.281987,0.924844,0.255239,0.000000,-0.041811,-0.253936,0.966317,0.000000,-3.779374,13.245185,127.730547,1.000000;;,
   18560;16;0.958507,-0.283160,-0.032938,0.000000,0.282006,0.924963,0.254789,0.000000,-0.041680,-0.253505,0.966436,0.000000,-3.769091,13.234062,127.668621,1.000000;;,
   18720;16;0.958507,-0.283160,-0.032938,0.000000,0.282026,0.925081,0.254335,0.000000,-0.041547,-0.253071,0.966555,0.000000,-3.758804,13.222938,127.606579,1.000000;;,
   18880;16;0.958507,-0.283160,-0.032938,0.000000,0.282045,0.925201,0.253877,0.000000,-0.041414,-0.252633,0.966676,0.000000,-3.748513,13.211806,127.544474,1.000000;;,
   19040;16;0.958507,-0.283160,-0.032938,0.000000,0.282065,0.925321,0.253416,0.000000,-0.041279,-0.252192,0.966796,0.000000,-3.738212,13.200662,127.482394,1.000000;;,
   19200;16;0.958507,-0.283160,-0.032938,0.000000,0.282085,0.925442,0.252952,0.000000,-0.041144,-0.251747,0.966918,0.000000,-3.727902,13.189521,127.420326,1.000000;;,
   19360;16;0.958507,-0.283160,-0.032938,0.000000,0.282105,0.925565,0.252483,0.000000,-0.041007,-0.251298,0.967041,0.000000,-3.717575,13.178343,127.358259,1.000000;;,
   19520;16;0.958507,-0.283160,-0.032938,0.000000,0.282125,0.925687,0.252010,0.000000,-0.040869,-0.250846,0.967164,0.000000,-3.707232,13.167162,127.295795,1.000000;;,
   19680;16;0.958507,-0.283161,-0.032938,0.000000,0.282145,0.925811,0.251534,0.000000,-0.040730,-0.250390,0.967288,0.000000,-3.696870,13.155955,127.233165,1.000000;;,
   19840;16;0.958507,-0.283160,-0.032938,0.000000,0.282165,0.925935,0.251054,0.000000,-0.040590,-0.249931,0.967413,0.000000,-3.686488,13.144716,127.170573,1.000000;;,
   20000;16;0.958507,-0.283161,-0.032938,0.000000,0.282185,0.926059,0.250571,0.000000,-0.040449,-0.249468,0.967538,0.000000,-3.676081,13.133482,127.107968,1.000000;;,
   20160;16;0.958507,-0.283161,-0.032938,0.000000,0.282206,0.926185,0.250084,0.000000,-0.040307,-0.249002,0.967664,0.000000,-3.665639,13.122170,127.045350,1.000000;;,
   20320;16;0.958507,-0.283161,-0.032938,0.000000,0.282226,0.926311,0.249593,0.000000,-0.040164,-0.248533,0.967790,0.000000,-3.655166,13.110853,126.982016,1.000000;;,
   20480;16;0.958507,-0.283161,-0.032938,0.000000,0.282247,0.926438,0.249100,0.000000,-0.040020,-0.248061,0.967918,0.000000,-3.644661,13.099491,126.918438,1.000000;;,
   20640;16;0.958507,-0.283161,-0.032938,0.000000,0.282267,0.926564,0.248604,0.000000,-0.039876,-0.247586,0.968045,0.000000,-3.634120,13.088078,126.854861,1.000000;;,
   20800;16;0.958507,-0.283161,-0.032938,0.000000,0.282288,0.926692,0.248105,0.000000,-0.039730,-0.247108,0.968173,0.000000,-3.623542,13.076666,126.791270,1.000000;;,
   20960;16;0.958507,-0.283161,-0.032938,0.000000,0.282308,0.926820,0.247603,0.000000,-0.039584,-0.246628,0.968302,0.000000,-3.612911,13.065122,126.727706,1.000000;;,
   21120;16;0.958507,-0.283161,-0.032938,0.000000,0.282330,0.926955,0.247073,0.000000,-0.039429,-0.246121,0.968437,0.000000,-3.602213,13.053578,126.671642,1.000000;;,
   21280;16;0.958507,-0.283161,-0.032938,0.000000,0.282353,0.927096,0.246518,0.000000,-0.039268,-0.245589,0.968579,0.000000,-3.591384,13.041826,126.618061,1.000000;;,
   21440;16;0.958507,-0.283161,-0.032938,0.000000,0.282375,0.927237,0.245960,0.000000,-0.039105,-0.245055,0.968720,0.000000,-3.580384,13.029862,126.564518,1.000000;;,
   21600;16;0.958507,-0.283161,-0.032938,0.000000,0.282396,0.927367,0.245443,0.000000,-0.038954,-0.244560,0.968851,0.000000,-3.569200,13.017899,126.510963,1.000000;;,
   21760;16;0.958507,-0.283161,-0.032938,0.000000,0.282413,0.927476,0.245012,0.000000,-0.038829,-0.244148,0.968960,0.000000,-3.558199,13.006078,126.457408,1.000000;;,
   21920;16;0.958507,-0.283161,-0.032938,0.000000,0.282429,0.927573,0.244628,0.000000,-0.038717,-0.243780,0.969057,0.000000,-3.547310,12.994258,126.452006,1.000000;;,
   22080;16;0.958507,-0.283161,-0.032938,0.000000,0.282443,0.927666,0.244259,0.000000,-0.038609,-0.243427,0.969151,0.000000,-3.536085,12.981723,126.462656,1.000000;;,
   22240;16;0.958507,-0.283161,-0.032938,0.000000,0.282459,0.927764,0.243867,0.000000,-0.038495,-0.243052,0.969249,0.000000,-3.524164,12.968474,126.473280,1.000000;;,
   22400;16;0.958507,-0.283161,-0.032938,0.000000,0.282477,0.927879,0.243408,0.000000,-0.038361,-0.242613,0.969365,0.000000,-3.511275,12.955225,126.483968,1.000000;;,
   22560;16;0.958507,-0.283161,-0.032938,0.000000,0.282498,0.928011,0.242882,0.000000,-0.038208,-0.242109,0.969497,0.000000,-3.497507,12.940031,126.494592,1.000000;;,
   22720;16;0.958507,-0.283161,-0.032938,0.000000,0.282520,0.928148,0.242329,0.000000,-0.038047,-0.241579,0.969635,0.000000,-3.483328,12.924837,126.505229,1.000000;;,
   22880;16;0.958507,-0.283161,-0.032938,0.000000,0.282543,0.928293,0.241748,0.000000,-0.037877,-0.241023,0.969780,0.000000,-3.468722,12.909030,126.515891,1.000000;;,
   23040;16;0.958507,-0.283161,-0.032938,0.000000,0.282566,0.928444,0.241141,0.000000,-0.037701,-0.240442,0.969931,0.000000,-3.453686,12.892606,126.526528,1.000000;;,
   23200;16;0.958507,-0.283161,-0.032938,0.000000,0.282591,0.928600,0.240511,0.000000,-0.037517,-0.239839,0.970088,0.000000,-3.438231,12.876185,126.537152,1.000000;;,
   23360;16;0.958507,-0.283161,-0.032938,0.000000,0.282616,0.928760,0.239862,0.000000,-0.037328,-0.239218,0.970248,0.000000,-3.422325,12.858826,126.547827,1.000000;;,
   23520;16;0.958507,-0.283161,-0.032938,0.000000,0.282641,0.928920,0.239209,0.000000,-0.037138,-0.238593,0.970409,0.000000,-3.406211,12.841464,126.558451,1.000000;;,
   23680;16;0.958507,-0.283161,-0.032938,0.000000,0.282665,0.929080,0.238561,0.000000,-0.036949,-0.237972,0.970569,0.000000,-3.389985,12.824000,126.569101,1.000000;;,
   23840;16;0.958507,-0.283161,-0.032938,0.000000,0.282690,0.929236,0.237921,0.000000,-0.036763,-0.237360,0.970726,0.000000,-3.373733,12.806435,126.579750,1.000000;;,
   24000;16;0.958507,-0.283161,-0.032938,0.000000,0.282713,0.929389,0.237297,0.000000,-0.036581,-0.236763,0.970879,0.000000,-3.357534,12.788871,126.590413,1.000000;;,
   24160;16;0.958507,-0.283161,-0.032938,0.000000,0.282736,0.929535,0.236697,0.000000,-0.036406,-0.236189,0.971025,0.000000,-3.341507,12.771590,126.601050,1.000000;;,
   24320;16;0.958507,-0.283161,-0.032938,0.000000,0.282758,0.929677,0.236111,0.000000,-0.036236,-0.235627,0.971168,0.000000,-3.325556,12.754308,126.611699,1.000000;;,
   24480;16;0.958507,-0.283161,-0.032938,0.000000,0.282779,0.929817,0.235534,0.000000,-0.036068,-0.235075,0.971308,0.000000,-3.309621,12.737033,126.622336,1.000000;;,
   24640;16;0.958507,-0.283161,-0.032938,0.000000,0.282800,0.929955,0.234965,0.000000,-0.035902,-0.234531,0.971446,0.000000,-3.293666,12.719766,126.632986,1.000000;;,
   24800;16;0.958507,-0.283161,-0.032938,0.000000,0.282821,0.930090,0.234403,0.000000,-0.035739,-0.233993,0.971581,0.000000,-3.277685,12.702499,126.643622,1.000000;;,
   24960;16;0.958507,-0.283161,-0.032938,0.000000,0.282842,0.930223,0.233850,0.000000,-0.035578,-0.233463,0.971715,0.000000,-3.261649,12.685116,126.654272,1.000000;;,
   25120;16;0.958507,-0.283161,-0.032938,0.000000,0.282861,0.930355,0.233302,0.000000,-0.035418,-0.232939,0.971846,0.000000,-3.245556,12.667730,126.664922,1.000000;;,
   25280;16;0.958507,-0.283161,-0.032938,0.000000,0.282881,0.930485,0.232757,0.000000,-0.035260,-0.232417,0.971977,0.000000,-3.229396,12.650241,126.675558,1.000000;;,
   25440;16;0.958507,-0.283161,-0.032938,0.000000,0.282901,0.930615,0.232214,0.000000,-0.035102,-0.231897,0.972107,0.000000,-3.213156,12.632646,126.686208,1.000000;;,
   25600;16;0.958507,-0.283161,-0.032938,0.000000,0.282921,0.930744,0.231671,0.000000,-0.034943,-0.231377,0.972237,0.000000,-3.196828,12.615052,126.696858,1.000000;;,
   25760;16;0.958507,-0.283161,-0.032938,0.000000,0.282940,0.930874,0.231124,0.000000,-0.034784,-0.230853,0.972367,0.000000,-3.180372,12.597183,126.707494,1.000000;;,
   25920;16;0.958507,-0.283161,-0.032938,0.000000,0.282960,0.931005,0.230571,0.000000,-0.034623,-0.230324,0.972498,0.000000,-3.163815,12.579314,126.761690,1.000000;;,
   26080;16;0.958507,-0.283161,-0.032938,0.000000,0.282980,0.931138,0.230012,0.000000,-0.034461,-0.229788,0.972631,0.000000,-3.147162,12.561307,126.830400,1.000000;;,
   26240;16;0.958507,-0.283161,-0.032938,0.000000,0.283000,0.931272,0.229444,0.000000,-0.034295,-0.229245,0.972764,0.000000,-3.130413,12.543162,126.899110,1.000000;;,
   26400;16;0.958507,-0.283161,-0.032938,0.000000,0.283020,0.931407,0.228868,0.000000,-0.034128,-0.228694,0.972900,0.000000,-3.113575,12.525018,126.967834,1.000000;;,
   26560;16;0.958507,-0.283161,-0.032938,0.000000,0.283041,0.931545,0.228279,0.000000,-0.033957,-0.228130,0.973038,0.000000,-3.096631,12.506646,127.023962,1.000000;;,
   26720;16;0.958507,-0.283161,-0.032938,0.000000,0.283062,0.931685,0.227682,0.000000,-0.033783,-0.227558,0.973178,0.000000,-3.079618,12.488268,127.080064,1.000000;;,
   26880;16;0.958507,-0.283161,-0.032938,0.000000,0.283083,0.931828,0.227070,0.000000,-0.033605,-0.226972,0.973321,0.000000,-3.062398,12.469522,127.136166,1.000000;;,
   27040;16;0.958507,-0.283161,-0.032938,0.000000,0.283105,0.931975,0.226437,0.000000,-0.033421,-0.226367,0.973469,0.000000,-3.044857,12.450406,127.192282,1.000000;;,
   27200;16;0.958507,-0.283161,-0.032938,0.000000,0.283127,0.932128,0.225780,0.000000,-0.033230,-0.225738,0.973621,0.000000,-3.026909,12.431288,127.248410,1.000000;;,
   27360;16;0.958507,-0.283161,-0.032938,0.000000,0.283150,0.932282,0.225114,0.000000,-0.033036,-0.225100,0.973775,0.000000,-3.008982,12.411899,127.302861,1.000000;;,
   27520;16;0.958507,-0.283161,-0.032938,0.000000,0.283173,0.932437,0.224444,0.000000,-0.032841,-0.224458,0.973930,0.000000,-2.991055,12.392510,127.357325,1.000000;;,
   27680;16;0.958507,-0.283161,-0.032938,0.000000,0.283195,0.932593,0.223767,0.000000,-0.032644,-0.223810,0.974086,0.000000,-2.973118,12.373258,127.411776,1.000000;;,
   27840;16;0.958507,-0.283161,-0.032938,0.000000,0.283218,0.932749,0.223087,0.000000,-0.032447,-0.223159,0.974242,0.000000,-2.955305,12.354138,127.466253,1.000000;;,
   28000;16;0.958507,-0.283161,-0.032938,0.000000,0.283240,0.932902,0.222415,0.000000,-0.032251,-0.222515,0.974396,0.000000,-2.937900,12.335021,127.520704,1.000000;;,
   28160;16;0.958507,-0.283161,-0.032938,0.000000,0.283262,0.933053,0.221756,0.000000,-0.032060,-0.221884,0.974546,0.000000,-2.921030,12.316997,127.564390,1.000000;;,
   28320;16;0.958507,-0.283161,-0.032938,0.000000,0.283284,0.933202,0.221101,0.000000,-0.031869,-0.221257,0.974695,0.000000,-2.904465,12.298970,127.608051,1.000000;;,
   28480;16;0.958507,-0.283161,-0.032938,0.000000,0.283305,0.933349,0.220449,0.000000,-0.031680,-0.220634,0.974842,0.000000,-2.888192,12.281348,127.651699,1.000000;;,
   28640;16;0.958507,-0.283161,-0.032938,0.000000,0.283326,0.933496,0.219802,0.000000,-0.031492,-0.220013,0.974989,0.000000,-2.872190,12.264126,127.695386,1.000000;;,
   28800;16;0.958507,-0.283162,-0.032938,0.000000,0.283347,0.933641,0.219157,0.000000,-0.031305,-0.219396,0.975134,0.000000,-2.856427,12.246904,127.739046,1.000000;;,
