xof 0303txt 0032
template Frame {
 <3d82ab46-62da-11cf-ab39-0020af71e433>
 [...]
}

template Matrix4x4 {
 <f6f23f45-7686-11cf-8f52-0040333594a3>
 array FLOAT matrix[16];
}

template FrameTransformMatrix {
 <f6f23f41-7686-11cf-8f52-0040333594a3>
 Matrix4x4 frameMatrix;
}

template AnimTicksPerSecond {
 <9e415a43-7ba6-4a73-8743-b73d47e88476>
 DWORD AnimTicksPerSecond;
}

template Animation {
 <3d82ab4f-62da-11cf-ab39-0020af71e433>
 [...]
}

template AnimationSet {
 <3d82ab50-62da-11cf-ab39-0020af71e433>
 [Animation <3d82ab4f-62da-11cf-ab39-0020af71e433>]
}

template FloatKeys {
 <10dd46a9-775b-11cf-8f52-0040333594a3>
 DWORD nValues;
 array FLOAT values[nValues];
}

template TimedFloatKeys {
 <f406b180-7b3b-11cf-8f52-0040333594a3>
 DWORD time;
 FloatKeys tfkeys;
}

template AnimationKey {
 <10dd46a8-775b-11cf-8f52-0040333594a3>
 DWORD keyType;
 DWORD nKeys;
 array TimedFloatKeys keys[nKeys];
}


Frame ARM_bear_framework {
 

 FrameTransformMatrix {
  -0.003937,0.000000,-0.000000,0.000000,-0.000000,-0.000000,0.003937,0.000000,-0.000000,0.003937,0.000000,0.000000,0.000000,0.000000,0.000000,1.000000;;
 }

 Frame _0__-com {
  

  FrameTransformMatrix {
   -0.268851,-0.290372,0.918367,0.000000,0.869107,0.337855,0.361254,0.000000,-0.415173,0.895284,0.161532,0.000000,-1.157200,-2.929500,54.632096,1.000000;;
  }

  Frame _1___body {
   

   FrameTransformMatrix {
    -0.000000,-0.000000,1.000000,0.000000,1.000000,-0.000000,0.000000,0.000000,0.000000,1.000000,-0.000000,0.000000,0.001350,-0.002321,-66.885542,1.000000;;
   }

   Frame _3___chest {
    

    FrameTransformMatrix {
     0.050928,-0.022811,-0.998441,0.000000,0.341690,0.939804,-0.004043,0.000000,0.938431,-0.340951,0.055657,0.000000,56.291904,0.001896,21.821800,1.000000;;
    }

    Frame _7___neck1 {
     

     FrameTransformMatrix {
      0.983366,0.170286,0.063205,0.000000,-0.171310,0.985154,0.011111,0.000000,-0.060375,-0.021754,0.997939,0.000000,-0.025436,-0.003155,102.557376,1.000000;;
     }

     Frame _10___claviclel {
      

      FrameTransformMatrix {
       -0.474921,0.879807,0.019741,0.000000,-0.456627,-0.265540,0.849105,0.000000,0.752291,0.394243,0.527855,0.000000,-22.022790,19.619805,-25.285912,1.000000;;
      }

      Frame _15___arm1l {
       

       FrameTransformMatrix {
        0.320362,-0.892834,-0.316567,0.000000,0.783057,0.061534,0.618898,0.000000,-0.533094,-0.446162,0.718853,0.000000,-0.000679,0.001282,50.675453,1.000000;;
       }

       Frame _20___arm2l {
        

        FrameTransformMatrix {
         0.166024,0.000000,0.986120,0.000000,0.000000,1.000000,-0.000000,0.000000,-0.986120,-0.000000,0.166024,0.000000,0.000885,-0.003059,57.363309,1.000000;;
        }

        Frame _23___hand1l {
         

         FrameTransformMatrix {
          0.568184,-0.555632,-0.606992,0.000000,0.739657,0.668117,0.080781,0.000000,0.360657,-0.494865,0.790591,0.000000,0.000105,-0.002144,60.928557,1.000000;;
         }

         Frame _25___hand2l {
          

          FrameTransformMatrix {
           0.918807,-0.000696,-0.394704,0.000000,0.000772,1.000000,0.000034,0.000000,0.394704,-0.000336,0.918807,0.000000,2.007423,0.005829,18.800362,1.000000;;
          }

          Frame _25___hand2l_end {
           

           FrameTransformMatrix {
            1.000000,0.000000,0.000000,0.000000,0.000000,1.000000,-0.000000,0.000000,0.000000,0.000000,1.000000,0.000000,-0.000023,-0.000015,1.000023,1.000000;;
           }
          }
         }
        }
       }
      }
     }

     Frame _11___clavicler {
      

      FrameTransformMatrix {
       -0.469358,-0.882133,0.039289,0.000000,0.172507,-0.135242,-0.975679,0.000000,0.865993,-0.451165,0.215652,0.000000,-27.513789,-12.152901,-24.584206,1.000000;;
      }

      Frame _16___arm1r {
       

       FrameTransformMatrix {
        0.223801,0.879926,-0.419098,0.000000,-0.745204,-0.122652,-0.655459,0.000000,-0.628159,0.459006,0.628275,0.000000,0.001762,0.001152,50.675558,1.000000;;
       }

       Frame _21___arm2r {
        

        FrameTransformMatrix {
         0.207282,0.000000,0.978280,0.000000,0.000000,1.000000,-0.000000,0.000000,-0.978280,-0.000000,0.207282,0.000000,0.001350,0.001574,57.363635,1.000000;;
        }

        Frame _24___hand1r {
         

         FrameTransformMatrix {
          0.925119,0.368153,-0.092832,0.000000,-0.359238,0.927891,0.099825,0.000000,0.122889,-0.059001,0.990665,0.000000,0.001822,0.000645,60.930630,1.000000;;
         }

         Frame _26___hand2r {
          

          FrameTransformMatrix {
           0.960428,0.000783,-0.278525,0.000000,-0.000815,1.000000,0.000002,0.000000,0.278525,0.000225,0.960428,0.000000,2.006138,-0.007051,18.800461,1.000000;;
          }

          Frame _26___hand2r_end {
           

           FrameTransformMatrix {
            1.000000,0.000000,0.000000,0.000000,-0.000000,1.000000,-0.000000,0.000000,0.000000,-0.000000,1.000000,0.000000,0.000000,0.000008,1.000000,1.000000;;
           }
          }
         }
        }
       }
      }
     }

     Frame _12___neck2 {
      

      FrameTransformMatrix {
       0.936951,0.057608,0.344686,0.000000,-0.187499,0.915208,0.356715,0.000000,-0.294910,-0.398852,0.868306,0.000000,-0.019732,-0.000854,26.396523,1.000000;;
      }

      Frame _17___head {
       

       FrameTransformMatrix {
        0.451537,-0.050310,0.890832,0.000000,-0.444141,0.853252,0.273310,0.000000,-0.773854,-0.519065,0.362931,0.000000,0.000658,0.000641,25.877510,1.000000;;
       }

       Frame _22___head2 {
        

        FrameTransformMatrix {
         0.062456,0.000000,-0.998048,0.000000,0.000000,1.000000,0.000000,0.000000,0.998048,-0.000000,0.062456,0.000000,22.451408,0.000008,-18.316098,1.000000;;
        }

        Frame _22___head2_end {
         

         FrameTransformMatrix {
          1.000000,0.000000,0.000000,0.000000,-0.000000,1.000000,0.000000,0.000000,0.000000,-0.000000,1.000000,0.000000,0.000000,0.000008,1.000031,1.000000;;
         }
        }
       }
      }
     }
    }
   }

   Frame _4___leg1l {
    

    FrameTransformMatrix {
     0.720243,0.566914,0.399822,0.000000,0.579517,-0.808493,0.102429,0.000000,0.381322,0.157929,-0.910847,0.000000,-0.000137,34.856845,-0.002234,1.000000;;
    }

    Frame _8___leg2l {
     

     FrameTransformMatrix {
      0.403095,-0.000000,0.915158,0.000000,0.000000,1.000000,0.000000,0.000000,-0.915158,-0.000000,0.403095,0.000000,-0.002949,0.000397,58.025728,1.000000;;
     }

     Frame _13___foot1l {
      

      FrameTransformMatrix {
       0.773229,0.495333,0.395932,0.000000,-0.443484,0.868689,-0.220683,0.000000,-0.453253,-0.004951,0.891368,0.000000,0.002670,0.000351,55.121683,1.000000;;
      }

      Frame _18___foot2l {
       

       FrameTransformMatrix {
        0.235970,0.034200,-0.971158,0.000000,-0.041988,0.998806,0.024972,0.000000,0.970853,0.034884,0.237124,0.000000,14.379307,-0.000656,7.796116,1.000000;;
       }

       Frame _18___foot2l_end {
        

        FrameTransformMatrix {
         1.000000,0.000000,0.000000,0.000000,0.000000,1.000000,0.000000,0.000000,0.000000,0.000000,1.000000,0.000000,0.000000,-0.000008,0.999998,1.000000;;
        }
       }
      }
     }
    }
   }

   Frame _5___leg1r {
    

    FrameTransformMatrix {
     0.965153,-0.101873,0.241044,0.000000,0.008394,-0.908587,-0.417608,0.000000,0.261553,0.405079,-0.876070,0.000000,0.000149,-34.856755,0.002251,1.000000;;
    }

    Frame _9___leg2r {
     

     FrameTransformMatrix {
      0.380000,-0.000000,0.924987,0.000000,0.000000,1.000000,0.000000,0.000000,-0.924986,-0.000000,0.380000,0.000000,0.002617,-0.001074,58.025126,1.000000;;
     }

     Frame _14___foot1r {
      

      FrameTransformMatrix {
       0.769021,0.234426,0.594685,0.000000,-0.539794,0.736468,0.407721,0.000000,-0.342386,-0.634554,0.692902,0.000000,0.000110,0.003006,55.119469,1.000000;;
      }

      Frame _19___foot2r {
       

       FrameTransformMatrix {
        -0.133632,0.000018,-0.991032,0.000000,-0.054882,0.998465,0.007418,0.000000,0.989511,0.055381,-0.133426,0.000000,14.380090,-0.000072,7.796875,1.000000;;
       }

       Frame _19___foot2r_end {
        

        FrameTransformMatrix {
         1.000000,0.000000,0.000000,0.000000,0.000000,1.000000,-0.000000,0.000000,-0.000000,-0.000000,1.000000,0.000000,-0.000015,0.000008,1.000000,1.000000;;
        }
       }
      }
     }
    }
   }

   Frame _6___tail1 {
    

    FrameTransformMatrix {
     -0.584557,-0.389611,0.711665,0.000000,-0.724899,0.644781,-0.242433,0.000000,-0.364414,-0.657602,-0.659342,0.000000,-19.580211,0.008106,8.996170,1.000000;;
    }

    Frame _6___tail1_end {
     

     FrameTransformMatrix {
      1.000000,0.000000,0.000000,0.000000,0.000000,1.000000,0.000000,0.000000,-0.000000,0.000000,1.000000,0.000000,0.000000,0.000000,0.999998,1.000000;;
     }
    }
   }
  }

  Frame _2__-footsteps {
   

   FrameTransformMatrix {
    -0.290364,0.337846,0.895291,0.000000,0.918368,0.361259,0.161524,0.000000,-0.268861,0.869108,-0.415164,0.000000,-46.379398,-18.244696,-8.160701,1.000000;;
   }

   Frame _2__-footsteps_end {
    

    FrameTransformMatrix {
     1.000000,0.000000,-0.000000,0.000000,-0.000000,1.000000,0.000000,0.000000,0.000000,0.000000,1.000000,0.000000,-0.000000,0.000000,1.000000,1.000000;;
    }
   }
  }
 }
}

AnimTicksPerSecond  {
 4800;
}

AnimationSet Dummy {
 

 Animation {
  
  { ARM_bear_framework }

  AnimationKey  {
   4;
   2;
   0;16;-0.003937,0.000000,-0.000000,0.000000,-0.000000,-0.000000,0.003937,0.000000,-0.000000,0.003937,0.000000,0.000000,0.000000,0.000000,0.000000,1.000000;;,
   51200;16;-0.003937,0.000000,-0.000000,0.000000,-0.000000,-0.000000,0.003937,0.000000,-0.000000,0.003937,0.000000,0.000000,0.000000,0.000000,0.000000,1.000000;;;
  }
 }

 Animation {
  
  { _0__-com }

  AnimationKey  {
   4;
   321;
   0;16;-0.268851,-0.290372,0.918367,0.000000,0.869107,0.337855,0.361254,0.000000,-0.415173,0.895284,0.161532,0.000000,-1.157200,-2.929500,54.632096,1.000000;;,
   160;16;-0.268851,-0.290372,0.918367,0.000000,0.869085,0.337903,0.361263,0.000000,-0.415220,0.895266,0.161513,0.000000,-1.162205,-2.929500,54.627168,1.000000;;,
   320;16;-0.268851,-0.290372,0.918367,0.000000,0.869063,0.337950,0.361272,0.000000,-0.415266,0.895248,0.161493,0.000000,-1.175100,-2.929500,54.622227,1.000000;;,
   480;16;-0.268851,-0.290372,0.918367,0.000000,0.869041,0.337998,0.361280,0.000000,-0.415312,0.895230,0.161474,0.000000,-1.195280,-2.929501,54.617293,1.000000;;,
   640;16;-0.268851,-0.290372,0.918367,0.000000,0.869019,0.338045,0.361289,0.000000,-0.415358,0.895212,0.161455,0.000000,-1.221332,-2.929501,54.612352,1.000000;;,
   800;16;-0.268851,-0.290372,0.918367,0.000000,0.868996,0.338093,0.361297,0.000000,-0.415405,0.895194,0.161436,0.000000,-1.251038,-2.929500,54.607411,1.000000;;,
   960;16;-0.268851,-0.290372,0.918367,0.000000,0.868974,0.338141,0.361306,0.000000,-0.415451,0.895176,0.161416,0.000000,-1.279958,-2.929500,54.602470,1.000000;;,
   1120;16;-0.268851,-0.290372,0.918367,0.000000,0.868952,0.338188,0.361314,0.000000,-0.415497,0.895158,0.161397,0.000000,-1.305415,-2.929500,54.597536,1.000000;;,
   1280;16;-0.268851,-0.290372,0.918367,0.000000,0.868930,0.338236,0.361323,0.000000,-0.415544,0.895140,0.161378,0.000000,-1.328258,-2.929501,54.592602,1.000000;;,
   1440;16;-0.268851,-0.290372,0.918367,0.000000,0.868908,0.338284,0.361332,0.000000,-0.415590,0.895122,0.161359,0.000000,-1.349640,-2.929500,54.587661,1.000000;;,
   1600;16;-0.268851,-0.290372,0.918367,0.000000,0.868886,0.338331,0.361340,0.000000,-0.415636,0.895104,0.161340,0.000000,-1.371022,-2.929500,54.582726,1.000000;;,
   1760;16;-0.268851,-0.290372,0.918367,0.000000,0.868864,0.338379,0.361349,0.000000,-0.415682,0.895086,0.161320,0.000000,-1.392405,-2.929500,54.577779,1.000000;;,
   1920;16;-0.268851,-0.290372,0.918367,0.000000,0.868842,0.338427,0.361357,0.000000,-0.415729,0.895068,0.161301,0.000000,-1.414277,-2.929500,54.572845,1.000000;;,
   2080;16;-0.268851,-0.290372,0.918367,0.000000,0.868819,0.338474,0.361366,0.000000,-0.415775,0.895050,0.161282,0.000000,-1.436354,-2.929501,54.567904,1.000000;;,
   2240;16;-0.268851,-0.290372,0.918367,0.000000,0.868798,0.338522,0.361374,0.000000,-0.415821,0.895032,0.161263,0.000000,-1.457941,-2.929501,54.562963,1.000000;;,
   2400;16;-0.268851,-0.290372,0.918367,0.000000,0.868775,0.338570,0.361383,0.000000,-0.415867,0.895014,0.161243,0.000000,-1.477933,-2.929500,54.558022,1.000000;;,
   2560;16;-0.268851,-0.290372,0.918367,0.000000,0.868753,0.338617,0.361392,0.000000,-0.415914,0.894996,0.161224,0.000000,-1.495164,-2.929500,54.553088,1.000000;;,
   2720;16;-0.268851,-0.290372,0.918367,0.000000,0.868731,0.338665,0.361400,0.000000,-0.415960,0.894978,0.161205,0.000000,-1.510604,-2.929500,54.548147,1.000000;;,
   2880;16;-0.268851,-0.290372,0.918367,0.000000,0.868709,0.338713,0.361409,0.000000,-0.416006,0.894960,0.161186,0.000000,-1.525446,-2.929501,54.543206,1.000000;;,
   3040;16;-0.268851,-0.290372,0.918367,0.000000,0.868687,0.338760,0.361417,0.000000,-0.416052,0.894942,0.161166,0.000000,-1.540886,-2.929501,54.538272,1.000000;;,
   3200;16;-0.268851,-0.290372,0.918367,0.000000,0.868665,0.338808,0.361426,0.000000,-0.416098,0.894924,0.161147,0.000000,-1.558117,-2.929500,54.533331,1.000000;;,
   3360;16;-0.268851,-0.290372,0.918367,0.000000,0.868642,0.338856,0.361435,0.000000,-0.416145,0.894906,0.161128,0.000000,-1.578109,-2.929500,54.528390,1.000000;;,
   3520;16;-0.268851,-0.290372,0.918367,0.000000,0.868620,0.338903,0.361443,0.000000,-0.416191,0.894888,0.161109,0.000000,-1.599696,-2.929500,54.523456,1.000000;;,
   3680;16;-0.268851,-0.290372,0.918367,0.000000,0.868598,0.338951,0.361452,0.000000,-0.416237,0.894870,0.161089,0.000000,-1.621773,-2.929500,54.518515,1.000000;;,
   3840;16;-0.268851,-0.290372,0.918367,0.000000,0.868576,0.338999,0.361460,0.000000,-0.416284,0.894851,0.161070,0.000000,-1.643682,-2.929501,54.513568,1.000000;;,
   4000;16;-0.268851,-0.290372,0.918367,0.000000,0.868554,0.339046,0.361469,0.000000,-0.416330,0.894833,0.161051,0.000000,-1.665210,-2.929500,54.508614,1.000000;;,
   4160;16;-0.268851,-0.290372,0.918367,0.000000,0.868532,0.339094,0.361478,0.000000,-0.416376,0.894815,0.161032,0.000000,-1.686969,-2.929500,54.503680,1.000000;;,
   4320;16;-0.268851,-0.290372,0.918367,0.000000,0.868510,0.339142,0.361486,0.000000,-0.416422,0.894797,0.161013,0.000000,-1.708758,-2.929500,54.498726,1.000000;;,
   4480;16;-0.268851,-0.290372,0.918367,0.000000,0.868487,0.339189,0.361495,0.000000,-0.416469,0.894779,0.160993,0.000000,-1.730435,-2.929500,54.493786,1.000000;;,
   4640;16;-0.268851,-0.290372,0.918367,0.000000,0.868465,0.339237,0.361503,0.000000,-0.416515,0.894761,0.160974,0.000000,-1.751873,-2.929500,54.488832,1.000000;;,
   4800;16;-0.268851,-0.290372,0.918367,0.000000,0.868443,0.339284,0.361512,0.000000,-0.416561,0.894743,0.160955,0.000000,-1.772963,-2.929500,54.483885,1.000000;;,
   4960;16;-0.268851,-0.290372,0.918367,0.000000,0.868421,0.339332,0.361520,0.000000,-0.416607,0.894725,0.160936,0.000000,-1.793526,-2.929500,54.478938,1.000000;;,
   5120;16;-0.268851,-0.290372,0.918367,0.000000,0.868399,0.339380,0.361529,0.000000,-0.416653,0.894707,0.160916,0.000000,-1.813724,-2.929500,54.473990,1.000000;;,
   5280;16;-0.268851,-0.290372,0.918367,0.000000,0.868376,0.339427,0.361537,0.000000,-0.416700,0.894689,0.160897,0.000000,-1.833562,-2.929501,54.469050,1.000000;;,
   5440;16;-0.268851,-0.290372,0.918367,0.000000,0.868354,0.339475,0.361546,0.000000,-0.416746,0.894671,0.160878,0.000000,-1.853050,-2.929500,54.464102,1.000000;;,
   5600;16;-0.268851,-0.290372,0.918367,0.000000,0.868332,0.339522,0.361555,0.000000,-0.416792,0.894653,0.160858,0.000000,-1.872203,-2.929500,54.459155,1.000000;;,
   5760;16;-0.268851,-0.290372,0.918367,0.000000,0.868310,0.339570,0.361563,0.000000,-0.416838,0.894635,0.160839,0.000000,-1.891000,-2.929500,54.454214,1.000000;;,
   5920;16;-0.268851,-0.290372,0.918367,0.000000,0.868288,0.339618,0.361571,0.000000,-0.416885,0.894617,0.160820,0.000000,-1.909644,-2.929500,54.449267,1.000000;;,
   6080;16;-0.268851,-0.290372,0.918367,0.000000,0.868265,0.339665,0.361580,0.000000,-0.416931,0.894599,0.160801,0.000000,-1.928239,-2.929501,54.444320,1.000000;;,
   6240;16;-0.268851,-0.290372,0.918367,0.000000,0.868243,0.339713,0.361589,0.000000,-0.416977,0.894580,0.160782,0.000000,-1.946884,-2.929500,54.439366,1.000000;;,
   6400;16;-0.268851,-0.290372,0.918367,0.000000,0.868221,0.339761,0.361597,0.000000,-0.417023,0.894562,0.160762,0.000000,-1.965680,-2.929500,54.434419,1.000000;;,
   6560;16;-0.268851,-0.290372,0.918367,0.000000,0.868199,0.339808,0.361606,0.000000,-0.417069,0.894544,0.160743,0.000000,-1.984834,-2.929500,54.429478,1.000000;;,
   6720;16;-0.268851,-0.290372,0.918367,0.000000,0.868177,0.339856,0.361614,0.000000,-0.417116,0.894526,0.160724,0.000000,-2.004322,-2.929500,54.424531,1.000000;;,
   6880;16;-0.268851,-0.290372,0.918367,0.000000,0.868155,0.339904,0.361623,0.000000,-0.417162,0.894508,0.160705,0.000000,-2.024160,-2.929501,54.419584,1.000000;;,
   7040;16;-0.268851,-0.290372,0.918367,0.000000,0.868132,0.339951,0.361631,0.000000,-0.417208,0.894490,0.160685,0.000000,-2.044394,-2.929500,54.414637,1.000000;;,
   7200;16;-0.268851,-0.290372,0.918367,0.000000,0.868110,0.339999,0.361640,0.000000,-0.417254,0.894472,0.160666,0.000000,-2.065103,-2.929500,54.409690,1.000000;;,
   7360;16;-0.268851,-0.290372,0.918367,0.000000,0.868088,0.340046,0.361648,0.000000,-0.417300,0.894454,0.160647,0.000000,-2.086570,-2.929500,54.404806,1.000000;;,
   7520;16;-0.268851,-0.290372,0.918367,0.000000,0.867998,0.340239,0.361683,0.000000,-0.417487,0.894381,0.160569,0.000000,-2.108415,-2.929500,54.399917,1.000000;;,
   7680;16;-0.268851,-0.290372,0.918367,0.000000,0.867885,0.340480,0.361726,0.000000,-0.417722,0.894289,0.160471,0.000000,-2.130386,-2.929500,54.395040,1.000000;;,
   7840;16;-0.268851,-0.290372,0.918367,0.000000,0.867773,0.340721,0.361770,0.000000,-0.417955,0.894197,0.160374,0.000000,-2.152231,-2.929501,54.390144,1.000000;;,
   8000;16;-0.268851,-0.290372,0.918367,0.000000,0.867660,0.340962,0.361813,0.000000,-0.418189,0.894105,0.160276,0.000000,-2.173697,-2.929500,54.385261,1.000000;;,
   8160;16;-0.268851,-0.290372,0.918367,0.000000,0.867547,0.341203,0.361856,0.000000,-0.418423,0.894013,0.160179,0.000000,-2.194406,-2.929500,54.380384,1.000000;;,
   8320;16;-0.268851,-0.290372,0.918367,0.000000,0.867434,0.341444,0.361899,0.000000,-0.418657,0.893921,0.160081,0.000000,-2.214683,-2.929500,54.375494,1.000000;;,
   8480;16;-0.268851,-0.290372,0.918367,0.000000,0.867322,0.341685,0.361942,0.000000,-0.418891,0.893829,0.159984,0.000000,-2.234629,-2.929501,54.370605,1.000000;;,
   8640;16;-0.268851,-0.290372,0.918367,0.000000,0.867209,0.341926,0.361986,0.000000,-0.419125,0.893737,0.159886,0.000000,-2.254296,-2.929501,54.365722,1.000000;;,
   8800;16;-0.268851,-0.290372,0.918367,0.000000,0.867096,0.342167,0.362029,0.000000,-0.419358,0.893645,0.159789,0.000000,-2.273688,-2.929501,54.360838,1.000000;;,
   8960;16;-0.268851,-0.290372,0.918367,0.000000,0.866982,0.342408,0.362071,0.000000,-0.419592,0.893552,0.159691,0.000000,-2.292759,-2.929500,54.355942,1.000000;;,
   9120;16;-0.268851,-0.290372,0.918367,0.000000,0.866859,0.342671,0.362118,0.000000,-0.419847,0.893452,0.159585,0.000000,-2.311660,-2.929500,54.351053,1.000000;;,
   9280;16;-0.268851,-0.290372,0.918367,0.000000,0.866732,0.342941,0.362167,0.000000,-0.420109,0.893348,0.159475,0.000000,-2.330457,-2.929500,54.346170,1.000000;;,
   9440;16;-0.268851,-0.290372,0.918367,0.000000,0.866605,0.343211,0.362215,0.000000,-0.420371,0.893244,0.159365,0.000000,-2.349221,-2.929500,54.341286,1.000000;;,
   9600;16;-0.268851,-0.290372,0.918367,0.000000,0.866478,0.343481,0.362263,0.000000,-0.420634,0.893140,0.159256,0.000000,-2.368022,-2.929500,54.336397,1.000000;;,
   9760;16;-0.268851,-0.290372,0.918367,0.000000,0.866351,0.343751,0.362311,0.000000,-0.420895,0.893037,0.159146,0.000000,-2.386994,-2.929500,54.331507,1.000000;;,
   9920;16;-0.268851,-0.290372,0.918367,0.000000,0.866223,0.344021,0.362359,0.000000,-0.421157,0.892933,0.159037,0.000000,-2.406149,-2.929500,54.326624,1.000000;;,
   10080;16;-0.268851,-0.290372,0.918367,0.000000,0.866096,0.344291,0.362408,0.000000,-0.421420,0.892829,0.158927,0.000000,-2.425509,-2.929501,54.321741,1.000000;;,
   10240;16;-0.268851,-0.290372,0.918367,0.000000,0.865968,0.344561,0.362455,0.000000,-0.421681,0.892724,0.158818,0.000000,-2.445045,-2.929501,54.316851,1.000000;;,
   10400;16;-0.268851,-0.290372,0.918367,0.000000,0.865841,0.344831,0.362504,0.000000,-0.421943,0.892620,0.158708,0.000000,-2.464693,-2.929501,54.311968,1.000000;;,
   10560;16;-0.268851,-0.290372,0.918367,0.000000,0.865698,0.345134,0.362557,0.000000,-0.422236,0.892503,0.158585,0.000000,-2.484349,-2.929500,54.307085,1.000000;;,
   10720;16;-0.268850,-0.290372,0.918367,0.000000,0.865555,0.345436,0.362610,0.000000,-0.422530,0.892386,0.158463,0.000000,-2.504018,-2.929500,54.302202,1.000000;;,
   10880;16;-0.268851,-0.290372,0.918367,0.000000,0.865412,0.345738,0.362665,0.000000,-0.422823,0.892269,0.158340,0.000000,-2.523705,-2.929500,54.297254,1.000000;;,
   11040;16;-0.268851,-0.290372,0.918367,0.000000,0.865268,0.346041,0.362718,0.000000,-0.423116,0.892152,0.158217,0.000000,-2.543415,-2.929501,54.292262,1.000000;;,
   11200;16;-0.268851,-0.290372,0.918367,0.000000,0.865125,0.346343,0.362772,0.000000,-0.423409,0.892035,0.158094,0.000000,-2.563152,-2.929500,54.287264,1.000000;;,
   11360;16;-0.268851,-0.290372,0.918367,0.000000,0.864982,0.346645,0.362825,0.000000,-0.423702,0.891917,0.157971,0.000000,-2.582939,-2.929500,54.282266,1.000000;;,
   11520;16;-0.268851,-0.290372,0.918367,0.000000,0.864838,0.346947,0.362879,0.000000,-0.423995,0.891800,0.157848,0.000000,-2.602771,-2.929500,54.277261,1.000000;;,
   11680;16;-0.268851,-0.290372,0.918367,0.000000,0.864689,0.347261,0.362934,0.000000,-0.424300,0.891678,0.157720,0.000000,-2.622657,-2.929500,54.272275,1.000000;;,
   11840;16;-0.268851,-0.290372,0.918367,0.000000,0.864533,0.347587,0.362992,0.000000,-0.424616,0.891550,0.157587,0.000000,-2.642600,-2.929501,54.267264,1.000000;;,
   12000;16;-0.268851,-0.290372,0.918367,0.000000,0.864378,0.347914,0.363050,0.000000,-0.424932,0.891423,0.157455,0.000000,-2.662606,-2.929500,54.262278,1.000000;;,
   12160;16;-0.268851,-0.290372,0.918367,0.000000,0.864222,0.348240,0.363107,0.000000,-0.425249,0.891296,0.157322,0.000000,-2.682705,-2.929500,54.257274,1.000000;;,
   12320;16;-0.268850,-0.290372,0.918367,0.000000,0.864067,0.348566,0.363164,0.000000,-0.425565,0.891168,0.157189,0.000000,-2.702879,-2.929500,54.252275,1.000000;;,
   12480;16;-0.268851,-0.290372,0.918367,0.000000,0.863911,0.348892,0.363222,0.000000,-0.425881,0.891041,0.157056,0.000000,-2.723128,-2.929501,54.247283,1.000000;;,
   12640;16;-0.268851,-0.290372,0.918367,0.000000,0.863755,0.349218,0.363280,0.000000,-0.426197,0.890913,0.156923,0.000000,-2.743452,-2.929500,54.242291,1.000000;;,
   12800;16;-0.268851,-0.290372,0.918367,0.000000,0.863599,0.349543,0.363337,0.000000,-0.426513,0.890785,0.156790,0.000000,-2.763851,-2.929500,54.237293,1.000000;;,
   12960;16;-0.268850,-0.290372,0.918367,0.000000,0.863434,0.349888,0.363397,0.000000,-0.426846,0.890650,0.156650,0.000000,-2.784348,-2.929500,54.232294,1.000000;;,
   13120;16;-0.268851,-0.290372,0.918367,0.000000,0.863269,0.350232,0.363458,0.000000,-0.427180,0.890515,0.156509,0.000000,-2.804914,-2.929500,54.227296,1.000000;;,
   13280;16;-0.268851,-0.290372,0.918367,0.000000,0.863104,0.350576,0.363519,0.000000,-0.427514,0.890380,0.156369,0.000000,-2.825545,-2.929501,54.222304,1.000000;;,
   13440;16;-0.268850,-0.290372,0.918367,0.000000,0.862939,0.350920,0.363579,0.000000,-0.427847,0.890244,0.156229,0.000000,-2.846350,-2.929500,54.217306,1.000000;;,
   13600;16;-0.268851,-0.290372,0.918367,0.000000,0.862773,0.351264,0.363639,0.000000,-0.428180,0.890108,0.156088,0.000000,-2.867548,-2.929500,54.212307,1.000000;;,
   13760;16;-0.268851,-0.290372,0.918367,0.000000,0.862608,0.351608,0.363699,0.000000,-0.428514,0.889973,0.155947,0.000000,-2.889298,-2.929500,54.207309,1.000000;;,
   13920;16;-0.268850,-0.290372,0.918367,0.000000,0.862442,0.351952,0.363759,0.000000,-0.428847,0.889836,0.155807,0.000000,-2.910634,-2.929500,54.202310,1.000000;;,
   14080;16;-0.268851,-0.290372,0.918368,0.000000,0.862276,0.352297,0.363820,0.000000,-0.429182,0.889700,0.155666,0.000000,-2.931571,-2.929501,54.197325,1.000000;;,
   14240;16;-0.268850,-0.290372,0.918367,0.000000,0.862110,0.352641,0.363880,0.000000,-0.429515,0.889564,0.155525,0.000000,-2.952223,-2.929500,54.192320,1.000000;;,
   14400;16;-0.268850,-0.290372,0.918367,0.000000,0.861943,0.352986,0.363940,0.000000,-0.429849,0.889427,0.155384,0.000000,-2.972812,-2.929500,54.187322,1.000000;;,
   14560;16;-0.268850,-0.290372,0.918367,0.000000,0.861777,0.353330,0.364001,0.000000,-0.430183,0.889290,0.155243,0.000000,-2.993308,-2.929501,54.182477,1.000000;;,
   14720;16;-0.268850,-0.290372,0.918367,0.000000,0.861610,0.353674,0.364060,0.000000,-0.430517,0.889153,0.155102,0.000000,-3.013732,-2.929500,54.177632,1.000000;;,
   14880;16;-0.268851,-0.290372,0.918367,0.000000,0.861446,0.354013,0.364120,0.000000,-0.430845,0.889019,0.154963,0.000000,-3.034082,-2.929501,54.172794,1.000000;;,
   15040;16;-0.268850,-0.290372,0.918367,0.000000,0.861284,0.354347,0.364178,0.000000,-0.431169,0.888885,0.154827,0.000000,-3.054356,-2.929501,54.167949,1.000000;;,
   15200;16;-0.268851,-0.290372,0.918367,0.000000,0.861122,0.354681,0.364236,0.000000,-0.431492,0.888752,0.154690,0.000000,-3.074554,-2.929500,54.163104,1.000000;;,
   15360;16;-0.268851,-0.290372,0.918367,0.000000,0.860960,0.355015,0.364294,0.000000,-0.431815,0.888619,0.154553,0.000000,-3.094653,-2.929500,54.158266,1.000000;;,
   15520;16;-0.268850,-0.290372,0.918367,0.000000,0.860798,0.355348,0.364352,0.000000,-0.432138,0.888486,0.154416,0.000000,-3.114683,-2.929500,54.153414,1.000000;;,
   15680;16;-0.268851,-0.290372,0.918367,0.000000,0.860635,0.355682,0.364410,0.000000,-0.432462,0.888352,0.154279,0.000000,-3.134647,-2.929500,54.148570,1.000000;;,
   15840;16;-0.268850,-0.290372,0.918367,0.000000,0.860473,0.356015,0.364468,0.000000,-0.432785,0.888219,0.154143,0.000000,-3.154551,-2.929501,54.143725,1.000000;;,
   16000;16;-0.268851,-0.290372,0.918367,0.000000,0.860310,0.356349,0.364526,0.000000,-0.433108,0.888085,0.154006,0.000000,-3.174399,-2.929500,54.138880,1.000000;;,
   16160;16;-0.268851,-0.290372,0.918367,0.000000,0.860157,0.356664,0.364581,0.000000,-0.433413,0.887958,0.153876,0.000000,-3.194185,-2.929500,54.134035,1.000000;;,
   16320;16;-0.268850,-0.290372,0.918367,0.000000,0.860003,0.356979,0.364635,0.000000,-0.433718,0.887831,0.153747,0.000000,-3.213935,-2.929500,54.129190,1.000000;;,
   16480;16;-0.268851,-0.290372,0.918367,0.000000,0.859849,0.357294,0.364690,0.000000,-0.434023,0.887705,0.153618,0.000000,-3.233654,-2.929501,54.124339,1.000000;;,
   16640;16;-0.268850,-0.290372,0.918367,0.000000,0.859695,0.357609,0.364744,0.000000,-0.434329,0.887578,0.153488,0.000000,-3.253347,-2.929500,54.119494,1.000000;;,
   16800;16;-0.268850,-0.290372,0.918367,0.000000,0.859541,0.357924,0.364798,0.000000,-0.434634,0.887451,0.153359,0.000000,-3.273021,-2.929501,54.114656,1.000000;;,
   16960;16;-0.268850,-0.290372,0.918367,0.000000,0.859386,0.358239,0.364853,0.000000,-0.434939,0.887324,0.153229,0.000000,-3.292677,-2.929500,54.109811,1.000000;;,
   17120;16;-0.268850,-0.290372,0.918367,0.000000,0.859232,0.358554,0.364907,0.000000,-0.435244,0.887197,0.153100,0.000000,-3.312327,-2.929500,54.104966,1.000000;;,
   17280;16;-0.268851,-0.290372,0.918368,0.000000,0.859084,0.358855,0.364959,0.000000,-0.435536,0.887075,0.152976,0.000000,-3.331901,-2.929501,54.100122,1.000000;;,
   17440;16;-0.268850,-0.290372,0.918368,0.000000,0.858943,0.359143,0.365009,0.000000,-0.435814,0.886959,0.152857,0.000000,-3.351330,-2.929501,54.095277,1.000000;;,
   17600;16;-0.268850,-0.290372,0.918368,0.000000,0.858801,0.359431,0.365058,0.000000,-0.436093,0.886842,0.152739,0.000000,-3.370548,-2.929500,54.090426,1.000000;;,
   17760;16;-0.268850,-0.290372,0.918368,0.000000,0.858659,0.359719,0.365108,0.000000,-0.436372,0.886725,0.152620,0.000000,-3.389519,-2.929501,54.085587,1.000000;;,
   17920;16;-0.268850,-0.290372,0.918367,0.000000,0.858518,0.360007,0.365157,0.000000,-0.436650,0.886608,0.152502,0.000000,-3.408363,-2.929500,54.080742,1.000000;;,
   18080;16;-0.268850,-0.290372,0.918368,0.000000,0.858376,0.360295,0.365207,0.000000,-0.436929,0.886492,0.152383,0.000000,-3.427140,-2.929501,54.075827,1.000000;;,
   18240;16;-0.268850,-0.290372,0.918368,0.000000,0.858234,0.360582,0.365256,0.000000,-0.437207,0.886375,0.152265,0.000000,-3.445914,-2.929500,54.070829,1.000000;;,
   18400;16;-0.268850,-0.290372,0.918368,0.000000,0.858092,0.360870,0.365306,0.000000,-0.437486,0.886258,0.152146,0.000000,-3.464758,-2.929500,54.065837,1.000000;;,
   18560;16;-0.268850,-0.290372,0.918367,0.000000,0.857954,0.361151,0.365354,0.000000,-0.437758,0.886143,0.152030,0.000000,-3.483828,-2.929500,54.060832,1.000000;;,
   18720;16;-0.268850,-0.290372,0.918367,0.000000,0.857815,0.361432,0.365402,0.000000,-0.438030,0.886028,0.151915,0.000000,-3.503140,-2.929500,54.055846,1.000000;;,
   18880;16;-0.268850,-0.290372,0.918367,0.000000,0.857676,0.361713,0.365450,0.000000,-0.438302,0.885914,0.151799,0.000000,-3.522716,-2.929501,54.050842,1.000000;;,
   19040;16;-0.268850,-0.290372,0.918367,0.000000,0.857537,0.361994,0.365498,0.000000,-0.438574,0.885799,0.151683,0.000000,-3.542568,-2.929500,54.045830,1.000000;;,
   19200;16;-0.268850,-0.290372,0.918368,0.000000,0.857398,0.362275,0.365546,0.000000,-0.438846,0.885684,0.151567,0.000000,-3.562700,-2.929500,54.040838,1.000000;;,
   19360;16;-0.268850,-0.290372,0.918368,0.000000,0.857258,0.362556,0.365594,0.000000,-0.439118,0.885569,0.151451,0.000000,-3.583527,-2.929500,54.035834,1.000000;;,
   19520;16;-0.268850,-0.290372,0.918368,0.000000,0.857119,0.362836,0.365642,0.000000,-0.439390,0.885454,0.151335,0.000000,-3.604990,-2.929500,54.030835,1.000000;;,
   19680;16;-0.268850,-0.290372,0.918368,0.000000,0.856987,0.363103,0.365688,0.000000,-0.439648,0.885345,0.151225,0.000000,-3.626651,-2.929501,54.025843,1.000000;;,
   19840;16;-0.268850,-0.290372,0.918367,0.000000,0.856862,0.363354,0.365731,0.000000,-0.439891,0.885242,0.151121,0.000000,-3.648265,-2.929500,54.020845,1.000000;;,
   20000;16;-0.268850,-0.290372,0.918368,0.000000,0.856737,0.363606,0.365774,0.000000,-0.440135,0.885139,0.151017,0.000000,-3.669794,-2.929501,54.015846,1.000000;;,
   20160;16;-0.268850,-0.290372,0.918368,0.000000,0.856612,0.363857,0.365817,0.000000,-0.440378,0.885035,0.150913,0.000000,-3.691553,-2.929501,54.010848,1.000000;;,
   20320;16;-0.268850,-0.290372,0.918367,0.000000,0.856486,0.364109,0.365859,0.000000,-0.440621,0.884931,0.150809,0.000000,-3.713342,-2.929500,54.005856,1.000000;;,
   20480;16;-0.268850,-0.290372,0.918368,0.000000,0.856361,0.364360,0.365903,0.000000,-0.440865,0.884828,0.150705,0.000000,-3.735018,-2.929501,54.000858,1.000000;;,
   20640;16;-0.268850,-0.290372,0.918368,0.000000,0.856236,0.364612,0.365945,0.000000,-0.441108,0.884724,0.150601,0.000000,-3.756457,-2.929501,53.995859,1.000000;;,
   20800;16;-0.268850,-0.290372,0.918368,0.000000,0.856111,0.364863,0.365988,0.000000,-0.441352,0.884621,0.150497,0.000000,-3.777546,-2.929500,53.990861,1.000000;;,
   20960;16;-0.268850,-0.290372,0.918368,0.000000,0.855985,0.365114,0.366031,0.000000,-0.441595,0.884517,0.150393,0.000000,-3.798109,-2.929500,53.985869,1.000000;;,
   21120;16;-0.268850,-0.290372,0.918368,0.000000,0.855890,0.365305,0.366063,0.000000,-0.441779,0.884439,0.150315,0.000000,-3.818307,-2.929500,53.980870,1.000000;;,
   21280;16;-0.268850,-0.290372,0.918368,0.000000,0.855805,0.365475,0.366092,0.000000,-0.441943,0.884369,0.150244,0.000000,-3.838146,-2.929500,53.975872,1.000000;;,
   21440;16;-0.268850,-0.290372,0.918367,0.000000,0.855720,0.365645,0.366121,0.000000,-0.442108,0.884298,0.150174,0.000000,-3.857633,-2.929500,53.970874,1.000000;;,
   21600;16;-0.268850,-0.290372,0.918368,0.000000,0.855636,0.365814,0.366150,0.000000,-0.442272,0.884228,0.150104,0.000000,-3.876787,-2.929500,53.965869,1.000000;;,
   21760;16;-0.268850,-0.290372,0.918368,0.000000,0.855551,0.365984,0.366178,0.000000,-0.442436,0.884158,0.150033,0.000000,-3.895583,-2.929501,53.960992,1.000000;;,
   21920;16;-0.268850,-0.290372,0.918368,0.000000,0.855465,0.366154,0.366207,0.000000,-0.442601,0.884087,0.149963,0.000000,-3.914228,-2.929500,53.956128,1.000000;;,
   22080;16;-0.268850,-0.290372,0.918368,0.000000,0.855381,0.366324,0.366236,0.000000,-0.442765,0.884017,0.149893,0.000000,-3.932823,-2.929501,53.951251,1.000000;;,
   22240;16;-0.268850,-0.290372,0.918367,0.000000,0.855296,0.366493,0.366265,0.000000,-0.442929,0.883947,0.149822,0.000000,-3.951468,-2.929501,53.946381,1.000000;;,
   22400;16;-0.268850,-0.290372,0.918368,0.000000,0.855210,0.366663,0.366294,0.000000,-0.443093,0.883876,0.149752,0.000000,-3.970263,-2.929500,53.941504,1.000000;;,
   22560;16;-0.268850,-0.290372,0.918368,0.000000,0.855125,0.366833,0.366322,0.000000,-0.443258,0.883806,0.149682,0.000000,-3.989416,-2.929501,53.936634,1.000000;;,
   22720;16;-0.268850,-0.290372,0.918368,0.000000,0.855040,0.367003,0.366351,0.000000,-0.443422,0.883735,0.149611,0.000000,-4.008904,-2.929500,53.931757,1.000000;;,
   22880;16;-0.268850,-0.290372,0.918368,0.000000,0.854955,0.367172,0.366380,0.000000,-0.443586,0.883665,0.149541,0.000000,-4.028744,-2.929501,53.926886,1.000000;;,
   23040;16;-0.268850,-0.290372,0.918368,0.000000,0.854896,0.367290,0.366400,0.000000,-0.443700,0.883616,0.149492,0.000000,-4.048982,-2.929500,53.922010,1.000000;;,
   23200;16;-0.268850,-0.290372,0.918368,0.000000,0.854916,0.367249,0.366393,0.000000,-0.443660,0.883633,0.149509,0.000000,-4.069707,-2.929500,53.917139,1.000000;;,
   23360;16;-0.268850,-0.290372,0.918368,0.000000,0.854937,0.367209,0.366386,0.000000,-0.443622,0.883650,0.149526,0.000000,-4.091230,-2.929500,53.912262,1.000000;;,
   23520;16;-0.268850,-0.290372,0.918368,0.000000,0.854957,0.367169,0.366379,0.000000,-0.443583,0.883666,0.149542,0.000000,-4.113254,-2.929500,53.907392,1.000000;;,
   23680;16;-0.268850,-0.290372,0.918368,0.000000,0.854977,0.367129,0.366373,0.000000,-0.443544,0.883683,0.149559,0.000000,-4.135642,-2.929501,53.902509,1.000000;;,
   23840;16;-0.268850,-0.290372,0.918368,0.000000,0.854997,0.367089,0.366366,0.000000,-0.443505,0.883700,0.149576,0.000000,-4.158218,-2.929500,53.897632,1.000000;;,
   24000;16;-0.268850,-0.290372,0.918368,0.000000,0.855017,0.367049,0.366359,0.000000,-0.443466,0.883716,0.149592,0.000000,-4.180778,-2.929500,53.892755,1.000000;;,
   24160;16;-0.268850,-0.290372,0.918368,0.000000,0.855037,0.367008,0.366352,0.000000,-0.443427,0.883733,0.149609,0.000000,-4.202874,-2.929500,53.887878,1.000000;;,
   24320;16;-0.268850,-0.290372,0.918367,0.000000,0.855057,0.366968,0.366345,0.000000,-0.443388,0.883750,0.149626,0.000000,-4.224354,-2.929500,53.883008,1.000000;;,
   24480;16;-0.268850,-0.290372,0.918368,0.000000,0.855078,0.366928,0.366338,0.000000,-0.443350,0.883767,0.149642,0.000000,-4.245126,-2.929501,53.878138,1.000000;;,
   24640;16;-0.268850,-0.290372,0.918368,0.000000,0.855098,0.366888,0.366332,0.000000,-0.443311,0.883783,0.149659,0.000000,-4.265130,-2.929500,53.873267,1.000000;;,
   24800;16;-0.268850,-0.290372,0.918368,0.000000,0.855118,0.366847,0.366325,0.000000,-0.443272,0.883800,0.149676,0.000000,-4.284350,-2.929500,53.868390,1.000000;;,
   24960;16;-0.268850,-0.290372,0.918368,0.000000,0.855138,0.366807,0.366318,0.000000,-0.443233,0.883817,0.149692,0.000000,-4.301581,-2.929500,53.863514,1.000000;;,
   25120;16;-0.268850,-0.290372,0.918368,0.000000,0.855158,0.366767,0.366311,0.000000,-0.443194,0.883833,0.149709,0.000000,-4.317021,-2.929500,53.858637,1.000000;;,
   25280;16;-0.268850,-0.290372,0.918368,0.000000,0.855179,0.366727,0.366304,0.000000,-0.443155,0.883850,0.149726,0.000000,-4.331864,-2.929501,53.857581,1.000000;;,
   25440;16;-0.268850,-0.290372,0.918368,0.000000,0.855199,0.366687,0.366297,0.000000,-0.443116,0.883867,0.149742,0.000000,-4.347303,-2.929500,53.860301,1.000000;;,
   25600;16;-0.268850,-0.290372,0.918368,0.000000,0.855219,0.366646,0.366291,0.000000,-0.443077,0.883883,0.149759,0.000000,-4.364534,-2.929500,53.863040,1.000000;;,
   25760;16;-0.268850,-0.290372,0.918368,0.000000,0.855239,0.366606,0.366284,0.000000,-0.443038,0.883900,0.149776,0.000000,-4.386788,-2.929500,53.865786,1.000000;;,
   25920;16;-0.268850,-0.290372,0.918368,0.000000,0.855259,0.366566,0.366277,0.000000,-0.442999,0.883917,0.149792,0.000000,-4.413494,-2.929500,53.868512,1.000000;;,
   26080;16;-0.268850,-0.290372,0.918368,0.000000,0.855279,0.366526,0.366270,0.000000,-0.442960,0.883933,0.149809,0.000000,-4.442658,-2.929500,53.871251,1.000000;;,
   26240;16;-0.268850,-0.290372,0.918368,0.000000,0.855300,0.366486,0.366263,0.000000,-0.442921,0.883950,0.149826,0.000000,-4.471730,-2.929500,53.873984,1.000000;;,
   26400;16;-0.268850,-0.290372,0.918368,0.000000,0.855320,0.366445,0.366256,0.000000,-0.442883,0.883967,0.149842,0.000000,-4.497603,-2.929500,53.876730,1.000000;;,
   26560;16;-0.268850,-0.290372,0.918368,0.000000,0.855340,0.366405,0.366249,0.000000,-0.442844,0.883983,0.149859,0.000000,-4.514072,-2.929500,53.879462,1.000000;;,
   26720;16;-0.268850,-0.290372,0.918368,0.000000,0.855360,0.366365,0.366243,0.000000,-0.442805,0.884000,0.149876,0.000000,-4.519132,-2.929500,53.882189,1.000000;;,
   26880;16;-0.268850,-0.290372,0.918368,0.000000,0.855380,0.366325,0.366236,0.000000,-0.442766,0.884017,0.149892,0.000000,-4.520390,-2.929500,53.884928,1.000000;;,
   27040;16;-0.268850,-0.290372,0.918368,0.000000,0.855400,0.366284,0.366229,0.000000,-0.442727,0.884033,0.149909,0.000000,-4.519116,-2.929500,53.887667,1.000000;;,
   27200;16;-0.268850,-0.290372,0.918368,0.000000,0.855420,0.366244,0.366222,0.000000,-0.442688,0.884050,0.149926,0.000000,-4.510243,-2.929501,53.890400,1.000000;;,
   27360;16;-0.268850,-0.290372,0.918368,0.000000,0.855441,0.366204,0.366215,0.000000,-0.442649,0.884067,0.149942,0.000000,-4.495142,-2.929500,53.893146,1.000000;;,
   27520;16;-0.268850,-0.290372,0.918368,0.000000,0.855461,0.366164,0.366209,0.000000,-0.442610,0.884083,0.149959,0.000000,-4.475636,-2.929500,53.895878,1.000000;;,
   27680;16;-0.268850,-0.290372,0.918368,0.000000,0.855481,0.366124,0.366202,0.000000,-0.442571,0.884100,0.149976,0.000000,-4.452275,-2.929500,53.898605,1.000000;;,
   27840;16;-0.268850,-0.290372,0.918368,0.000000,0.855501,0.366083,0.366195,0.000000,-0.442532,0.884117,0.149992,0.000000,-4.425776,-2.929500,53.901344,1.000000;;,
   28000;16;-0.268850,-0.290372,0.918368,0.000000,0.855521,0.366043,0.366188,0.000000,-0.442493,0.884133,0.150009,0.000000,-4.397029,-2.929500,53.904090,1.000000;;,
   28160;16;-0.268850,-0.290372,0.918368,0.000000,0.855541,0.366003,0.366181,0.000000,-0.442455,0.884150,0.150026,0.000000,-4.367366,-2.929500,53.906822,1.000000;;,
   28320;16;-0.268850,-0.290372,0.918368,0.000000,0.855561,0.365963,0.366174,0.000000,-0.442416,0.884167,0.150042,0.000000,-4.338428,-2.929501,53.909555,1.000000;;,
   28480;16;-0.268850,-0.290372,0.918368,0.000000,0.855581,0.365923,0.366168,0.000000,-0.442377,0.884183,0.150059,0.000000,-4.310896,-2.929500,53.912294,1.000000;;,
   28640;16;-0.268850,-0.290372,0.918368,0.000000,0.855602,0.365882,0.366161,0.000000,-0.442338,0.884200,0.150076,0.000000,-4.285299,-2.929500,53.915027,1.000000;;,
   28800;16;-0.268850,-0.290372,0.918368,0.000000,0.855622,0.365842,0.366154,0.000000,-0.442299,0.884217,0.150092,0.000000,-4.262029,-2.929500,53.917766,1.000000;;,
   28960;16;-0.268850,-0.290372,0.918368,0.000000,0.855642,0.365802,0.366147,0.000000,-0.442260,0.884233,0.150109,0.000000,-4.240434,-2.929501,53.920499,1.000000;;,
   29120;16;-0.268850,-0.290372,0.918368,0.000000,0.855662,0.365762,0.366140,0.000000,-0.442221,0.884250,0.150126,0.000000,-4.218817,-2.929500,53.923232,1.000000;;,
