xof 0303txt 0032
template Frame {
 <3d82ab46-62da-11cf-ab39-0020af71e433>
 [...]
}

template Matrix4x4 {
 <f6f23f45-7686-11cf-8f52-0040333594a3>
 array FLOAT matrix[16];
}

template FrameTransformMatrix {
 <f6f23f41-7686-11cf-8f52-0040333594a3>
 Matrix4x4 frameMatrix;
}

template AnimTicksPerSecond {
 <9e415a43-7ba6-4a73-8743-b73d47e88476>
 DWORD AnimTicksPerSecond;
}

template Animation {
 <3d82ab4f-62da-11cf-ab39-0020af71e433>
 [...]
}

template AnimationSet {
 <3d82ab50-62da-11cf-ab39-0020af71e433>
 [Animation <3d82ab4f-62da-11cf-ab39-0020af71e433>]
}

template FloatKeys {
 <10dd46a9-775b-11cf-8f52-0040333594a3>
 DWORD nValues;
 array FLOAT values[nValues];
}

template TimedFloatKeys {
 <f406b180-7b3b-11cf-8f52-0040333594a3>
 DWORD time;
 FloatKeys tfkeys;
}

template AnimationKey {
 <10dd46a8-775b-11cf-8f52-0040333594a3>
 DWORD keyType;
 DWORD nKeys;
 array TimedFloatKeys keys[nKeys];
}


Frame ARM_bear_framework {
 

 FrameTransformMatrix {
  -0.003937,0.000000,-0.000000,0.000000,-0.000000,-0.000000,0.003937,0.000000,-0.000000,0.003937,0.000000,0.000000,0.000000,0.000000,0.000000,1.000000;;
 }

 Frame _0__-com {
  

  FrameTransformMatrix {
   -0.268913,-0.290477,0.918318,0.000000,0.854426,0.368136,0.366650,0.000000,-0.444570,0.883232,0.149194,0.000000,-4.544900,-2.929500,53.802202,1.000000;;
  }

  Frame _1___body {
   

   FrameTransformMatrix {
    -0.000000,-0.000000,1.000000,0.000000,1.000000,-0.000000,0.000000,0.000000,0.000000,1.000000,-0.000000,0.000000,-0.000381,0.003582,-66.885805,1.000000;;
   }

   Frame _3___chest {
    

    FrameTransformMatrix {
     0.109434,-0.045712,-0.992942,0.000000,0.332306,0.943147,-0.006796,0.000000,0.936801,-0.329217,0.118403,0.000000,56.287104,0.003807,21.821398,1.000000;;
    }

    Frame _7___neck1 {
     

     FrameTransformMatrix {
      0.983360,0.170318,0.063206,0.000000,-0.174220,0.982727,0.062410,0.000000,-0.051485,-0.072384,0.996047,0.000000,-0.020691,-0.003601,102.560288,1.000000;;
     }

     Frame _10___claviclel {
      

      FrameTransformMatrix {
       -0.474807,0.879719,-0.025528,0.000000,-0.456607,-0.221438,0.861669,0.000000,0.752375,0.420783,0.506827,0.000000,-22.021995,18.294594,-26.261291,1.000000;;
      }

      Frame _15___arm1l {
       

       FrameTransformMatrix {
        0.359389,-0.871649,-0.333268,0.000000,0.759983,0.066138,0.646570,0.000000,-0.541540,-0.485648,0.686207,0.000000,0.001495,0.001114,50.675546,1.000000;;
       }

       Frame _20___arm2l {
        

        FrameTransformMatrix {
         0.147061,0.000000,0.989128,0.000000,0.000000,1.000000,-0.000000,0.000000,-0.989128,0.000000,0.147061,0.000000,-0.001144,0.000610,57.363238,1.000000;;
        }

        Frame _23___hand1l {
         

         FrameTransformMatrix {
          0.578034,-0.546245,-0.606212,0.000000,0.721519,0.689145,0.067007,0.000000,0.381165,-0.476127,0.792475,0.000000,-0.002548,-0.001999,60.932173,1.000000;;
         }

         Frame _25___hand2l {
          

          FrameTransformMatrix {
           0.918826,-0.000717,-0.394661,0.000000,0.000782,1.000000,0.000004,0.000000,0.394661,-0.000312,0.918826,0.000000,2.007439,0.005821,18.800354,1.000000;;
          }

          Frame _25___hand2l_end {
           

           FrameTransformMatrix {
            1.000000,0.000000,0.000000,0.000000,-0.000000,1.000000,-0.000000,0.000000,0.000000,0.000000,1.000000,0.000000,-0.000008,0.000000,1.000021,1.000000;;
           }
          }
         }
        }
       }
      }
     }

     Frame _11___clavicler {
      

      FrameTransformMatrix {
       -0.469433,-0.878895,0.084714,0.000000,0.172503,-0.185382,-0.967407,0.000000,0.865954,-0.439520,0.238636,0.000000,-27.514291,-13.399708,-23.926800,1.000000;;
      }

      Frame _16___arm1r {
       

       FrameTransformMatrix {
        0.243382,0.841167,-0.482911,0.000000,-0.744373,-0.157210,-0.648994,0.000000,-0.621831,0.517419,0.587881,0.000000,-0.001472,-0.000198,50.677894,1.000000;;
       }

       Frame _21___arm2r {
        

        FrameTransformMatrix {
         0.167996,-0.000000,0.985788,0.000000,-0.000000,1.000000,0.000000,0.000000,-0.985788,-0.000000,0.167996,0.000000,-0.000320,0.001955,57.364026,1.000000;;
        }

        Frame _24___hand1r {
         

         FrameTransformMatrix {
          0.924241,0.370441,-0.092473,0.000000,-0.363682,0.927891,0.082182,0.000000,0.116249,-0.042325,0.992318,0.000000,0.000391,-0.000942,60.929779,1.000000;;
         }

         Frame _26___hand2r {
          

          FrameTransformMatrix {
           0.960417,0.000764,-0.278564,0.000000,-0.000796,1.000000,-0.000001,0.000000,0.278564,0.000222,0.960417,0.000000,2.006129,-0.007055,18.800507,1.000000;;
          }

          Frame _26___hand2r_end {
           

           FrameTransformMatrix {
            1.000000,-0.000000,0.000000,0.000000,0.000000,1.000000,-0.000000,0.000000,0.000000,0.000000,1.000000,0.000000,0.000004,-0.000004,1.000046,1.000000;;
           }
          }
         }
        }
       }
      }
     }

     Frame _12___neck2 {
      

      FrameTransformMatrix {
       0.936964,0.057634,0.344641,0.000000,-0.187485,0.915231,0.356655,0.000000,-0.294870,-0.398788,0.868343,0.000000,-0.019291,-0.001209,26.395898,1.000000;;
      }

      Frame _17___head {
       

       FrameTransformMatrix {
        0.503762,-0.035689,0.863105,0.000000,-0.413332,0.867390,0.277113,0.000000,-0.758538,-0.496348,0.422207,0.000000,-0.000790,-0.000542,25.880211,1.000000;;
       }

       Frame _22___head2 {
        

        FrameTransformMatrix {
         -0.033697,-0.000000,-0.999432,0.000000,0.000000,1.000000,-0.000000,0.000000,0.999432,0.000000,-0.033697,0.000000,22.453797,0.000008,-18.316106,1.000000;;
        }

        Frame _22___head2_end {
         

         FrameTransformMatrix {
          1.000000,0.000000,0.000000,0.000000,-0.000000,1.000000,-0.000000,0.000000,0.000000,0.000000,1.000000,0.000000,-0.000004,-0.000015,1.000015,1.000000;;
         }
        }
       }
      }
     }
    }
   }

   Frame _4___leg1l {
    

    FrameTransformMatrix {
     0.724324,0.548403,0.417863,0.000000,0.577151,-0.813835,0.067643,0.000000,0.377167,0.192174,-0.905990,0.000000,-0.000061,34.856858,-0.002224,1.000000;;
    }

    Frame _8___leg2l {
     

     FrameTransformMatrix {
      0.323472,-0.000000,0.946238,0.000000,0.000000,1.000000,0.000000,0.000000,-0.946238,0.000000,0.323472,0.000000,-0.000500,-0.002434,58.023059,1.000000;;
     }

     Frame _13___foot1l {
      

      FrameTransformMatrix {
       0.841910,0.499838,0.203347,0.000000,-0.468559,0.864066,-0.183963,0.000000,-0.267657,0.059599,0.961669,0.000000,0.002068,-0.001785,55.121658,1.000000;;
      }

      Frame _18___foot2l {
       

       FrameTransformMatrix {
        0.340836,0.028442,-0.939692,0.000000,-0.083102,0.996541,0.000021,0.000000,0.936442,0.078084,0.342020,0.000000,14.379392,-0.000183,7.796959,1.000000;;
       }

       Frame _18___foot2l_end {
        

        FrameTransformMatrix {
         1.000000,0.000000,0.000000,0.000000,-0.000000,1.000000,0.000000,0.000000,-0.000000,0.000000,1.000000,0.000000,-0.000015,0.000000,0.999995,1.000000;;
        }
       }
      }
     }
    }
   }

   Frame _5___leg1r {
    

    FrameTransformMatrix {
     0.965486,-0.112085,0.235105,0.000000,0.001670,-0.899983,-0.435922,0.000000,0.260451,0.421269,-0.868733,0.000000,0.000114,-34.856720,0.002180,1.000000;;
    }

    Frame _9___leg2r {
     

     FrameTransformMatrix {
      0.294084,0.000000,0.955780,0.000000,-0.000000,1.000000,-0.000000,0.000000,-0.955780,-0.000000,0.294084,0.000000,-0.001053,-0.001669,58.023181,1.000000;;
     }

     Frame _14___foot1r {
      

      FrameTransformMatrix {
       0.860629,0.333860,0.384520,0.000000,-0.490456,0.746592,0.449503,0.000000,-0.137009,-0.575445,0.806282,0.000000,-0.002380,0.000336,55.119354,1.000000;;
      }

      Frame _19___foot2r {
       

       FrameTransformMatrix {
        -0.000036,-0.000001,-1.000000,0.000000,-0.055403,0.998464,0.000001,0.000000,0.998464,0.055403,-0.000036,0.000000,14.380352,-0.000122,7.795334,1.000000;;
       }

       Frame _19___foot2r_end {
        

        FrameTransformMatrix {
         1.000000,-0.000000,-0.000000,0.000000,0.000000,1.000000,0.000000,0.000000,0.000000,-0.000000,1.000000,0.000000,-0.000008,0.000008,0.999992,1.000000;;
        }
       }
      }
     }
    }
   }

   Frame _6___tail1 {
    

    FrameTransformMatrix {
     -0.584521,-0.389714,0.711659,0.000000,-0.724943,0.644769,-0.242347,0.000000,-0.364409,-0.657568,-0.659400,0.000000,-19.580811,0.008102,8.996799,1.000000;;
    }

    Frame _6___tail1_end {
     

     FrameTransformMatrix {
      1.000000,0.000000,0.000000,0.000000,0.000000,1.000000,0.000000,0.000000,0.000000,0.000000,1.000000,0.000000,0.000004,-0.000015,1.000002,1.000000;;
     }
    }
   }
  }

  Frame _2__-footsteps {
   

   FrameTransformMatrix {
    -0.290469,0.368128,0.883238,0.000000,0.918318,0.366654,0.149187,0.000000,-0.268923,0.854428,-0.444560,0.000000,-49.409101,-19.721605,-8.026198,1.000000;;
   }

   Frame _2__-footsteps_end {
    

    FrameTransformMatrix {
     1.000000,0.000000,-0.000000,0.000000,0.000000,1.000000,0.000000,0.000000,-0.000000,0.000000,1.000000,0.000000,-0.000000,-0.000000,1.000000,1.000000;;
    }
   }
  }
 }
}

AnimTicksPerSecond  {
 4800;
}

AnimationSet Dummy {
 

 Animation {
  
  { ARM_bear_framework }

  AnimationKey  {
   4;
   2;
   0;16;-0.003937,0.000000,-0.000000,0.000000,-0.000000,-0.000000,0.003937,0.000000,-0.000000,0.003937,0.000000,0.000000,0.000000,0.000000,0.000000,1.000000;;,
   32000;16;-0.003937,0.000000,-0.000000,0.000000,-0.000000,-0.000000,0.003937,0.000000,-0.000000,0.003937,0.000000,0.000000,0.000000,0.000000,0.000000,1.000000;;;
  }
 }

 Animation {
  
  { _0__-com }

  AnimationKey  {
   4;
   201;
   0;16;-0.268913,-0.290477,0.918318,0.000000,0.854426,0.368136,0.366650,0.000000,-0.444570,0.883232,0.149194,0.000000,-4.544900,-2.929500,53.802202,1.000000;;,
   160;16;-0.271698,-0.287783,0.918347,0.000000,0.854131,0.367583,0.367890,0.000000,-0.443441,0.884344,0.145933,0.000000,-4.545330,-2.929500,53.669488,1.000000;;,
   320;16;-0.278476,-0.281749,0.918187,0.000000,0.852707,0.367403,0.371356,0.000000,-0.441974,0.886359,0.137937,0.000000,-4.545760,-2.929500,53.371885,1.000000;;,
   480;16;-0.287238,-0.274698,0.917625,0.000000,0.850709,0.367116,0.376191,0.000000,-0.440214,0.888688,0.128238,0.000000,-4.546189,-2.929500,53.023578,1.000000;;,
   640;16;-0.296757,-0.268099,0.916547,0.000000,0.848397,0.366557,0.381913,0.000000,-0.438357,0.890932,0.118676,0.000000,-4.546620,-2.929501,52.696435,1.000000;;,
   800;16;-0.306589,-0.262567,0.914911,0.000000,0.845744,0.365863,0.388409,0.000000,-0.436716,0.892862,0.109895,0.000000,-4.547050,-2.929500,52.419974,1.000000;;,
   960;16;-0.317950,-0.257063,0.912593,0.000000,0.842339,0.365206,0.396346,0.000000,-0.435170,0.894731,0.100417,0.000000,-4.547480,-2.929500,52.143539,1.000000;;,
   1120;16;-0.328645,-0.251517,0.910346,0.000000,0.839150,0.364536,0.403659,0.000000,-0.433381,0.896578,0.091258,0.000000,-4.547911,-2.929500,51.867088,1.000000;;,
   1280;16;-0.339212,-0.246001,0.907975,0.000000,0.835905,0.363917,0.410885,0.000000,-0.431506,0.898358,0.082188,0.000000,-4.548340,-2.929501,51.588250,1.000000;;,
   1440;16;-0.349715,-0.240521,0.905455,0.000000,0.832575,0.363350,0.418085,0.000000,-0.429556,0.900070,0.073182,0.000000,-4.548770,-2.929500,51.306835,1.000000;;,
   1600;16;-0.359756,-0.235019,0.902962,0.000000,0.829391,0.362769,0.424864,0.000000,-0.427418,0.901756,0.064414,0.000000,-4.549200,-2.929500,51.024966,1.000000;;,
   1760;16;-0.364525,-0.229001,0.902596,0.000000,0.828256,0.363250,0.426664,0.000000,-0.425574,0.903110,0.057257,0.000000,-4.549629,-2.929500,50.758752,1.000000;;,
   1920;16;-0.365846,-0.222676,0.903644,0.000000,0.828803,0.363742,0.425179,0.000000,-0.423370,0.904493,0.051481,0.000000,-4.550059,-2.929500,50.497325,1.000000;;,
   2080;16;-0.365991,-0.216387,0.905112,0.000000,0.829889,0.364215,0.422648,0.000000,-0.421111,0.905828,0.046278,0.000000,-4.550489,-2.929501,50.244547,1.000000;;,
   2240;16;-0.366090,-0.210473,0.906465,0.000000,0.830921,0.364641,0.420246,0.000000,-0.418985,0.907049,0.041395,0.000000,-4.550919,-2.929500,50.008835,1.000000;;,
   2400;16;-0.366117,-0.205268,0.907647,0.000000,0.831852,0.364998,0.418089,0.000000,-0.417110,0.908098,0.037120,0.000000,-4.551349,-2.929500,49.803203,1.000000;;,
   2560;16;-0.366062,-0.200988,0.908627,0.000000,0.832651,0.365274,0.416252,0.000000,-0.415560,0.908943,0.033640,0.000000,-4.551779,-2.929500,49.645443,1.000000;;,
   2720;16;-0.361365,-0.197031,0.911369,0.000000,0.835493,0.365518,0.410302,0.000000,-0.413964,0.909712,0.032532,0.000000,-4.552209,-2.929500,49.521830,1.000000;;,
   2880;16;-0.352066,-0.192793,0.915904,0.000000,0.840353,0.365777,0.400018,0.000000,-0.412137,0.910515,0.033236,0.000000,-4.552639,-2.929500,49.409808,1.000000;;,
   3040;16;-0.338378,-0.187765,0.922087,0.000000,0.847032,0.366084,0.385381,0.000000,-0.409923,0.911442,0.035167,0.000000,-4.553069,-2.929500,49.286720,1.000000;;,
   3200;16;-0.320706,-0.181528,0.929621,0.000000,0.855172,0.366465,0.366583,0.000000,-0.407219,0.912552,0.037710,0.000000,-4.553499,-2.929500,49.129898,1.000000;;,
   3360;16;-0.297755,-0.173770,0.938694,0.000000,0.864981,0.366932,0.342299,0.000000,-0.403918,0.913874,0.041052,0.000000,-4.553929,-2.905165,48.941853,1.000000;;,
   3520;16;-0.268716,-0.164691,0.949035,0.000000,0.876196,0.367457,0.311858,0.000000,-0.400090,0.915343,0.045560,0.000000,-4.554358,-2.838309,48.725891,1.000000;;,
   3680;16;-0.235078,-0.154597,0.959603,0.000000,0.888165,0.366888,0.276686,0.000000,-0.394842,0.917329,0.051060,0.000000,-4.554788,-2.740997,48.467683,1.000000;;,
   3840;16;-0.198061,-0.143718,0.969596,0.000000,0.900146,0.364849,0.237954,0.000000,-0.387954,0.919908,0.057105,0.000000,-4.555218,-2.621357,48.162822,1.000000;;,
   4000;16;-0.158597,-0.132208,0.978452,0.000000,0.911314,0.361742,0.196593,0.000000,-0.379938,0.922856,0.063112,0.000000,-4.555648,-2.483581,47.816915,1.000000;;,
   4160;16;-0.113743,-0.119706,0.986272,0.000000,0.922008,0.357072,0.149670,0.000000,-0.370087,0.926375,0.069755,0.000000,-4.559790,-2.310996,47.405376,1.000000;;,
   4320;16;-0.066527,-0.107466,0.991980,0.000000,0.930626,0.351892,0.100535,0.000000,-0.359874,0.929851,0.076601,0.000000,-4.563930,-2.139420,46.960614,1.000000;;,
   4480;16;-0.017473,-0.095503,0.995276,0.000000,0.936861,0.346158,0.049664,0.000000,-0.349266,0.933302,0.083425,0.000000,-4.568070,-1.968179,46.485168,1.000000;;,
   4640;16;0.033373,-0.083826,0.995921,0.000000,0.940481,0.339833,-0.002911,0.000000,-0.338203,0.936742,0.090178,0.000000,-4.572211,-1.796600,45.978272,1.000000;;,
   4800;16;0.086440,-0.072443,0.993620,0.000000,0.941207,0.332881,-0.057611,0.000000,-0.326584,0.940182,0.096958,0.000000,-4.576351,-1.624011,45.435875,1.000000;;,
   4960;16;0.139747,-0.062515,0.988212,0.000000,0.938577,0.326361,-0.112081,0.000000,-0.315507,0.943176,0.104283,0.000000,-4.579022,-1.486242,44.906141,1.000000;;,
   5120;16;0.194045,-0.053095,0.979555,0.000000,0.932616,0.319684,-0.167419,0.000000,-0.304259,0.946035,0.111550,0.000000,-4.581693,-1.366624,44.366682,1.000000;;,
   5280;16;0.248681,-0.044459,0.967564,0.000000,0.923168,0.313184,-0.222880,0.000000,-0.293117,0.948651,0.118926,0.000000,-4.584364,-1.269343,43.826877,1.000000;;,
   5440;16;0.301413,-0.037187,0.952768,0.000000,0.910572,0.307652,-0.276057,0.000000,-0.282856,0.950772,0.126591,0.000000,-4.585837,-1.202519,43.322723,1.000000;;,
   5600;16;0.348568,-0.032153,0.936732,0.000000,0.896125,0.304339,-0.323012,0.000000,-0.274698,0.952021,0.134897,0.000000,-4.583724,-1.178200,42.916906,1.000000;;,
   5760;16;0.388043,-0.028922,0.921187,0.000000,0.881579,0.303134,-0.361840,0.000000,-0.268778,0.952509,0.143126,0.000000,-4.581612,-1.182110,42.614032,1.000000;;,
   5920;16;0.422673,-0.026312,0.905900,0.000000,0.867254,0.301920,-0.395872,0.000000,-0.263093,0.952970,0.150433,0.000000,-4.579499,-1.208888,42.374160,1.000000;;,
   6080;16;0.454143,-0.024189,0.890600,0.000000,0.852588,0.301892,-0.426560,0.000000,-0.258547,0.953035,0.157726,0.000000,-4.577386,-1.275897,42.210086,1.000000;;,
   6240;16;0.484316,-0.022351,0.874607,0.000000,0.836948,0.303052,-0.455717,0.000000,-0.254866,0.952712,0.165480,0.000000,-4.575272,-1.392749,42.121555,1.000000;;,
   6400;16;0.515199,-0.020530,0.856825,0.000000,0.819589,0.304211,-0.485520,0.000000,-0.250687,0.952384,0.173555,0.000000,-4.573160,-1.561300,42.095302,1.000000;;,
   6560;16;0.548270,-0.019640,0.836071,0.000000,0.798697,0.308710,-0.516509,0.000000,-0.247959,0.950954,0.184943,0.000000,-4.571046,-1.805380,42.192826,1.000000;;,
   6720;16;0.581085,-0.020251,0.813591,0.000000,0.775377,0.317480,-0.545890,0.000000,-0.247244,0.948049,0.200186,0.000000,-4.563724,-2.146893,42.497677,1.000000;;,
   6880;16;0.611785,-0.021558,0.790730,0.000000,0.751067,0.329518,-0.572115,0.000000,-0.248226,0.943903,0.217786,0.000000,-4.553478,-2.572133,42.988112,1.000000;;,
   7040;16;0.639469,-0.023083,0.768470,0.000000,0.726850,0.343876,-0.594507,0.000000,-0.250535,0.938731,0.236676,0.000000,-4.541661,-3.065166,43.635270,1.000000;;,
   7200;16;0.664078,-0.024676,0.747255,0.000000,0.703325,0.359678,-0.613160,0.000000,-0.253641,0.932750,0.256210,0.000000,-4.528702,-3.607826,44.403126,1.000000;;,
   7360;16;0.685655,-0.027237,0.727416,0.000000,0.680458,0.378933,-0.627205,0.000000,-0.258559,0.925023,0.278351,0.000000,-4.513304,-4.255326,45.409245,1.000000;;,
   7520;16;0.706286,-0.029732,0.707302,0.000000,0.656959,0.399769,-0.639210,0.000000,-0.263752,0.916134,0.301884,0.000000,-4.496761,-4.954861,46.519997,1.000000;;,
   7680;16;0.726363,-0.031860,0.686573,0.000000,0.632584,0.421605,-0.649681,0.000000,-0.268764,0.906219,0.326392,0.000000,-4.479427,-5.691548,47.704346,1.000000;;,
   7840;16;0.745862,-0.033579,0.665253,0.000000,0.607345,0.444411,-0.658506,0.000000,-0.273534,0.895193,0.351864,0.000000,-4.461285,-6.465925,48.963773,1.000000;;,
   8000;16;0.764400,-0.035111,0.643786,0.000000,0.581550,0.468668,-0.664944,0.000000,-0.278375,0.882676,0.378668,0.000000,-4.441961,-7.293944,50.332326,1.000000;;,
   8160;16;0.781657,-0.036263,0.622653,0.000000,0.555500,0.494412,-0.668562,0.000000,-0.283603,0.868471,0.406605,0.000000,-4.421512,-8.171350,51.783984,1.000000;;,
   8320;16;0.798469,-0.036921,0.600903,0.000000,0.528429,0.521223,-0.670141,0.000000,-0.288462,0.852621,0.435691,0.000000,-4.399985,-9.095561,53.314016,1.000000;;,
   8480;16;0.814612,-0.037060,0.578822,0.000000,0.500643,0.548814,-0.669447,0.000000,-0.292856,0.835123,0.465624,0.000000,-4.377472,-10.062876,54.917325,1.000000;;,
   8640;16;0.829594,-0.036673,0.557162,0.000000,0.473108,0.576126,-0.666519,0.000000,-0.296553,0.816538,0.495300,0.000000,-4.354755,-11.039328,56.531942,1.000000;;,
   8800;16;0.842708,-0.035774,0.537181,0.000000,0.447443,0.601425,-0.661878,0.000000,-0.299397,0.798128,0.522832,0.000000,-4.333300,-11.960702,58.039104,1.000000;;,
   8960;16;0.853458,-0.034386,0.520025,0.000000,0.425136,0.623082,-0.656527,0.000000,-0.301443,0.781401,0.546393,0.000000,-4.314599,-12.763220,59.342477,1.000000;;,
   9120;16;0.862635,-0.032884,0.504756,0.000000,0.405064,0.642578,-0.650398,0.000000,-0.302957,0.765515,0.567630,0.000000,-4.297469,-13.498131,60.531859,1.000000;;,
   9280;16;0.870969,-0.031226,0.490344,0.000000,0.385815,0.661412,-0.643180,0.000000,-0.304235,0.749372,0.588117,0.000000,-4.280645,-14.218994,61.678829,1.000000;;,
   9440;16;0.879148,-0.029254,0.475649,0.000000,0.365906,0.680889,-0.634431,0.000000,-0.305305,0.731802,0.609307,0.000000,-4.262909,-14.977342,62.856013,1.000000;;,
   9600;16;0.887813,-0.026699,0.459428,0.000000,0.343802,0.702111,-0.623571,0.000000,-0.305921,0.711567,0.632522,0.000000,-4.243100,-15.822701,64.137101,1.000000;;,
   9760;16;0.897329,-0.022996,0.440763,0.000000,0.318047,0.726098,-0.609613,0.000000,-0.306018,0.687207,0.658862,0.000000,-4.220018,-16.807176,65.606963,1.000000;;,
   9920;16;0.906907,-0.018408,0.420928,0.000000,0.290349,0.751256,-0.592716,0.000000,-0.305314,0.659754,0.686664,0.000000,-4.194917,-17.876010,67.168614,1.000000;;,
   10080;16;0.915973,-0.013136,0.401024,0.000000,0.262322,0.775884,-0.573751,0.000000,-0.303611,0.630738,0.714135,0.000000,-4.169258,-18.964971,68.710899,1.000000;;,
   10240;16;0.924252,-0.007330,0.381713,0.000000,0.234910,0.799069,-0.553448,0.000000,-0.300958,0.601194,0.740264,0.000000,-4.143916,-20.036349,70.175046,1.000000;;,
   10400;16;0.931712,-0.001086,0.363197,0.000000,0.208414,0.820570,-0.532192,0.000000,-0.297450,0.571545,0.764761,0.000000,-4.119176,-21.078939,71.554797,1.000000;;,
   10560;16;0.938436,0.005779,0.345404,0.000000,0.182386,0.840860,-0.509596,0.000000,-0.293382,0.541221,0.788040,0.000000,-4.094542,-22.111160,72.844077,1.000000;;,
   10720;16;0.944549,0.013093,0.328108,0.000000,0.156979,0.859624,-0.486213,0.000000,-0.288415,0.510758,0.809903,0.000000,-4.070334,-23.119026,74.040666,1.000000;;,
   10880;16;0.950107,0.020869,0.311225,0.000000,0.132086,0.876970,-0.462035,0.000000,-0.282577,0.480091,0.830459,0.000000,-4.046437,-24.109034,75.164947,1.000000;;,
   11040;16;0.955125,0.029071,0.294772,0.000000,0.107727,0.892927,-0.437122,0.000000,-0.275917,0.449261,0.849726,0.000000,-4.022842,-25.081573,76.217299,1.000000;;,
   11200;16;0.959595,0.037618,0.278859,0.000000,0.084045,0.907469,-0.411626,0.000000,-0.268541,0.418431,0.867641,0.000000,-3.999648,-26.030995,77.178093,1.000000;;,
   11360;16;0.963497,0.046574,0.263636,0.000000,0.061290,0.920225,-0.386562,0.000000,-0.260608,0.388610,0.883779,0.000000,-3.977450,-26.927478,78.008749,1.000000;;,
   11520;16;0.967012,0.056054,0.248488,0.000000,0.038717,0.931813,-0.360868,0.000000,-0.251772,0.358584,0.898904,0.000000,-3.955320,-27.814000,78.781587,1.000000;;,
   11680;16;0.970080,0.065870,0.233677,0.000000,0.016740,0.942053,-0.335045,0.000000,-0.242205,0.328932,0.912765,0.000000,-3.933662,-28.672746,79.470586,1.000000;;,
   11840;16;0.972642,0.075667,0.219641,0.000000,-0.003930,0.950692,-0.310113,0.000000,-0.232276,0.300765,0.924980,0.000000,-3.913224,-29.473357,80.058189,1.000000;;,
   12000;16;0.974649,0.084921,0.206995,0.000000,-0.022333,0.957474,-0.287654,0.000000,-0.222620,0.275739,0.935098,0.000000,-3.895100,-30.173002,80.535411,1.000000;;,
   12160;16;0.976164,0.093372,0.195923,0.000000,-0.038332,0.962707,-0.267817,0.000000,-0.213623,0.253923,0.943339,0.000000,-3.880627,-30.805933,80.939827,1.000000;;,
   12320;16;0.977350,0.101217,0.185857,0.000000,-0.052650,0.966891,-0.249700,0.000000,-0.204977,0.234259,0.950319,0.000000,-3.868717,-31.393418,81.277728,1.000000;;,
   12480;16;0.978266,0.108587,0.176645,0.000000,-0.065479,0.970098,-0.233716,0.000000,-0.196741,0.217070,0.956124,0.000000,-3.857744,-31.885866,81.522566,1.000000;;,
   12640;16;0.978966,0.115712,0.168035,0.000000,-0.077207,0.972472,-0.219858,0.000000,-0.188850,0.202260,0.960951,0.000000,-3.846060,-32.252659,81.651635,1.000000;;,
   12800;16;0.979488,0.122915,0.159674,0.000000,-0.088394,0.974194,-0.207685,0.000000,-0.181081,0.189311,0.965076,0.000000,-3.832000,-32.482202,81.646118,1.000000;;,
   12960;16;0.979898,0.131513,0.150017,0.000000,-0.100741,0.975233,-0.196905,0.000000,-0.172197,0.177834,0.968877,0.000000,-3.814098,-32.604979,81.640595,1.000000;;,
   13120;16;0.980108,0.139954,0.140719,0.000000,-0.112200,0.975583,-0.188810,0.000000,-0.163707,0.169266,0.971879,0.000000,-3.794127,-32.656806,81.486432,1.000000;;,
   13280;16;0.980121,0.146040,0.134295,0.000000,-0.120120,0.975526,-0.184176,0.000000,-0.157905,0.164383,0.973675,0.000000,-3.773839,-32.684976,81.231277,1.000000;;,
   13440;16;0.980039,0.149198,0.131390,0.000000,-0.123840,0.975167,-0.183612,0.000000,-0.155521,0.163676,0.974178,0.000000,-3.753229,-32.647546,80.892947,1.000000;;,
   13600;16;0.979927,0.150470,0.130774,0.000000,-0.124605,0.974348,-0.187400,0.000000,-0.155617,0.167343,0.973539,0.000000,-3.730543,-32.413293,80.459475,1.000000;;,
   13760;16;0.979826,0.151735,0.130065,0.000000,-0.124447,0.972474,-0.196994,0.000000,-0.156376,0.176833,0.971739,0.000000,-3.707944,-31.770886,79.912032,1.000000;;,
   13920;16;0.979774,0.152600,0.129443,0.000000,-0.123999,0.970707,-0.205797,0.000000,-0.157056,0.185584,0.969996,0.000000,-3.695998,-31.108275,79.469856,1.000000;;,
   14080;16;0.979751,0.152458,0.129784,0.000000,-0.122520,0.969205,-0.213612,0.000000,-0.158354,0.193385,0.968259,0.000000,-3.692201,-30.454122,79.146957,1.000000;;,
   14240;16;0.979733,0.150798,0.131845,0.000000,-0.119322,0.968052,-0.220537,0.000000,-0.160890,0.200336,0.966426,0.000000,-3.693000,-29.803075,78.952634,1.000000;;,
   14400;16;0.979674,0.147204,0.136271,0.000000,-0.113766,0.967237,-0.226956,0.000000,-0.165215,0.206840,0.964324,0.000000,-3.693800,-29.115776,78.891558,1.000000;;,
   14560;16;0.979590,0.143239,0.141017,0.000000,-0.108455,0.967325,-0.229172,0.000000,-0.169236,0.209200,0.963117,0.000000,-3.694600,-28.573155,78.830483,1.000000;;,
   14720;16;0.979527,0.139031,0.145589,0.000000,-0.103895,0.968583,-0.225947,0.000000,-0.172429,0.206196,0.963198,0.000000,-3.706912,-28.121622,79.099078,1.000000;;,
   14880;16;0.979499,0.134066,0.150359,0.000000,-0.099799,0.971299,-0.215914,0.000000,-0.174991,0.196482,0.964766,0.000000,-3.736638,-27.767917,79.819712,1.000000;;,
   15040;16;0.979490,0.128454,0.155236,0.000000,-0.096176,0.975064,-0.199999,0.000000,-0.177056,0.180967,0.967420,0.000000,-3.781692,-27.532614,80.906144,1.000000;;,
   15200;16;0.979488,0.122931,0.159658,0.000000,-0.093282,0.978959,-0.181486,0.000000,-0.178609,0.162870,0.970346,0.000000,-3.832000,-27.450202,82.063802,1.000000;;,
   15360;16;0.979502,0.118159,0.163140,0.000000,-0.091318,0.982355,-0.163217,0.000000,-0.179547,0.144974,0.973008,0.000000,-3.878136,-27.487446,83.102982,1.000000;;,
   15520;16;0.979542,0.113627,0.166094,0.000000,-0.090039,0.985583,-0.143245,0.000000,-0.179976,0.125360,0.975650,0.000000,-3.926474,-27.602480,84.196826,1.000000;;,
   15680;16;0.979604,0.108947,0.168838,0.000000,-0.089120,0.988659,-0.120875,0.000000,-0.180092,0.103363,0.978204,0.000000,-3.980810,-27.802192,85.363654,1.000000;;,
   15840;16;0.979674,0.103762,0.171674,0.000000,-0.088220,0.991481,-0.095826,0.000000,-0.180154,0.078733,0.980482,0.000000,-4.043688,-28.079478,86.608717,1.000000;;,
   16000;16;0.979725,0.097752,0.174879,0.000000,-0.086982,0.993870,-0.068243,0.000000,-0.180478,0.051648,0.982222,0.000000,-4.116400,-28.413302,87.924301,1.000000;;,
   16160;16;0.979763,0.090494,0.178535,0.000000,-0.085245,0.995677,-0.036875,0.000000,-0.181101,0.020910,0.983242,0.000000,-4.203515,-28.832995,89.380678,1.000000;;,
   16320;16;0.979787,0.082269,0.182344,0.000000,-0.083325,0.996521,-0.001877,0.000000,-0.181864,-0.013355,0.983233,0.000000,-4.303318,-29.347606,90.944525,1.000000;;,
   16480;16;0.979785,0.073490,0.186064,0.000000,-0.081342,0.996074,0.034913,0.000000,-0.182767,-0.049342,0.981917,0.000000,-4.409681,-29.909402,92.504237,1.000000;;,
   16640;16;0.979757,0.064443,0.189535,0.000000,-0.079367,0.994226,0.072224,0.000000,-0.183786,-0.085804,0.979214,0.000000,-4.518583,-30.490106,93.999802,1.000000;;,
   16800;16;0.979702,0.055289,0.192683,0.000000,-0.077436,0.990980,0.109372,0.000000,-0.184898,-0.122072,0.975147,0.000000,-4.628113,-31.080922,95.423021,1.000000;;,
   16960;16;0.979641,0.045643,0.195500,0.000000,-0.075428,0.986147,0.147729,0.000000,-0.186049,-0.159468,0.969513,0.000000,-4.742926,-31.708947,96.776307,1.000000;;,
   17120;16;0.979550,0.035729,0.198002,0.000000,-0.073436,0.979703,0.186516,0.000000,-0.187320,-0.197242,0.962292,0.000000,-4.858372,-32.313158,98.042272,1.000000;;,
   17280;16;0.979428,0.025595,0.200162,0.000000,-0.071477,0.971615,0.225511,0.000000,-0.188708,-0.235179,0.953457,0.000000,-4.974344,-32.900464,99.240851,1.000000;;,
   17440;16;0.979275,0.015244,0.201961,0.000000,-0.069555,0.961830,0.264660,0.000000,-0.190218,-0.273222,0.942956,0.000000,-5.090922,-33.472115,100.372717,1.000000;;,
   17600;16;0.979086,0.004636,0.203392,0.000000,-0.067666,0.950244,0.304069,0.000000,-0.191863,-0.311472,0.930684,0.000000,-5.208382,-34.023818,101.419296,1.000000;;,
   17760;16;0.978891,-0.006163,0.204289,0.000000,-0.065771,0.936876,0.343420,0.000000,-0.193510,-0.349607,0.916695,0.000000,-5.322556,-34.479968,102.325626,1.000000;;,
   17920;16;0.978659,-0.017308,0.204761,0.000000,-0.063903,0.921407,0.383308,0.000000,-0.195303,-0.388213,0.900637,0.000000,-5.437322,-34.907869,103.169587,1.000000;;,
   18080;16;0.978388,-0.028669,0.204781,0.000000,-0.062092,0.903906,0.423201,0.000000,-0.197235,-0.426770,0.882590,0.000000,-5.550978,-35.282384,103.923821,1.000000;;,
   18240;16;0.978084,-0.039853,0.204359,0.000000,-0.060406,0.884980,0.461694,0.000000,-0.199254,-0.463920,0.863178,0.000000,-5.659273,-35.557114,104.565683,1.000000;;,
   18400;16;0.977777,-0.050207,0.203549,0.000000,-0.058921,0.865958,0.496633,0.000000,-0.201199,-0.497590,0.843755,0.000000,-5.755401,-35.664403,105.077402,1.000000;;,
   18560;16;0.977510,-0.059099,0.202440,0.000000,-0.057669,0.848436,0.526147,0.000000,-0.202852,-0.525988,0.825946,0.000000,-5.835466,-35.640998,105.488794,1.000000;;,
   18720;16;0.977249,-0.067076,0.201207,0.000000,-0.056601,0.831789,0.552199,0.000000,-0.204402,-0.551025,0.809068,0.000000,-5.904847,-35.617584,105.814240,1.000000;;,
   18880;16;0.976985,-0.074717,0.199794,0.000000,-0.055619,0.815013,0.576767,0.000000,-0.205929,-0.574605,0.792100,0.000000,-5.967125,-35.545024,106.008486,1.000000;;,
   19040;16;0.976697,-0.082588,0.198094,0.000000,-0.054652,0.796862,0.601684,0.000000,-0.207546,-0.598490,0.773779,0.000000,-6.026721,-35.402253,106.100141,1.000000;;,
   19200;16;0.976357,-0.091253,0.195957,0.000000,-0.053652,0.775861,0.628619,0.000000,-0.209399,-0.624270,0.752621,0.000000,-6.088900,-35.196304,106.191808,1.000000;;,
   19360;16;0.975965,-0.101161,0.193027,0.000000,-0.052536,0.750398,0.658895,0.000000,-0.211501,-0.653199,0.727047,0.000000,-6.156508,-34.769325,106.149050,1.000000;;,
   19520;16;0.975518,-0.111684,0.189450,0.000000,-0.051439,0.721682,0.690311,0.000000,-0.213819,-0.683156,0.698269,0.000000,-6.223854,-34.030848,106.106259,1.000000;;,
   19680;16;0.975034,-0.122193,0.185414,0.000000,-0.050449,0.691252,0.720850,0.000000,-0.216251,-0.712207,0.667829,0.000000,-6.287811,-33.084896,106.063482,1.000000;;,
   19840;16;0.974532,-0.132322,0.181049,0.000000,-0.049595,0.660189,0.749460,0.000000,-0.218696,-0.739352,0.636813,0.000000,-6.346793,-32.007843,105.985299,1.000000;;,
   20000;16;0.974022,-0.141966,0.176429,0.000000,-0.048873,0.628947,0.775910,0.000000,-0.221117,-0.764376,0.605670,0.000000,-6.400760,-30.848429,105.800851,1.000000;;,
   20160;16;0.973526,-0.151221,0.171402,0.000000,-0.048218,0.597132,0.800692,0.000000,-0.223431,-0.787760,0.574032,0.000000,-6.448243,-29.469085,105.459635,1.000000;;,
   20320;16;0.973019,-0.160091,0.166147,0.000000,-0.047684,0.565031,0.823691,0.000000,-0.225744,-0.809389,0.542152,0.000000,-6.493166,-28.023402,105.070886,1.000000;;,
   20480;16;0.972500,-0.168625,0.160653,0.000000,-0.047259,0.532563,0.845070,0.000000,-0.228058,-0.829423,0.509949,0.000000,-6.536153,-26.526850,104.653760,1.000000;;,
   20640;16;0.971970,-0.176827,0.154941,0.000000,-0.046941,0.499800,0.864868,0.000000,-0.230372,-0.847899,0.477490,0.000000,-6.577146,-24.976981,104.206957,1.000000;;,
   20800;16;0.971434,-0.184657,0.149056,0.000000,-0.046724,0.466985,0.883030,0.000000,-0.232665,-0.864770,0.445017,0.000000,-6.615408,-23.353426,103.708915,1.000000;;,
   20960;16;0.970930,-0.191899,0.143069,0.000000,-0.046564,0.434863,0.899292,0.000000,-0.234789,-0.879812,0.413286,0.000000,-6.653082,-21.763085,103.181952,1.000000;;,
   21120;16;0.970414,-0.198920,0.136850,0.000000,-0.046495,0.402225,0.914359,0.000000,-0.236929,-0.893670,0.381076,0.000000,-6.691420,-20.160302,102.629146,1.000000;;,
   21280;16;0.969893,-0.205599,0.130526,0.000000,-0.046515,0.369707,0.927983,0.000000,-0.239048,-0.906116,0.349013,0.000000,-6.729658,-18.562942,102.050803,1.000000;;,
   21440;16;0.969387,-0.211730,0.124337,0.000000,-0.046615,0.338477,0.939819,0.000000,-0.241073,-0.916844,0.318245,0.000000,-6.767052,-17.041542,101.470170,1.000000;;,
   21600;16;0.968929,-0.217031,0.118635,0.000000,-0.046765,0.310247,0.949505,0.000000,-0.242878,-0.925551,0.290458,0.000000,-6.802900,-15.719301,100.933510,1.000000;;,
   21760;16;0.968550,-0.221415,0.113516,0.000000,-0.046797,0.285977,0.957093,0.000000,-0.244378,-0.932305,0.266621,0.000000,-6.837461,-14.650781,100.475213,1.000000;;,
   21920;16;0.968212,-0.225213,0.108835,0.000000,-0.046763,0.264460,0.963262,0.000000,-0.245722,-0.937731,0.245522,0.000000,-6.871150,-13.745042,100.060870,1.000000;;,
   22080;16;0.967901,-0.228541,0.104580,0.000000,-0.046814,0.244883,0.968422,0.000000,-0.246934,-0.942232,0.226324,0.000000,-6.903529,-12.964542,99.666253,1.000000;;,
   22240;16;0.967600,-0.231556,0.100653,0.000000,-0.047091,0.226147,0.972954,0.000000,-0.248056,-0.946171,0.207916,0.000000,-6.934397,-12.254860,99.265843,1.000000;;,
   22400;16;0.967287,-0.234460,0.096870,0.000000,-0.047720,0.206871,0.977204,0.000000,-0.249155,-0.949859,0.188915,0.000000,-6.963801,-11.544701,98.833005,1.000000;;,
   22560;16;0.966921,-0.237510,0.093021,0.000000,-0.048806,0.185673,0.981399,0.000000,-0.250363,-0.953475,0.167939,0.000000,-6.996925,-10.816118,98.330317,1.000000;;,
   22720;16;0.966555,-0.240330,0.089517,0.000000,-0.050275,0.164712,0.985059,0.000000,-0.251483,-0.956615,0.147121,0.000000,-7.028534,-10.139506,97.800730,1.000000;;,
   22880;16;0.966268,-0.242514,0.086678,0.000000,-0.051997,0.145924,0.987928,0.000000,-0.252235,-0.959111,0.128392,0.000000,-7.044526,-9.526838,97.296486,1.000000;;,
   23040;16;0.966080,-0.243959,0.084687,0.000000,-0.053975,0.129938,0.990052,0.000000,-0.252537,-0.961041,0.112363,0.000000,-7.045410,-8.980348,96.831910,1.000000;;,
   23200;16;0.965947,-0.244866,0.083585,0.000000,-0.056388,0.116057,0.991641,0.000000,-0.252520,-0.962586,0.098297,0.000000,-7.046290,-8.492534,96.383520,1.000000;;,
   23360;16;0.965781,-0.245346,0.084092,0.000000,-0.059431,0.106252,0.992562,0.000000,-0.252456,-0.963595,0.088035,0.000000,-7.047170,-8.098864,95.993638,1.000000;;,
   23520;16;0.965668,-0.245354,0.085358,0.000000,-0.061922,0.101709,0.992885,0.000000,-0.252290,-0.964083,0.083024,0.000000,-7.048053,-7.739719,95.772288,1.000000;;,
   23680;16;0.965552,-0.245205,0.087086,0.000000,-0.063940,0.100835,0.992846,0.000000,-0.252232,-0.964213,0.081683,0.000000,-7.048935,-7.406812,95.680224,1.000000;;,
   23840;16;0.965449,-0.244890,0.089091,0.000000,-0.065756,0.101880,0.992621,0.000000,-0.252160,-0.964183,0.082257,0.000000,-7.049817,-7.101037,95.661222,1.000000;;,
   24000;16;0.965448,-0.244080,0.091299,0.000000,-0.067821,0.102938,0.992373,0.000000,-0.251616,-0.964276,0.082828,0.000000,-7.050698,-6.832475,95.642253,1.000000;;,
   24160;16;0.965502,-0.243203,0.093049,0.000000,-0.069421,0.103998,0.992152,0.000000,-0.250971,-0.964384,0.083527,0.000000,-7.051580,-6.565456,95.623251,1.000000;;,
   24320;16;0.965594,-0.242213,0.094661,0.000000,-0.070030,0.108372,0.991641,0.000000,-0.250447,-0.964151,0.087681,0.000000,-7.052462,-6.291189,95.744410,1.000000;;,
   24480;16;0.965731,-0.241010,0.096320,0.000000,-0.069653,0.116837,0.990705,0.000000,-0.250023,-0.963464,0.096046,0.000000,-7.067279,-6.016334,96.081869,1.000000;;,
   24640;16;0.965896,-0.239657,0.098023,0.000000,-0.068499,0.128577,0.989331,0.000000,-0.249704,-0.962306,0.107775,0.000000,-7.099352,-5.742088,96.618029,1.000000;;,
   24800;16;0.966050,-0.238391,0.099579,0.000000,-0.066972,0.141187,0.987715,0.000000,-0.249522,-0.960852,0.120428,0.000000,-7.141400,-5.464200,97.241504,1.000000;;,
   24960;16;0.966201,-0.237393,0.100500,0.000000,-0.065139,0.152378,0.986173,0.000000,-0.249425,-0.959388,0.131764,0.000000,-7.181602,-5.211651,97.814150,1.000000;;,
   25120;16;0.966400,-0.236551,0.100573,0.000000,-0.062400,0.163662,0.984541,0.000000,-0.249354,-0.957736,0.143402,0.000000,-7.223528,-4.979219,98.412051,1.000000;;,
   25280;16;0.966652,-0.235821,0.099859,0.000000,-0.058564,0.176042,0.982639,0.000000,-0.249306,-0.955718,0.156361,0.000000,-7.277670,-4.725913,99.114669,1.000000;;,
   25440;16;0.966952,-0.235146,0.098535,0.000000,-0.053625,0.190255,0.980269,0.000000,-0.249253,-0.953157,0.171358,0.000000,-7.351742,-4.417298,99.978522,1.000000;;,
   25600;16;0.967286,-0.234455,0.096896,0.000000,-0.047773,0.206774,0.977222,0.000000,-0.249150,-0.949882,0.188809,0.000000,-7.450700,-4.025499,101.037306,1.000000;;,
   25760;16;0.967662,-0.233785,0.094736,0.000000,-0.040530,0.226587,0.973147,0.000000,-0.248973,-0.945517,0.209784,0.000000,-7.552353,-3.552817,102.352403,1.000000;;,
   25920;16;0.968074,-0.233208,0.091904,0.000000,-0.031870,0.249157,0.967939,0.000000,-0.248630,-0.939965,0.233770,0.000000,-7.681648,-2.989578,103.910106,1.000000;;,
   26080;16;0.968490,-0.232694,0.088768,0.000000,-0.022520,0.273143,0.961710,0.000000,-0.248031,-0.933405,0.259296,0.000000,-7.880502,-2.314158,105.640198,1.000000;;,
   26240;16;0.968890,-0.232224,0.085574,0.000000,-0.012983,0.297599,0.954602,0.000000,-0.247149,-0.926016,0.285326,0.000000,-8.165622,-1.526069,107.488602,1.000000;;,
   26400;16;0.969266,-0.231791,0.082441,0.000000,-0.003531,0.321964,0.946745,0.000000,-0.245991,-0.917939,0.311250,0.000000,-8.528511,-0.645946,109.417357,1.000000;;,
   26560;16;0.969612,-0.231499,0.079120,0.000000,0.006430,0.347408,0.937692,0.000000,-0.244561,-0.908689,0.338340,0.000000,-9.009772,0.397792,111.538509,1.000000;;,
   26720;16;0.969956,-0.231206,0.075686,0.000000,0.016621,0.373359,0.927538,0.000000,-0.242710,-0.898413,0.365985,0.000000,-9.563534,1.539271,113.721088,1.000000;;,
   26880;16;0.970248,-0.231107,0.072163,0.000000,0.027022,0.399563,0.916307,0.000000,-0.240599,-0.887096,0.393920,0.000000,-10.191904,2.767596,115.955290,1.000000;;,
   27040;16;0.970487,-0.231203,0.068553,0.000000,0.037631,0.425981,0.903949,0.000000,-0.238198,-0.874691,0.422110,0.000000,-10.896563,4.084250,118.243418,1.000000;;,
   27200;16;0.970720,-0.231300,0.064833,0.000000,0.048426,0.452784,0.890304,0.000000,-0.235282,-0.861096,0.450728,0.000000,-11.678787,5.503097,120.600051,1.000000;;,
   27360;16;0.970945,-0.231396,0.061007,0.000000,0.059376,0.479914,0.875304,0.000000,-0.231820,-0.846250,0.479709,0.000000,-12.404878,6.932139,122.906253,1.000000;;,
   27520;16;0.971163,-0.231492,0.057040,0.000000,0.070555,0.507582,0.858710,0.000000,-0.227737,-0.829923,0.509278,0.000000,-13.141742,8.394428,125.231437,1.000000;;,
   27680;16;0.971321,-0.231796,0.052966,0.000000,0.081941,0.535445,0.840586,0.000000,-0.223205,-0.812139,0.539083,0.000000,-13.862923,9.879802,127.546342,1.000000;;,
   27840;16;0.971405,-0.232334,0.048923,0.000000,0.093166,0.562524,0.821515,0.000000,-0.218386,-0.793466,0.568084,0.000000,-14.477062,11.321989,129.756109,1.000000;;,
   28000;16;0.971439,-0.232954,0.045151,0.000000,0.103526,0.587295,0.802724,0.000000,-0.213514,-0.775124,0.594638,0.000000,-14.827901,12.598600,131.700109,1.000000;;,
   28160;16;0.971428,-0.233608,0.041898,0.000000,0.112394,0.608294,0.785714,0.000000,-0.209035,-0.758555,0.617169,0.000000,-14.959934,13.638069,133.302157,1.000000;;,
   28320;16;0.971391,-0.234267,0.038960,0.000000,0.120327,0.626942,0.769718,0.000000,-0.204745,-0.743009,0.637194,0.000000,-15.051469,14.531706,134.682714,1.000000;;,
   28480;16;0.971330,-0.234978,0.036110,0.000000,0.127956,0.644742,0.753615,0.000000,-0.200364,-0.727388,0.656324,0.000000,-15.103963,15.331243,135.899418,1.000000;;,
   28640;16;0.971238,-0.235795,0.033131,0.000000,0.135858,0.663034,0.736157,0.000000,-0.195550,-0.710483,0.675999,0.000000,-15.124939,16.099221,137.031232,1.000000;;,
   28800;16;0.971103,-0.236788,0.029818,0.000000,0.144551,0.682987,0.715984,0.000000,-0.189902,-0.690985,0.697479,0.000000,-15.128002,16.909002,138.178598,1.000000;;,
   28960;16;0.970895,-0.238091,0.026003,0.000000,0.154486,0.705505,0.691662,0.000000,-0.183024,-0.667514,0.721753,0.000000,-14.730867,17.811400,139.398771,1.000000;;,
