xof 0303txt 0032
template Frame {
 <3d82ab46-62da-11cf-ab39-0020af71e433>
 [...]
}

template Matrix4x4 {
 <f6f23f45-7686-11cf-8f52-0040333594a3>
 array FLOAT matrix[16];
}

template FrameTransformMatrix {
 <f6f23f41-7686-11cf-8f52-0040333594a3>
 Matrix4x4 frameMatrix;
}

template AnimTicksPerSecond {
 <9e415a43-7ba6-4a73-8743-b73d47e88476>
 DWORD AnimTicksPerSecond;
}

template Animation {
 <3d82ab4f-62da-11cf-ab39-0020af71e433>
 [...]
}

template AnimationSet {
 <3d82ab50-62da-11cf-ab39-0020af71e433>
 [Animation <3d82ab4f-62da-11cf-ab39-0020af71e433>]
}

template FloatKeys {
 <10dd46a9-775b-11cf-8f52-0040333594a3>
 DWORD nValues;
 array FLOAT values[nValues];
}

template TimedFloatKeys {
 <f406b180-7b3b-11cf-8f52-0040333594a3>
 DWORD time;
 FloatKeys tfkeys;
}

template AnimationKey {
 <10dd46a8-775b-11cf-8f52-0040333594a3>
 DWORD keyType;
 DWORD nKeys;
 array TimedFloatKeys keys[nKeys];
}


Frame ARM_bear_framework {
 

 FrameTransformMatrix {
  -0.003937,0.000000,-0.000000,0.000000,-0.000000,-0.000000,0.003937,0.000000,-0.000000,0.003937,0.000000,0.000000,0.000000,0.000000,0.000000,1.000000;;
 }

 Frame _0__-com {
  

  FrameTransformMatrix {
   0.998206,0.059479,0.006845,0.000000,-0.059872,0.991530,0.115258,0.000000,0.000068,-0.115462,0.993312,0.000000,-0.000100,-33.983501,109.912294,1.000000;;
  }

  Frame _1___body {
   

   FrameTransformMatrix {
    -0.000000,-0.000000,1.000000,0.000000,1.000000,-0.000000,0.000000,0.000000,0.000000,1.000000,-0.000000,0.000000,0.000163,0.002718,-66.889056,1.000000;;
   }

   Frame _3___chest {
    

    FrameTransformMatrix {
     -0.392023,0.121802,-0.911856,0.000000,0.042313,0.992535,0.114388,0.000000,0.918981,0.006260,-0.394250,0.000000,56.328096,-0.009900,21.814792,1.000000;;
    }

    Frame _7___neck1 {
     

     FrameTransformMatrix {
      0.662901,-0.023008,-0.748353,0.000000,0.113171,0.991123,0.069777,0.000000,0.740104,-0.130946,0.659620,0.000000,-0.013893,0.000503,102.577299,1.000000;;
     }

     Frame _10___claviclel {
      

      FrameTransformMatrix {
       -0.313358,0.839020,-0.444810,0.000000,-0.675876,0.131989,0.725102,0.000000,0.667083,0.527851,0.525712,0.000000,3.829330,11.479497,-36.931802,1.000000;;
      }

      Frame _15___arm1l {
       

       FrameTransformMatrix {
        0.432926,-0.503682,-0.747582,0.000000,0.901424,0.239042,0.360962,0.000000,-0.003107,-0.830159,0.557518,0.000000,0.000099,0.000107,50.675994,1.000000;;
       }

       Frame _20___arm2l {
        

        FrameTransformMatrix {
         0.173415,0.000000,0.984849,0.000000,0.000000,1.000000,0.000000,0.000000,-0.984849,-0.000000,0.173415,0.000000,-0.000031,0.001801,57.364998,1.000000;;
        }

        Frame _23___hand1l {
         

         FrameTransformMatrix {
          0.484341,-0.277306,-0.829769,0.000000,0.740463,0.635081,0.219970,0.000000,0.465971,-0.720954,0.512931,0.000000,-0.002029,-0.000336,60.929306,1.000000;;
         }

         Frame _25___hand2l {
          

          FrameTransformMatrix {
           0.801199,-0.000639,0.598397,0.000000,0.000798,1.000000,-0.000001,0.000000,-0.598397,0.000478,0.801199,0.000000,2.007111,0.006775,18.799616,1.000000;;
          }

          Frame _25___hand2l_end {
           

           FrameTransformMatrix {
            1.000000,-0.000000,0.000000,0.000000,0.000000,1.000000,0.000000,0.000000,0.000000,0.000000,1.000000,0.000000,0.000000,0.000004,1.000011,1.000000;;
           }
          }
         }
        }
       }
      }
     }

     Frame _11___clavicler {
      

      FrameTransformMatrix {
       -0.272123,-0.939092,-0.209892,0.000000,0.673557,-0.030114,-0.738522,0.000000,0.687219,-0.342343,0.640727,0.000000,4.570419,-20.485496,-32.709091,1.000000;;
      }

      Frame _16___arm1r {
       

       FrameTransformMatrix {
        0.288308,0.897620,-0.333398,0.000000,-0.922658,0.167306,-0.347431,0.000000,-0.256082,0.407781,0.876433,0.000000,-0.000340,0.000214,50.678275,1.000000;;
       }

       Frame _21___arm2r {
        

        FrameTransformMatrix {
         0.215102,0.000000,0.976592,0.000000,0.000000,1.000000,-0.000000,0.000000,-0.976592,0.000000,0.215102,0.000000,0.000809,0.000221,57.361152,1.000000;;
        }

        Frame _24___hand1r {
         

         FrameTransformMatrix {
          0.525478,0.792830,-0.308697,0.000000,-0.786471,0.591049,0.179232,0.000000,0.324555,0.148599,0.934121,0.000000,-0.002411,-0.001030,60.927104,1.000000;;
         }

         Frame _26___hand2r {
          

          FrameTransformMatrix {
           0.585338,0.000483,-0.810790,0.000000,-0.000814,1.000000,0.000007,0.000000,0.810790,0.000656,0.585338,0.000000,2.006348,-0.005928,18.800965,1.000000;;
          }

          Frame _26___hand2r_end {
           

           FrameTransformMatrix {
            1.000000,0.000000,-0.000000,0.000000,0.000000,1.000000,-0.000000,0.000000,0.000000,0.000000,1.000000,0.000000,0.000000,-0.000004,1.000031,1.000000;;
           }
          }
         }
        }
       }
      }
     }

     Frame _12___neck2 {
      

      FrameTransformMatrix {
       0.905262,0.000000,-0.424853,0.000000,0.000000,1.000000,0.000000,0.000000,0.424853,-0.000000,0.905262,0.000000,-0.018692,0.000000,26.411690,1.000000;;
      }

      Frame _17___head {
       

       FrameTransformMatrix {
        0.528344,-0.138456,0.837666,0.000000,0.026708,0.988836,0.146597,0.000000,-0.848611,-0.055081,0.526143,0.000000,0.000122,-0.000448,25.878360,1.000000;;
       }

       Frame _22___head2 {
        

        FrameTransformMatrix {
         0.036089,0.000000,-0.999349,0.000000,-0.000000,1.000000,0.000000,0.000000,0.999349,0.000000,0.036089,0.000000,22.452094,-0.000002,-18.316117,1.000000;;
        }

        Frame _22___head2_end {
         

         FrameTransformMatrix {
          1.000000,0.000000,0.000000,0.000000,-0.000000,1.000000,-0.000000,0.000000,0.000000,0.000000,1.000000,0.000000,0.000000,0.000000,1.000031,1.000000;;
         }
        }
       }
      }
     }
    }
   }

   Frame _4___leg1l {
    

    FrameTransformMatrix {
     0.915638,-0.347348,-0.202377,0.000000,-0.401009,-0.753789,-0.520574,0.000000,0.028271,0.557812,-0.829487,0.000000,0.000862,34.857552,-0.001528,1.000000;;
    }

    Frame _8___leg2l {
     

     FrameTransformMatrix {
      -0.702204,0.000000,0.711975,0.000000,0.000000,1.000000,-0.000000,0.000000,-0.711975,0.000000,-0.702204,0.000000,-0.002251,0.000614,58.027034,1.000000;;
     }

     Frame _13___foot1l {
      

      FrameTransformMatrix {
       0.583566,0.164535,-0.795222,0.000000,-0.464711,0.870728,-0.160866,0.000000,0.665954,0.463424,0.584588,0.000000,-0.000954,0.000462,55.121638,1.000000;;
      }

      Frame _18___foot2l {
       

       FrameTransformMatrix {
        0.000022,0.000001,-0.999999,0.000000,-0.082997,0.996550,-0.000001,0.000000,0.996549,0.082997,0.000022,0.000000,14.380856,-0.000389,7.796299,1.000000;;
       }

       Frame _18___foot2l_end {
        

        FrameTransformMatrix {
         1.000000,-0.000000,-0.000000,0.000000,0.000000,1.000000,0.000000,0.000000,0.000000,0.000000,1.000000,0.000000,0.000000,0.000008,1.000000,1.000000;;
        }
       }
      }
     }
    }
   }

   Frame _5___leg1r {
    

    FrameTransformMatrix {
     0.929354,0.342731,-0.137246,0.000000,0.364618,-0.793750,0.486844,0.000000,0.057917,-0.502492,-0.862640,0.000000,-0.000954,-34.857558,0.001410,1.000000;;
    }

    Frame _9___leg2r {
     

     FrameTransformMatrix {
      -0.723521,0.000000,0.690303,0.000000,-0.000000,1.000000,-0.000000,0.000000,-0.690303,-0.000000,-0.723521,0.000000,-0.000206,-0.002659,58.026918,1.000000;;
     }

     Frame _14___foot1r {
      

      FrameTransformMatrix {
       0.543896,-0.247539,-0.801812,0.000000,0.478365,0.876506,0.053893,0.000000,0.689452,-0.412871,0.595142,0.000000,0.001007,-0.002621,55.120845,1.000000;;
      }

      Frame _19___foot2r {
       

       FrameTransformMatrix {
        -0.000047,0.000001,-0.999999,0.000000,0.032002,0.999488,-0.000001,0.000000,0.999487,-0.032002,-0.000047,0.000000,14.379536,0.000496,7.796200,1.000000;;
       }

       Frame _19___foot2r_end {
        

        FrameTransformMatrix {
         1.000000,0.000000,-0.000000,0.000000,0.000000,1.000000,-0.000000,0.000000,0.000000,-0.000000,1.000000,0.000000,0.000000,-0.000008,1.000004,1.000000;;
        }
       }
      }
     }
    }
   }

   Frame _6___tail1 {
    

    FrameTransformMatrix {
     0.794325,-0.000000,0.607492,0.000000,-0.000000,1.000000,0.000000,0.000000,-0.607492,-0.000000,0.794325,0.000000,-19.609192,0.000000,8.998896,1.000000;;
    }

    Frame _6___tail1_end {
     

     FrameTransformMatrix {
      1.000000,0.000000,0.000000,0.000000,-0.000000,1.000000,-0.000000,0.000000,0.000000,0.000000,1.000000,0.000000,0.000000,0.000000,1.000000,1.000000;;
     }
    }
   }

   Frame _3___bodytooll {
    

    FrameTransformMatrix {
     -0.000072,0.000069,0.000006,0.000000,-0.000070,-0.000072,-0.000003,0.000000,0.000003,-0.000006,0.000100,0.000000,8.609066,6.410790,-63.025312,1.000000;;
    }

    Frame _3___bodytooll_end {
     

     FrameTransformMatrix {
      1.000000,0.000000,0.000000,0.000000,0.000000,1.000000,0.000000,0.000000,-0.000000,0.000000,1.000000,0.000000,-0.062500,-0.031250,1.000000,1.000000;;
     }
    }
   }

   Frame _4___bodytoolr {
    

    FrameTransformMatrix {
     -0.000072,0.000069,0.000006,0.000000,-0.000070,-0.000072,-0.000003,0.000000,0.000003,-0.000006,0.000100,0.000000,8.609066,6.410788,-63.025312,1.000000;;
    }

    Frame _4___bodytoolr_end {
     

     FrameTransformMatrix {
      1.000000,0.000000,-0.000000,0.000000,-0.000000,1.000000,0.000000,0.000000,0.000000,-0.000000,1.000000,0.000000,-0.031250,0.000000,1.000000,1.000000;;
     }
    }
   }

   Frame _5___chest {
    

    FrameTransformMatrix {
     -0.000052,0.000053,-0.000068,0.000000,-0.000070,-0.000072,-0.000003,0.000000,-0.000050,0.000046,0.000074,0.000000,8.610466,6.412233,-63.025261,1.000000;;
    }

    Frame _8___backtool {
     

     FrameTransformMatrix {
      -0.065021,-0.939699,-0.335730,0.000000,-0.935830,-0.059358,0.347384,0.000000,-0.346366,0.336774,-0.875542,0.000000,-8.718750,-5.500000,27.624998,1.000000;;
     }

     Frame _8___backtool_end {
      

      FrameTransformMatrix {
       1.000000,-0.000000,0.000000,0.000000,0.000000,1.000000,-0.000000,0.000000,-0.000000,0.000000,1.000000,0.000000,0.062500,-0.062500,1.000000,1.000000;;
      }
     }
    }

    Frame _9__-neck {
     

     FrameTransformMatrix {
      0.987685,0.000000,-0.156455,0.000000,0.000000,1.000000,0.000000,0.000000,0.156455,-0.000000,0.987685,0.000000,-0.031250,-0.031250,27.312499,1.000000;;
     }

     Frame _12___head {
      

      FrameTransformMatrix {
       0.456494,0.870642,0.183293,0.000000,-0.626688,0.460874,-0.628377,0.000000,-0.631566,0.171982,0.756007,0.000000,-0.062500,0.031250,3.875000,1.000000;;
      }

      Frame _12___head_end {
       

       FrameTransformMatrix {
        1.000000,-0.000000,-0.000000,0.000000,-0.000000,1.000000,-0.000000,0.000000,0.000000,-0.000000,1.000000,0.000000,-0.031250,0.000000,0.937500,1.000000;;
       }
      }
     }

     Frame _13__-claviclel {
      

      FrameTransformMatrix {
       -0.960146,0.233964,-0.152907,0.000000,-0.105244,0.204172,0.973261,0.000000,0.258927,0.950565,-0.171411,0.000000,0.000000,2.250000,0.000000,1.000000;;
      }

      Frame _17___arm1l {
       

       FrameTransformMatrix {
        0.180126,-0.983053,-0.034085,0.000000,0.979141,0.182505,-0.089305,0.000000,0.094013,-0.017287,0.995421,0.000000,-0.031250,-0.062500,10.843750,1.000000;;
       }

       Frame _19___arm2l {
        

        FrameTransformMatrix {
         0.200037,0.000000,0.979788,0.000000,-0.000000,1.000000,-0.000000,0.000000,-0.979788,0.000000,0.200037,0.000000,0.000000,0.000000,24.937501,1.000000;;
        }

        Frame _21___arm2tooll {
         

         FrameTransformMatrix {
          -0.000133,-0.999934,-0.012748,0.000000,-0.008028,0.012749,-0.999901,0.000000,0.999983,-0.000031,-0.008029,0.000000,-0.156250,4.375000,12.625000,1.000000;;
         }

         Frame _21___arm2tooll_end {
          

          FrameTransformMatrix {
           1.000000,0.000000,-0.000000,0.000000,0.000000,1.000000,0.000000,0.000000,-0.000000,0.000000,1.000000,0.000000,0.000000,0.062500,1.000000,1.000000;;
          }
         }
        }

        Frame _22___handl {
         

         FrameTransformMatrix {
          0.141950,-0.972436,-0.184982,0.000000,0.988334,0.128811,0.081271,0.000000,-0.055203,-0.194360,0.979376,0.000000,-0.015625,-0.125000,21.500000,1.000000;;
         }

         Frame _24___handtooll {
          

          FrameTransformMatrix {
           -0.999950,0.000922,0.012770,0.000000,-0.012800,-0.095108,-0.995402,0.000000,0.000297,-0.995481,0.095112,0.000000,0.812500,-0.812500,7.687500,1.000000;;
          }

          Frame _24___handtooll_end {
           

           FrameTransformMatrix {
            1.000000,0.000000,0.000000,0.000000,-0.000000,1.000000,0.000000,0.000000,0.000000,0.000000,1.000000,0.000000,0.000000,-0.062500,1.000000,1.000000;;
           }
          }
         }
        }
       }
      }
     }

     Frame _14__-clavicler {
      

      FrameTransformMatrix {
       -0.960147,-0.233964,-0.152907,0.000000,0.105244,0.204171,-0.973262,0.000000,0.258927,-0.950566,-0.171411,0.000000,-0.062500,-2.187500,0.062500,1.000000;;
      }

      Frame _18___arm1r {
       

       FrameTransformMatrix {
        0.503581,0.862993,0.040605,0.000000,-0.727363,0.448861,-0.519101,0.000000,-0.466207,0.231874,0.853747,0.000000,-0.062500,0.000000,10.750000,1.000000;;
       }

       Frame _20___arm2r {
        

        FrameTransformMatrix {
         0.611849,0.000000,0.790974,0.000000,-0.000000,1.000000,0.000000,0.000000,-0.790974,0.000000,0.611849,0.000000,0.000000,0.000000,24.875000,1.000000;;
        }

        Frame _23___handr {
         

         FrameTransformMatrix {
          -0.021314,0.993012,-0.116050,0.000000,-0.963120,0.010747,0.268849,0.000000,0.268219,0.117501,0.956165,0.000000,0.000000,0.031250,21.500000,1.000000;;
         }

         Frame _25___handtoolr {
          

          FrameTransformMatrix {
           0.999919,0.000909,-0.012723,0.000000,-0.012751,0.095184,-0.995369,0.000000,0.000306,0.995450,0.095188,0.000000,0.781250,0.875000,7.656250,1.000000;;
          }

          Frame _25___handtoolr_end {
           

           FrameTransformMatrix {
            1.000000,-0.000000,0.000000,0.000000,-0.000000,1.000000,0.000000,0.000000,-0.000000,0.000000,1.000000,0.000000,-0.031250,0.000000,1.062500,1.000000;;
           }
          }
         }
        }
       }
      }
     }
    }
   }

   Frame _6___leg1l {
    

    FrameTransformMatrix {
     -0.000037,0.000033,0.000087,0.000000,-0.000070,-0.000072,-0.000003,0.000000,0.000061,-0.000061,0.000050,0.000000,8.610943,6.412724,-63.025248,1.000000;;
    }

    Frame _10___leg2l {
     

     FrameTransformMatrix {
      0.190721,-0.000000,0.981644,0.000000,0.000000,1.000000,0.000000,0.000000,-0.981644,-0.000000,0.190721,0.000000,-0.062500,-0.031250,48.593750,1.000000;;
     }

     Frame _15__-footl {
      

      FrameTransformMatrix {
       0.997861,-0.061708,0.021565,0.000000,0.064391,0.871143,-0.486789,0.000000,0.011253,0.487136,0.873253,0.000000,0.062500,0.000000,48.500000,1.000000;;
      }

      Frame _15__-footl_end {
       

       FrameTransformMatrix {
        1.000000,-0.000000,0.000000,0.000000,0.000000,1.000000,-0.000000,0.000000,-0.000000,0.000000,1.000000,0.000000,0.000000,0.000000,1.000000,1.000000;;
       }
      }
     }
    }
   }

   Frame _7___leg1r {
    

    FrameTransformMatrix {
     -0.000068,0.000065,0.000033,0.000000,-0.000070,-0.000072,-0.000003,0.000000,0.000022,-0.000025,0.000094,0.000000,8.610351,6.412115,-63.025261,1.000000;;
    }

    Frame _11___leg2r {
     

     FrameTransformMatrix {
      0.251274,0.000000,0.967915,0.000000,0.000000,1.000000,0.000000,0.000000,-0.967915,0.000000,0.251274,0.000000,0.000000,-0.031250,48.624998,1.000000;;
     }

     Frame _16__-footr {
      

      FrameTransformMatrix {
       0.938157,0.187379,-0.291120,0.000000,-0.174962,0.982199,0.068360,0.000000,0.298747,-0.013198,0.954241,0.000000,0.000000,0.000000,48.593750,1.000000;;
      }

      Frame _16__-footr_end {
       

       FrameTransformMatrix {
        1.000000,0.000000,-0.000000,0.000000,0.000000,1.000000,-0.000000,0.000000,0.000000,0.000000,1.000000,0.000000,-0.062500,0.000000,0.984375,1.000000;;
       }
      }
     }
    }
   }
  }

  Frame _2__-footsteps {
   

   FrameTransformMatrix {
    0.059479,0.991529,-0.115462,0.000000,0.006846,0.115259,0.993311,0.000000,0.998206,-0.059872,0.000068,0.000000,-0.760699,-12.665695,-109.177293,1.000000;;
   }

   Frame _2__-footsteps_end {
    

    FrameTransformMatrix {
     1.000000,0.000000,-0.000000,0.000000,0.000000,1.000000,0.000000,0.000000,0.000000,0.000000,1.000000,0.000000,0.000000,0.000000,1.000000,1.000000;;
    }
   }
  }
 }
}

Frame ARM_female_framework {
 

 FrameTransformMatrix {
  -0.000000,0.000000,-0.000000,0.000000,-0.000000,-0.000000,0.000000,0.000000,-0.000000,0.000000,0.000000,0.000000,0.000000,0.000000,0.000000,1.000000;;
 }
}

AnimTicksPerSecond  {
 4800;
}

AnimationSet Dummy {
 

 Animation {
  
  { ARM_bear_framework }

  AnimationKey  {
   4;
   2;
   0;16;-0.003937,0.000000,-0.000000,0.000000,-0.000000,-0.000000,0.003937,0.000000,-0.000000,0.003937,0.000000,0.000000,0.000000,0.000000,0.000000,1.000000;;,
   70400;16;-0.003937,0.000000,-0.000000,0.000000,-0.000000,-0.000000,0.003937,0.000000,-0.000000,0.003937,0.000000,0.000000,0.000000,0.000000,0.000000,1.000000;;;
  }
 }

 Animation {
  
  { _0__-com }

  AnimationKey  {
   4;
   427;
   0;16;0.998206,0.059479,0.006845,0.000000,-0.059872,0.991530,0.115258,0.000000,0.000068,-0.115462,0.993312,0.000000,-0.000100,-33.983501,109.912294,1.000000;;,
   160;16;0.998209,0.059429,0.006833,0.000000,-0.059821,0.991554,0.115074,0.000000,0.000063,-0.115276,0.993334,0.000000,-0.000100,-36.625930,113.718080,1.000000;;,
   320;16;0.998218,0.059290,0.006800,0.000000,-0.059678,0.991622,0.114562,0.000000,0.000049,-0.114764,0.993393,0.000000,-0.000100,-41.774906,121.009267,1.000000;;,
   480;16;0.998230,0.059086,0.006752,0.000000,-0.059470,0.991721,0.113814,0.000000,0.000029,-0.114014,0.993479,0.000000,-0.000100,-46.597027,127.615117,1.000000;;,
   640;16;0.998245,0.058834,0.006692,0.000000,-0.059214,0.991842,0.112889,0.000000,0.000005,-0.113088,0.993585,0.000000,0.000343,-49.586282,131.434278,1.000000;;,
   800;16;0.998263,0.058543,0.006623,0.000000,-0.058916,0.991981,0.111820,0.000000,-0.000023,-0.112015,0.993707,0.000000,0.002114,-50.564170,132.434995,1.000000;;,
   960;16;0.998285,0.058177,0.006536,0.000000,-0.058543,0.992153,0.110476,0.000000,-0.000058,-0.110669,0.993857,0.000000,0.007754,-50.901581,132.846426,1.000000;;,
   1120;16;0.998307,0.057813,0.006451,0.000000,-0.058172,0.992323,0.109140,0.000000,-0.000092,-0.109331,0.994006,0.000000,0.014765,-51.168378,132.902400,1.000000;;,
   1280;16;0.998328,0.057450,0.006367,0.000000,-0.057801,0.992490,0.107807,0.000000,-0.000125,-0.107995,0.994152,0.000000,0.022978,-51.465818,132.839859,1.000000;;,
   1440;16;0.998350,0.057086,0.006282,0.000000,-0.057430,0.992656,0.106471,0.000000,-0.000158,-0.106656,0.994296,0.000000,0.032441,-51.789347,132.777357,1.000000;;,
   1600;16;0.998371,0.056719,0.006198,0.000000,-0.057057,0.992821,0.105126,0.000000,-0.000191,-0.105308,0.994440,0.000000,0.043419,-52.028598,132.714854,1.000000;;,
   1760;16;0.998388,0.056427,0.006131,0.000000,-0.056759,0.992951,0.104055,0.000000,-0.000217,-0.104236,0.994553,0.000000,0.053324,-52.015974,132.439770,1.000000;;,
   1920;16;0.998402,0.056175,0.006074,0.000000,-0.056502,0.993062,0.103129,0.000000,-0.000239,-0.103308,0.994650,0.000000,0.063233,-52.003360,132.087027,1.000000;;,
   2080;16;0.998414,0.055971,0.006028,0.000000,-0.056294,0.993151,0.102380,0.000000,-0.000256,-0.102557,0.994727,0.000000,0.072761,-51.990733,131.658176,1.000000;;,
   2240;16;0.998421,0.055846,0.005996,0.000000,-0.056166,0.993211,0.101868,0.000000,-0.000267,-0.102044,0.994780,0.000000,0.080435,-51.978118,131.202944,1.000000;;,
   2400;16;0.998421,0.055856,0.005985,0.000000,-0.056175,0.993229,0.101682,0.000000,-0.000265,-0.101858,0.994799,0.000000,0.083700,-51.965498,130.819315,1.000000;;,
   2560;16;0.998420,0.055866,0.005987,0.000000,-0.056186,0.993226,0.101712,0.000000,-0.000264,-0.101888,0.994796,0.000000,0.083605,-51.854394,130.526144,1.000000;;,
   2720;16;0.998420,0.055876,0.005999,0.000000,-0.056197,0.993204,0.101920,0.000000,-0.000264,-0.102096,0.994774,0.000000,0.082955,-51.712310,130.266918,1.000000;;,
   2880;16;0.998413,0.055987,0.006031,0.000000,-0.056310,0.993144,0.102439,0.000000,-0.000255,-0.102616,0.994721,0.000000,0.081328,-51.524131,130.116582,1.000000;;,
   3040;16;0.998399,0.056233,0.006087,0.000000,-0.056561,0.993036,0.103344,0.000000,-0.000234,-0.103523,0.994627,0.000000,0.078492,-51.283206,130.063795,1.000000;;,
   3200;16;0.998379,0.056589,0.006168,0.000000,-0.056924,0.992879,0.104648,0.000000,-0.000202,-0.104830,0.994490,0.000000,0.074400,-50.991405,130.010982,1.000000;;,
   3360;16;0.998348,0.057103,0.006286,0.000000,-0.057448,0.992648,0.106535,0.000000,-0.000157,-0.106720,0.994289,0.000000,0.064870,-50.638160,129.958170,1.000000;;,
   3520;16;0.998306,0.057827,0.006455,0.000000,-0.058186,0.992316,0.109193,0.000000,-0.000091,-0.109383,0.994000,0.000000,0.046567,-50.213997,130.158694,1.000000;;,
   3680;16;0.998251,0.058737,0.006669,0.000000,-0.059114,0.991888,0.112532,0.000000,-0.000005,-0.112729,0.993626,0.000000,0.021532,-49.730781,130.647706,1.000000;;,
   3840;16;0.998187,0.059799,0.006923,0.000000,-0.060198,0.991373,0.116433,0.000000,0.000099,-0.116638,0.993175,0.000000,-0.008379,-49.202685,131.438259,1.000000;;,
   4000;16;0.998113,0.060973,0.007208,0.000000,-0.061397,0.990783,0.120746,0.000000,0.000220,-0.120961,0.992657,0.000000,-0.041493,-48.646205,132.521357,1.000000;;,
   4160;16;0.998024,0.062380,0.007559,0.000000,-0.062835,0.990048,0.125923,0.000000,0.000371,-0.126149,0.992011,0.000000,-0.082461,-48.017930,134.123379,1.000000;;,
   4320;16;0.997924,0.063908,0.007949,0.000000,-0.064398,0.989216,0.131546,0.000000,0.000543,-0.131785,0.991278,0.000000,-0.127561,-47.337504,135.956646,1.000000;;,
   4480;16;0.997816,0.065524,0.008371,0.000000,-0.066052,0.988298,0.137496,0.000000,0.000736,-0.137749,0.990467,0.000000,-0.175746,-46.614986,137.998157,1.000000;;,
   4640;16;0.997699,0.067228,0.008826,0.000000,-0.067798,0.987285,0.143776,0.000000,0.000952,-0.144043,0.989571,0.000000,-0.227059,-45.850099,140.253939,1.000000;;,
   4800;16;0.997569,0.069054,0.009326,0.000000,-0.069671,0.986150,0.150512,0.000000,0.001197,-0.150796,0.988564,0.000000,-0.282631,-45.032333,142.759091,1.000000;;,
   4960;16;0.997428,0.070987,0.009873,0.000000,-0.071655,0.984892,0.157648,0.000000,0.001467,-0.157950,0.987446,0.000000,-0.341646,-44.168464,145.158298,1.000000;;,
   5120;16;0.997276,0.073018,0.010464,0.000000,-0.073743,0.983507,0.165155,0.000000,0.001768,-0.165477,0.986212,0.000000,-0.403846,-43.260022,147.534899,1.000000;;,
   5280;16;0.997111,0.075141,0.011098,0.000000,-0.075927,0.981990,0.173006,0.000000,0.002101,-0.173349,0.984858,0.000000,-0.469042,-42.310845,149.868928,1.000000;;,
   5440;16;0.996940,0.077279,0.011754,0.000000,-0.078129,0.980390,0.180920,0.000000,0.002457,-0.181284,0.983428,0.000000,-0.534833,-41.354678,152.019520,1.000000;;,
   5600;16;0.996775,0.079290,0.012388,0.000000,-0.080203,0.978818,0.188369,0.000000,0.002810,-0.188755,0.982020,0.000000,-0.596600,-40.455203,153.725107,1.000000;;,
   5760;16;0.996627,0.081035,0.012955,0.000000,-0.082005,0.977400,0.194844,0.000000,0.003127,-0.195249,0.980749,0.000000,-0.650232,-39.673219,154.953165,1.000000;;,
   5920;16;0.996489,0.082630,0.013484,0.000000,-0.083653,0.976061,0.200765,0.000000,0.003428,-0.201188,0.979547,0.000000,-0.699298,-38.958310,155.877530,1.000000;;,
   6080;16;0.996351,0.084189,0.014011,0.000000,-0.085265,0.974712,0.206558,0.000000,0.003733,-0.206999,0.978334,0.000000,-0.747031,-38.260083,156.472410,1.000000;;,
   6240;16;0.996204,0.085822,0.014574,0.000000,-0.086956,0.973256,0.212629,0.000000,0.004064,-0.213089,0.977025,0.000000,-0.796617,-37.529478,156.766144,1.000000;;,
   6400;16;0.996037,0.087634,0.015210,0.000000,-0.088833,0.971589,0.219369,0.000000,0.004446,-0.219851,0.975523,0.000000,-0.851200,-36.718800,156.841600,1.000000;;,
   6560;16;0.995837,0.089736,0.015971,0.000000,-0.091014,0.969585,0.227203,0.000000,0.004903,-0.227711,0.973717,0.000000,-0.914368,-35.777075,156.528973,1.000000;;,
   6720;16;0.995616,0.092007,0.016814,0.000000,-0.093373,0.967336,0.235673,0.000000,0.005419,-0.236209,0.971687,0.000000,-0.982209,-34.759056,155.681306,1.000000;;,
   6880;16;0.995386,0.094303,0.017688,0.000000,-0.095761,0.964974,0.244244,0.000000,0.005965,-0.244811,0.969553,0.000000,-1.050105,-33.728410,154.461811,1.000000;;,
   7040;16;0.995156,0.096542,0.018561,0.000000,-0.098093,0.962583,0.252611,0.000000,0.006521,-0.253208,0.967390,0.000000,-1.115571,-32.721366,152.990477,1.000000;;,
   7200;16;0.994927,0.098703,0.019424,0.000000,-0.100347,0.960192,0.260695,0.000000,0.007081,-0.261322,0.965226,0.000000,-1.178253,-31.746797,151.344282,1.000000;;,
   7360;16;0.994698,0.100817,0.020294,0.000000,-0.102555,0.957772,0.268617,0.000000,0.007644,-0.269274,0.963033,0.000000,-1.238358,-30.792166,149.288358,1.000000;;,
   7520;16;0.994471,0.102857,0.021152,0.000000,-0.104688,0.955363,0.276266,0.000000,0.008208,-0.276953,0.960848,0.000000,-1.294854,-29.870822,147.137242,1.000000;;,
   7680;16;0.994246,0.104840,0.022004,0.000000,-0.106765,0.952947,0.283713,0.000000,0.008776,-0.284430,0.958657,0.000000,-1.348688,-28.973981,144.911846,1.000000;;,
   7840;16;0.994021,0.106770,0.022849,0.000000,-0.108787,0.950530,0.290962,0.000000,0.009347,-0.291708,0.956462,0.000000,-1.399901,-28.101165,142.606899,1.000000;;,
   8000;16;0.993800,0.108629,0.023680,0.000000,-0.110737,0.948136,0.297953,0.000000,0.009915,-0.298728,0.954287,0.000000,-1.447629,-27.260275,140.190886,1.000000;;,
   8160;16;0.993592,0.110343,0.024464,0.000000,-0.112538,0.945871,0.304408,0.000000,0.010449,-0.305211,0.952228,0.000000,-1.488486,-26.486376,137.910886,1.000000;;,
   8320;16;0.993386,0.112011,0.025240,0.000000,-0.114293,0.943612,0.310698,0.000000,0.010985,-0.311528,0.950174,0.000000,-1.527320,-25.733208,135.666368,1.000000;;,
   8480;16;0.993187,0.113597,0.025990,0.000000,-0.115963,0.941418,0.316679,0.000000,0.011507,-0.317535,0.948177,0.000000,-1.562221,-25.018709,133.489216,1.000000;;,
   8640;16;0.993002,0.115043,0.026683,0.000000,-0.117486,0.939375,0.322137,0.000000,0.011994,-0.323017,0.946317,0.000000,-1.590421,-24.369006,131.491686,1.000000;;,
   8800;16;0.992842,0.116273,0.027281,0.000000,-0.118783,0.937605,0.326782,0.000000,0.012417,-0.327684,0.944706,0.000000,-1.608300,-23.818400,129.866598,1.000000;;,
   8960;16;0.992714,0.117252,0.027765,0.000000,-0.119818,0.936194,0.330432,0.000000,0.012751,-0.331351,0.943422,0.000000,-1.618243,-23.382138,128.663667,1.000000;;,
   9120;16;0.992608,0.118050,0.028161,0.000000,-0.120662,0.935049,0.333354,0.000000,0.013021,-0.334288,0.942381,0.000000,-1.625137,-23.030128,127.743258,1.000000;;,
   9280;16;0.992519,0.118717,0.028495,0.000000,-0.121367,0.934077,0.335813,0.000000,0.013250,-0.336760,0.941498,0.000000,-1.628640,-22.739811,127.077594,1.000000;;,
   9440;16;0.992438,0.119318,0.028798,0.000000,-0.122003,0.933161,0.338123,0.000000,0.013471,-0.339079,0.940661,0.000000,-1.629770,-22.480614,126.600640,1.000000;;,
   9600;16;0.992355,0.119937,0.029112,0.000000,-0.122655,0.932156,0.340647,0.000000,0.013719,-0.341614,0.939740,0.000000,-1.630900,-22.214003,126.208307,1.000000;;,
   9760;16;0.992265,0.120593,0.029448,0.000000,-0.123345,0.931043,0.343431,0.000000,0.013998,-0.344407,0.938716,0.000000,-1.624633,-21.932990,125.892493,1.000000;;,
   9920;16;0.992180,0.121212,0.029768,0.000000,-0.123994,0.929919,0.346231,0.000000,0.014286,-0.347215,0.937677,0.000000,-1.608002,-21.670694,125.834624,1.000000;;,
   10080;16;0.992101,0.121786,0.030067,0.000000,-0.124591,0.928769,0.349092,0.000000,0.014589,-0.350081,0.936606,0.000000,-1.584535,-21.428082,125.862707,1.000000;;,
   10240;16;0.992028,0.122314,0.030346,0.000000,-0.125137,0.927583,0.352037,0.000000,0.014911,-0.353028,0.935494,0.000000,-1.557015,-21.203330,125.890842,1.000000;;,
   10400;16;0.991959,0.122807,0.030608,0.000000,-0.125641,0.926358,0.355070,0.000000,0.015251,-0.356060,0.934339,0.000000,-1.527475,-20.991835,125.918938,1.000000;;,
   10560;16;0.991899,0.123234,0.030840,0.000000,-0.126071,0.925089,0.358214,0.000000,0.015614,-0.359200,0.933130,0.000000,-1.490854,-20.807229,125.947034,1.000000;;,
   10720;16;0.991844,0.123617,0.031052,0.000000,-0.126451,0.923808,0.361372,0.000000,0.015986,-0.362351,0.931905,0.000000,-1.450080,-20.641334,125.975142,1.000000;;,
   10880;16;0.991794,0.123970,0.031251,0.000000,-0.126797,0.922515,0.364538,0.000000,0.016362,-0.365509,0.930664,0.000000,-1.406195,-20.489373,126.003264,1.000000;;,
   11040;16;0.991747,0.124293,0.031439,0.000000,-0.127110,0.921211,0.367715,0.000000,0.016743,-0.368677,0.929407,0.000000,-1.359171,-20.351387,126.031360,1.000000;;,
   11200;16;0.991707,0.124573,0.031606,0.000000,-0.127373,0.919892,0.370910,0.000000,0.017132,-0.371860,0.928131,0.000000,-1.307907,-20.232210,126.059469,1.000000;;,
   11360;16;0.991676,0.124788,0.031725,0.000000,-0.127558,0.918591,0.374058,0.000000,0.017536,-0.374992,0.926863,0.000000,-1.252541,-20.136203,126.087578,1.000000;;,
   11520;16;0.991651,0.124965,0.031831,0.000000,-0.127701,0.917265,0.377250,0.000000,0.017946,-0.378165,0.925565,0.000000,-1.193682,-20.046314,126.251981,1.000000;;,
   11680;16;0.991626,0.125130,0.031930,0.000000,-0.127828,0.915930,0.380438,0.000000,0.018359,-0.381334,0.924255,0.000000,-1.131417,-19.969739,126.484134,1.000000;;,
   11840;16;0.991605,0.125272,0.032024,0.000000,-0.127934,0.914635,0.383506,0.000000,0.018752,-0.384383,0.922983,0.000000,-1.067951,-19.918702,126.739149,1.000000;;,
   12000;16;0.991593,0.125348,0.032109,0.000000,-0.127980,0.913464,0.386269,0.000000,0.019087,-0.387131,0.921827,0.000000,-1.007600,-19.910526,126.996006,1.000000;;,
   12160;16;0.991581,0.125424,0.032173,0.000000,-0.128026,0.912466,0.388606,0.000000,0.019384,-0.389453,0.920842,0.000000,-0.954800,-19.902342,127.227866,1.000000;;,
   12320;16;0.991571,0.125500,0.032183,0.000000,-0.128056,0.911581,0.390668,0.000000,0.019691,-0.391496,0.919969,0.000000,-0.906131,-19.894160,127.450842,1.000000;;,
   12480;16;0.991570,0.125512,0.032176,0.000000,-0.128023,0.910770,0.392565,0.000000,0.019967,-0.393375,0.919161,0.000000,-0.857957,-19.885976,127.685056,1.000000;;,
   12640;16;0.991577,0.125460,0.032169,0.000000,-0.127932,0.909980,0.394425,0.000000,0.020212,-0.395218,0.918365,0.000000,-0.806852,-19.882021,127.947213,1.000000;;,
   12800;16;0.991584,0.125408,0.032162,0.000000,-0.127837,0.909138,0.396391,0.000000,0.020471,-0.397166,0.917518,0.000000,-0.749600,-19.890738,128.250598,1.000000;;,
   12960;16;0.991591,0.125355,0.032155,0.000000,-0.127737,0.908186,0.398600,0.000000,0.020764,-0.399355,0.916561,0.000000,-0.682690,-19.899454,128.612762,1.000000;;,
   13120;16;0.991597,0.125303,0.032148,0.000000,-0.127635,0.907208,0.400853,0.000000,0.021063,-0.401588,0.915578,0.000000,-0.609621,-19.943138,129.021990,1.000000;;,
   13280;16;0.991604,0.125251,0.032141,0.000000,-0.127535,0.906283,0.402972,0.000000,0.021344,-0.403687,0.914648,0.000000,-0.534716,-20.007010,129.457382,1.000000;;,
   13440;16;0.991611,0.125199,0.032134,0.000000,-0.127440,0.905448,0.404875,0.000000,0.021594,-0.405574,0.913807,0.000000,-0.460454,-20.080186,129.903821,1.000000;;,
   13600;16;0.991618,0.125146,0.032127,0.000000,-0.127349,0.904694,0.406585,0.000000,0.021818,-0.407268,0.913048,0.000000,-0.387469,-20.155712,130.351949,1.000000;;,
   13760;16;0.991637,0.125015,0.032062,0.000000,-0.127169,0.904072,0.408022,0.000000,0.022023,-0.408687,0.912409,0.000000,-0.314480,-20.248854,130.822682,1.000000;;,
   13920;16;0.991656,0.124885,0.031977,0.000000,-0.126986,0.903570,0.409190,0.000000,0.022209,-0.409836,0.911889,0.000000,-0.243833,-20.359538,131.308531,1.000000;;,
   14080;16;0.991678,0.124734,0.031882,0.000000,-0.126787,0.903163,0.410148,0.000000,0.022365,-0.410777,0.911462,0.000000,-0.175838,-20.487771,131.808614,1.000000;;,
   14240;16;0.991702,0.124564,0.031785,0.000000,-0.126576,0.902893,0.410809,0.000000,0.022473,-0.411423,0.911168,0.000000,-0.110495,-20.633728,132.323085,1.000000;;,
   14400;16;0.991727,0.124394,0.031689,0.000000,-0.126378,0.902861,0.410939,0.000000,0.022507,-0.411544,0.911112,0.000000,-0.047498,-20.797768,132.853414,1.000000;;,
   14560;16;0.991756,0.124187,0.031587,0.000000,-0.126145,0.902834,0.411070,0.000000,0.022531,-0.411666,0.911056,0.000000,0.015620,-20.960878,133.382886,1.000000;;,
   14720;16;0.991787,0.123971,0.031474,0.000000,-0.125898,0.902808,0.411204,0.000000,0.022563,-0.411789,0.911000,0.000000,0.082506,-21.117507,133.918976,1.000000;;,
   14880;16;0.991819,0.123745,0.031347,0.000000,-0.125648,0.902977,0.410909,0.000000,0.022542,-0.411486,0.911137,0.000000,0.150902,-21.271915,134.458278,1.000000;;,
   15040;16;0.991852,0.123515,0.031215,0.000000,-0.125403,0.903375,0.410106,0.000000,0.022455,-0.410679,0.911503,0.000000,0.216253,-21.427227,134.986074,1.000000;;,
   15200;16;0.991882,0.123298,0.031089,0.000000,-0.125180,0.903877,0.409069,0.000000,0.022337,-0.409640,0.911974,0.000000,0.271700,-21.585501,135.476506,1.000000;;,
   15360;16;0.991908,0.123120,0.030981,0.000000,-0.124999,0.904366,0.408042,0.000000,0.022220,-0.408613,0.912437,0.000000,0.312237,-21.742526,135.901555,1.000000;;,
   15520;16;0.991933,0.122943,0.030882,0.000000,-0.124823,0.904885,0.406943,0.000000,0.022086,-0.407515,0.912931,0.000000,0.343307,-21.898154,136.284134,1.000000;;,
   15680;16;0.991958,0.122769,0.030784,0.000000,-0.124658,0.905519,0.405580,0.000000,0.021917,-0.406156,0.913541,0.000000,0.369317,-22.058728,136.653184,1.000000;;,
   15840;16;0.991983,0.122593,0.030681,0.000000,-0.124497,0.906329,0.403818,0.000000,0.021698,-0.404400,0.914325,0.000000,0.395127,-22.229304,137.037478,1.000000;;,
   16000;16;0.992010,0.122397,0.030566,0.000000,-0.124325,0.907347,0.401578,0.000000,0.021418,-0.402170,0.915315,0.000000,0.426050,-22.413653,137.465626,1.000000;;,
   16160;16;0.992043,0.122165,0.030425,0.000000,-0.124120,0.908610,0.398775,0.000000,0.021072,-0.399379,0.916544,0.000000,0.467778,-22.615598,137.967539,1.000000;;,
   16320;16;0.992079,0.121913,0.030271,0.000000,-0.123906,0.910123,0.395377,0.000000,0.020651,-0.395996,0.918020,0.000000,0.512881,-22.833582,138.509542,1.000000;;,
   16480;16;0.992114,0.121667,0.030129,0.000000,-0.123711,0.911848,0.391444,0.000000,0.020152,-0.392084,0.919709,0.000000,0.553757,-23.063867,139.054221,1.000000;;,
   16640;16;0.992145,0.121438,0.030006,0.000000,-0.123547,0.913730,0.387084,0.000000,0.019589,-0.387750,0.921556,0.000000,0.586679,-23.303318,139.580378,1.000000;;,
   16800;16;0.992175,0.121223,0.029896,0.000000,-0.123403,0.915698,0.382453,0.000000,0.018986,-0.383149,0.923491,0.000000,0.611793,-23.549374,140.082982,1.000000;;,
   16960;16;0.992207,0.120997,0.029764,0.000000,-0.123250,0.917916,0.377146,0.000000,0.018313,-0.377875,0.925676,0.000000,0.626813,-23.809907,140.567258,1.000000;;,
   17120;16;0.992239,0.120765,0.029614,0.000000,-0.123094,0.920335,0.371258,0.000000,0.017580,-0.372022,0.928058,0.000000,0.633407,-24.075539,141.031936,1.000000;;,
   17280;16;0.992265,0.120589,0.029488,0.000000,-0.122978,0.922375,0.366199,0.000000,0.016961,-0.366992,0.930069,0.000000,0.634907,-24.292248,141.491635,1.000000;;,
   17440;16;0.992281,0.120470,0.029403,0.000000,-0.122911,0.924018,0.362056,0.000000,0.016448,-0.362875,0.931693,0.000000,0.632627,-24.456856,141.947021,1.000000;;,
   17600;16;0.992297,0.120351,0.029351,0.000000,-0.122859,0.925767,0.357576,0.000000,0.015863,-0.358428,0.933423,0.000000,0.625864,-24.617021,142.385037,1.000000;;,
   17760;16;0.992344,0.120015,0.029160,0.000000,-0.122696,0.930950,0.343917,0.000000,0.014129,-0.344861,0.938547,0.000000,0.609413,-25.120205,142.727834,1.000000;;,
   17920;16;0.992430,0.119387,0.028811,0.000000,-0.122359,0.940956,0.315644,0.000000,0.010574,-0.316780,0.948440,0.000000,0.480239,-25.995742,143.021120,1.000000;;,
   18080;16;0.992556,0.118446,0.028331,0.000000,-0.121689,0.955237,0.269657,0.000000,0.004877,-0.271097,0.962540,0.000000,0.185259,-27.255472,143.219238,1.000000;;,
   18240;16;0.992712,0.117263,0.027788,0.000000,-0.120488,0.970300,0.209762,0.000000,-0.002366,-0.211581,0.977358,0.000000,-0.243000,-28.790038,143.338547,1.000000;;,
   18400;16;0.992872,0.116013,0.027301,0.000000,-0.118786,0.981925,0.147356,0.000000,-0.009712,-0.149549,0.988707,0.000000,-0.686400,-30.368902,143.457920,1.000000;;,
   18560;16;0.993056,0.114535,0.026863,0.000000,-0.116284,0.990256,0.076631,0.000000,-0.017824,-0.079222,0.996698,0.000000,-1.164710,-32.177242,142.912230,1.000000;;,
   18720;16;0.993266,0.112785,0.026491,0.000000,-0.112667,0.993615,-0.005937,0.000000,-0.026991,0.002912,0.999632,0.000000,-1.723950,-34.265229,141.705318,1.000000;;,
   18880;16;0.993458,0.111139,0.026248,0.000000,-0.108636,0.990632,-0.082749,0.000000,-0.035199,0.079356,0.996225,0.000000,-2.246631,-36.202867,140.278029,1.000000;;,
   19040;16;0.993596,0.109924,0.026148,0.000000,-0.105294,0.984726,-0.138665,0.000000,-0.040991,0.135024,0.989994,0.000000,-2.630373,-37.618077,139.071078,1.000000;;,
   19200;16;0.993651,0.109425,0.026147,0.000000,-0.103829,0.981409,-0.161422,0.000000,-0.043325,0.157683,0.986539,0.000000,-2.787900,-38.196704,138.525402,1.000000;;,
   21600;16;0.993651,0.109425,0.026145,0.000000,-0.103830,0.981408,-0.161422,0.000000,-0.043323,0.157683,0.986539,0.000000,-2.787900,-38.196704,138.525389,1.000000;;,
   21760;16;0.993748,0.108552,0.026117,0.000000,-0.103491,0.983354,-0.149346,0.000000,-0.041894,0.145709,0.988440,0.000000,-3.535654,-47.392749,137.473523,1.000000;;,
   21920;16;0.993958,0.106621,0.026073,0.000000,-0.102693,0.987195,-0.122064,0.000000,-0.038754,0.118648,0.992180,0.000000,-5.189537,-67.930246,135.130509,1.000000;;,
   22080;16;0.994202,0.104341,0.026001,0.000000,-0.101669,0.990854,-0.088721,0.000000,-0.035020,0.085563,0.995717,0.000000,-7.145466,-92.603834,132.327578,1.000000;;,
   22240;16;0.994403,0.102418,0.025953,0.000000,-0.100756,0.993171,-0.058813,0.000000,-0.031799,0.055869,0.997932,0.000000,-8.799348,-114.123546,129.902963,1.000000;;,
   22400;16;0.994490,0.101554,0.026022,0.000000,-0.100407,0.994054,-0.042127,0.000000,-0.030146,0.039283,0.998773,0.000000,-9.547101,-125.114906,128.701901,1.000000;;,
   22560;16;0.994479,0.101625,0.026144,0.000000,-0.100587,0.994189,-0.038349,0.000000,-0.029889,0.035508,0.998923,0.000000,-9.547146,-126.640333,128.632512,1.000000;;,
   22720;16;0.994471,0.101696,0.026179,0.000000,-0.100712,0.994246,-0.036512,0.000000,-0.029742,0.033674,0.998990,0.000000,-9.547194,-127.388787,128.563110,1.000000;;,
   22880;16;0.994463,0.101767,0.026185,0.000000,-0.100819,0.994279,-0.035272,0.000000,-0.029625,0.032436,0.999035,0.000000,-9.547239,-127.879322,128.493683,1.000000;;,
   23040;16;0.994456,0.101838,0.026201,0.000000,-0.100934,0.994320,-0.033777,0.000000,-0.029492,0.030946,0.999086,0.000000,-9.547285,-128.441894,128.426099,1.000000;;,
   23200;16;0.994447,0.101909,0.026248,0.000000,-0.101065,0.994376,-0.031673,0.000000,-0.029328,0.028844,0.999154,0.000000,-9.547334,-129.217344,128.363994,1.000000;;,
   23360;16;0.994439,0.101979,0.026294,0.000000,-0.101196,0.994427,-0.029567,0.000000,-0.029163,0.026741,0.999217,0.000000,-9.547378,-129.956147,128.301875,1.000000;;,
   23520;16;0.994430,0.102050,0.026338,0.000000,-0.101326,0.994473,-0.027502,0.000000,-0.028999,0.024680,0.999275,0.000000,-9.547423,-130.669901,128.239795,1.000000;;,
