xof 0303txt 0032
template Frame {
 <3d82ab46-62da-11cf-ab39-0020af71e433>
 [...]
}

template Matrix4x4 {
 <f6f23f45-7686-11cf-8f52-0040333594a3>
 array FLOAT matrix[16];
}

template FrameTransformMatrix {
 <f6f23f41-7686-11cf-8f52-0040333594a3>
 Matrix4x4 frameMatrix;
}

template AnimTicksPerSecond {
 <9e415a43-7ba6-4a73-8743-b73d47e88476>
 DWORD AnimTicksPerSecond;
}

template Animation {
 <3d82ab4f-62da-11cf-ab39-0020af71e433>
 [...]
}

template AnimationSet {
 <3d82ab50-62da-11cf-ab39-0020af71e433>
 [Animation <3d82ab4f-62da-11cf-ab39-0020af71e433>]
}

template FloatKeys {
 <10dd46a9-775b-11cf-8f52-0040333594a3>
 DWORD nValues;
 array FLOAT values[nValues];
}

template TimedFloatKeys {
 <f406b180-7b3b-11cf-8f52-0040333594a3>
 DWORD time;
 FloatKeys tfkeys;
}

template AnimationKey {
 <10dd46a8-775b-11cf-8f52-0040333594a3>
 DWORD keyType;
 DWORD nKeys;
 array TimedFloatKeys keys[nKeys];
}


Frame ARM_bear_framework {
 

 FrameTransformMatrix {
  -0.003937,0.000000,-0.000000,0.000000,-0.000000,-0.000000,0.003937,0.000000,-0.000000,0.003937,0.000000,0.000000,0.000000,0.000000,0.000000,1.000000;;
 }

 Frame _0__-com {
  

  FrameTransformMatrix {
   0.958514,-0.283135,-0.032925,0.000000,0.285043,0.952103,0.110679,0.000000,0.000011,-0.115472,0.993310,0.000000,-0.000100,9.157800,142.071706,1.000000;;
  }

  Frame _1___body {
   

   FrameTransformMatrix {
    -0.000000,0.000000,1.000000,0.000000,1.000000,-0.000000,0.000000,0.000000,0.000000,1.000000,-0.000000,0.000000,-0.000773,0.002592,-66.889158,1.000000;;
   }

   Frame _3___chest {
    

    FrameTransformMatrix {
     -0.392023,0.121802,-0.911856,0.000000,0.042312,0.992535,0.114388,0.000000,0.918981,0.006260,-0.394250,0.000000,56.328000,-0.009899,21.814792,1.000000;;
    }

    Frame _7___neck1 {
     

     FrameTransformMatrix {
      0.524274,-0.000085,-0.851550,0.000000,-0.109063,0.991758,-0.067246,0.000000,0.844537,0.128128,0.519943,0.000000,-0.011009,-0.000001,102.579539,1.000000;;
     }

     Frame _10___claviclel {
      

      FrameTransformMatrix {
       -0.231568,0.937855,-0.258461,0.000000,-0.791547,-0.027196,0.610502,0.000000,0.565534,0.345957,0.748655,0.000000,10.181198,20.332702,-31.521290,1.000000;;
      }

      Frame _15___arm1l {
       

       FrameTransformMatrix {
        0.432926,-0.503681,-0.747582,0.000000,0.901424,0.239041,0.360962,0.000000,-0.003107,-0.830159,0.557518,0.000000,-0.001801,0.001953,50.674560,1.000000;;
       }

       Frame _20___arm2l {
        

        FrameTransformMatrix {
         0.173415,0.000000,0.984849,0.000000,-0.000000,1.000000,0.000000,0.000000,-0.984849,0.000000,0.173415,0.000000,0.001466,0.000648,57.367309,1.000000;;
        }

        Frame _23___hand1l {
         

         FrameTransformMatrix {
          0.484340,-0.277306,-0.829768,0.000000,0.740463,0.635081,0.219970,0.000000,0.465971,-0.720953,0.512930,0.000000,-0.001671,0.001694,60.926349,1.000000;;
         }

         Frame _25___hand2l {
          

          FrameTransformMatrix {
           0.801219,-0.000618,0.598371,0.000000,0.000804,1.000000,-0.000044,0.000000,-0.598371,0.000517,0.801219,0.000000,2.006302,0.006870,18.801026,1.000000;;
          }

          Frame _25___hand2l_end {
           

           FrameTransformMatrix {
            1.000000,0.000000,-0.000000,0.000000,0.000000,1.000000,-0.000000,0.000000,0.000000,-0.000000,1.000000,0.000000,0.000015,0.000008,1.000011,1.000000;;
           }
          }
         }
        }
       }
      }
     }

     Frame _11___clavicler {
      

      FrameTransformMatrix {
       -0.231325,-0.841417,-0.488370,0.000000,0.791569,0.129057,-0.597295,0.000000,0.565603,-0.524749,0.636186,0.000000,10.184616,-11.652797,-35.653293,1.000000;;
      }

      Frame _16___arm1r {
       

       FrameTransformMatrix {
        0.126207,0.538156,-0.833342,0.000000,-0.988554,0.138215,-0.060457,0.000000,0.082645,0.831435,0.549441,0.000000,-0.000931,0.000641,50.676765,1.000000;;
       }

       Frame _21___arm2r {
        

        FrameTransformMatrix {
         0.398606,0.000000,0.917123,0.000000,-0.000000,1.000000,-0.000000,0.000000,-0.917123,0.000000,0.398606,0.000000,0.000687,-0.000542,57.363686,1.000000;;
        }

        Frame _24___hand1r {
         

         FrameTransformMatrix {
          0.450372,0.571560,-0.685918,0.000000,-0.802374,0.596059,-0.030155,0.000000,0.391613,0.563944,0.727054,0.000000,0.002678,-0.002838,60.929856,1.000000;;
         }

         Frame _26___hand2r {
          

          FrameTransformMatrix {
           0.585337,0.000483,-0.810789,0.000000,-0.000815,1.000000,0.000007,0.000000,0.810789,0.000656,0.585338,0.000000,2.006844,-0.005726,18.800106,1.000000;;
          }

          Frame _26___hand2r_end {
           

           FrameTransformMatrix {
            1.000000,0.000000,-0.000000,0.000000,0.000000,1.000000,0.000000,0.000000,0.000000,0.000000,1.000000,0.000000,-0.000008,0.000004,1.000015,1.000000;;
           }
          }
         }
        }
       }
      }
     }

     Frame _12___neck2 {
      

      FrameTransformMatrix {
       0.938857,-0.000000,-0.344306,0.000000,0.000000,1.000000,-0.000000,0.000000,0.344306,0.000000,0.938857,0.000000,-0.019409,-0.000000,26.410096,1.000000;;
      }

      Frame _17___head {
       

       FrameTransformMatrix {
        0.244865,0.046520,0.968440,0.000000,0.182652,0.978750,-0.093198,0.000000,-0.952197,0.199708,0.231165,0.000000,0.000992,0.000911,25.879253,1.000000;;
       }

       Frame _22___head2 {
        

        FrameTransformMatrix {
         0.036088,-0.000000,-0.999349,0.000000,0.000000,1.000000,0.000000,0.000000,0.999349,-0.000000,0.036089,0.000000,22.452099,0.000000,-18.316117,1.000000;;
        }

        Frame _22___head2_end {
         

         FrameTransformMatrix {
          1.000000,0.000000,0.000000,0.000000,0.000000,1.000000,-0.000000,0.000000,0.000000,-0.000000,1.000000,0.000000,-0.000015,0.000000,1.000008,1.000000;;
         }
        }
       }
      }
     }
    }
   }

   Frame _4___leg1l {
    

    FrameTransformMatrix {
     0.962386,-0.089553,-0.256503,0.000000,-0.216716,-0.822427,-0.525973,0.000000,-0.163852,0.561777,-0.810899,0.000000,-0.000427,34.857472,0.001444,1.000000;;
    }

    Frame _8___leg2l {
     

     FrameTransformMatrix {
      -0.021302,-0.000000,0.999774,0.000000,-0.000000,1.000000,0.000000,0.000000,-0.999774,-0.000000,-0.021302,0.000000,-0.002022,0.001926,58.026003,1.000000;;
     }

     Frame _13___foot1l {
      

      FrameTransformMatrix {
       0.951774,-0.173389,-0.253107,0.000000,0.097935,0.953530,-0.284937,0.000000,0.290750,0.246408,0.924525,0.000000,0.001755,0.000954,55.121107,1.000000;;
      }

      Frame _18___foot2l {
       

       FrameTransformMatrix {
        -0.000042,-0.000002,-1.000042,0.000000,-0.083058,0.996545,0.000002,0.000000,0.996586,0.083061,-0.000042,0.000000,14.380859,-0.000393,7.796200,1.000000;;
       }

       Frame _18___foot2l_end {
        

        FrameTransformMatrix {
         1.000000,0.000000,0.000000,0.000000,-0.000000,1.000000,-0.000000,0.000000,0.000000,0.000000,1.000000,0.000000,0.000000,0.000004,0.999996,1.000000;;
        }
       }
      }
     }
    }
   }

   Frame _5___leg1r {
    

    FrameTransformMatrix {
     0.886660,0.056500,-0.458956,0.000000,0.190120,-0.949281,0.250433,0.000000,-0.421529,-0.309306,-0.852432,0.000000,0.000465,-34.857491,-0.001366,1.000000;;
    }

    Frame _9___leg2r {
     

     FrameTransformMatrix {
      -0.182967,-0.000000,0.983119,0.000000,0.000000,1.000000,-0.000000,0.000000,-0.983118,-0.000000,-0.182967,0.000000,-0.002041,0.000416,58.024499,1.000000;;
     }

     Frame _14___foot1r {
      

      FrameTransformMatrix {
       0.727190,-0.088527,-0.680703,0.000000,0.232668,0.964735,0.123091,0.000000,0.645801,-0.247889,0.722144,0.000000,0.001263,-0.001495,55.122989,1.000000;;
      }

      Frame _19___foot2r {
       

       FrameTransformMatrix {
        -0.000036,-0.000001,-1.000000,0.000000,-0.055403,0.998464,0.000001,0.000000,0.998464,0.055403,-0.000036,0.000000,14.380906,0.000263,7.796199,1.000000;;
       }

       Frame _19___foot2r_end {
        

        FrameTransformMatrix {
         1.000000,0.000000,0.000000,0.000000,0.000000,1.000000,0.000000,0.000000,0.000000,0.000000,1.000000,0.000000,0.000000,0.000000,1.000000,1.000000;;
        }
       }
      }
     }
    }
   }

   Frame _6___tail1 {
    

    FrameTransformMatrix {
     0.794295,-0.000004,0.607532,0.000000,-0.000017,1.000000,0.000028,0.000000,-0.607532,-0.000033,0.794295,0.000000,-19.609931,-0.000492,8.999542,1.000000;;
    }

    Frame _6___tail1_end {
     

     FrameTransformMatrix {
      1.000000,0.000000,0.000000,0.000000,-0.000000,1.000000,-0.000000,0.000000,0.000000,0.000000,1.000000,0.000000,0.000004,-0.000001,1.000002,1.000000;;
     }
    }
   }
  }

  Frame _2__-footsteps {
   

   FrameTransformMatrix {
    -0.283145,0.952102,-0.115463,0.000000,-0.032916,0.110672,0.993312,0.000000,0.958512,0.285052,0.000003,0.000000,4.675397,-15.720594,-141.121677,1.000000;;
   }

   Frame _2__-footsteps_end {
    

    FrameTransformMatrix {
     1.000000,0.000000,0.000000,0.000000,0.000000,1.000000,-0.000000,0.000000,-0.000000,0.000000,1.000000,0.000000,0.000000,0.000000,1.000000,1.000000;;
    }
   }
  }
 }
}

AnimTicksPerSecond  {
 4800;
}

AnimationSet Dummy {
 

 Animation {
  
  { ARM_bear_framework }

  AnimationKey  {
   4;
   2;
   0;16;-0.003937,0.000000,-0.000000,0.000000,-0.000000,-0.000000,0.003937,0.000000,-0.000000,0.003937,0.000000,0.000000,0.000000,0.000000,0.000000,1.000000;;,
   41600;16;-0.003937,0.000000,-0.000000,0.000000,-0.000000,-0.000000,0.003937,0.000000,-0.000000,0.003937,0.000000,0.000000,0.000000,0.000000,0.000000,1.000000;;;
  }
 }

 Animation {
  
  { _0__-com }

  AnimationKey  {
   4;
   261;
   0;16;0.958514,-0.283135,-0.032925,0.000000,0.285043,0.952103,0.110679,0.000000,0.000011,-0.115472,0.993310,0.000000,-0.000100,9.157800,142.071706,1.000000;;,
   160;16;0.958039,-0.284718,-0.033109,0.000000,0.286636,0.951625,0.110677,0.000000,-0.000005,-0.115523,0.993304,0.000000,-0.105388,9.265962,142.075226,1.000000;;,
   320;16;0.956925,-0.288390,-0.033535,0.000000,0.290334,0.950521,0.110522,0.000000,0.000003,-0.115498,0.993307,0.000000,-0.341477,9.508496,142.078746,1.000000;;,
   480;16;0.955541,-0.292882,-0.034057,0.000000,0.294856,0.949150,0.110332,0.000000,0.000011,-0.115469,0.993311,0.000000,-0.617794,9.792357,142.082291,1.000000;;,
   640;16;0.954135,-0.297370,-0.034579,0.000000,0.299374,0.947754,0.110166,0.000000,0.000012,-0.115465,0.993311,0.000000,-0.876468,10.057173,142.085811,1.000000;;,
   800;16;0.952827,-0.301480,-0.035056,0.000000,0.303511,0.946454,0.110022,0.000000,0.000009,-0.115472,0.993310,0.000000,-1.092338,10.275263,142.089344,1.000000;;,
   960;16;0.951387,-0.305935,-0.035574,0.000000,0.307996,0.945023,0.109856,0.000000,0.000009,-0.115473,0.993310,0.000000,-1.307776,10.492448,142.092838,1.000000;;,
   1120;16;0.949869,-0.310553,-0.036110,0.000000,0.312645,0.943516,0.109681,0.000000,0.000009,-0.115473,0.993310,0.000000,-1.531594,10.727197,142.096346,1.000000;;,
   1280;16;0.948270,-0.315337,-0.036666,0.000000,0.317462,0.941928,0.109497,0.000000,0.000009,-0.115473,0.993310,0.000000,-1.767112,10.984427,142.099904,1.000000;;,
   1440;16;0.946586,-0.320292,-0.037242,0.000000,0.322450,0.940254,0.109302,0.000000,0.000008,-0.115473,0.993310,0.000000,-2.014465,11.264292,142.103411,1.000000;;,
   1600;16;0.944811,-0.325422,-0.037838,0.000000,0.327615,0.938491,0.109097,0.000000,0.000008,-0.115472,0.993310,0.000000,-2.270606,11.562189,142.106970,1.000000;;,
   1760;16;0.943075,-0.330353,-0.038411,0.000000,0.332579,0.936767,0.108897,0.000000,0.000007,-0.115473,0.993310,0.000000,-2.512261,11.843038,142.110438,1.000000;;,
   1920;16;0.941381,-0.335085,-0.038960,0.000000,0.337343,0.935085,0.108702,0.000000,0.000007,-0.115473,0.993310,0.000000,-2.740768,12.106342,142.113971,1.000000;;,
   2080;16;0.939713,-0.339675,-0.039494,0.000000,0.341963,0.933427,0.108509,0.000000,0.000007,-0.115473,0.993310,0.000000,-2.959396,12.357484,142.117504,1.000000;;,
   2240;16;0.938058,-0.344159,-0.040015,0.000000,0.346477,0.931783,0.108318,0.000000,0.000006,-0.115473,0.993310,0.000000,-3.170357,12.599814,142.121037,1.000000;;,
   2400;16;0.936413,-0.348552,-0.040525,0.000000,0.350900,0.930149,0.108128,0.000000,0.000006,-0.115472,0.993310,0.000000,-3.374797,12.834659,142.124570,1.000000;;,
   2560;16;0.934763,-0.352893,-0.041029,0.000000,0.355271,0.928510,0.107938,0.000000,0.000006,-0.115473,0.993310,0.000000,-3.575842,13.065603,142.128077,1.000000;;,
   2720;16;0.933080,-0.357260,-0.041537,0.000000,0.359667,0.926839,0.107744,0.000000,0.000005,-0.115473,0.993310,0.000000,-3.779434,13.299473,142.131571,1.000000;;,
   2880;16;0.931351,-0.361685,-0.042051,0.000000,0.364121,0.925121,0.107544,0.000000,0.000005,-0.115473,0.993310,0.000000,-3.988221,13.539309,142.135117,1.000000;;,
   3040;16;0.929565,-0.366190,-0.042574,0.000000,0.368657,0.923347,0.107338,0.000000,0.000005,-0.115473,0.993310,0.000000,-4.204102,13.787298,142.138662,1.000000;;,
   3200;16;0.927715,-0.370791,-0.043108,0.000000,0.373289,0.921509,0.107124,0.000000,0.000004,-0.115473,0.993310,0.000000,-4.428225,14.044749,142.142170,1.000000;;,
   3360;16;0.925738,-0.375632,-0.043671,0.000000,0.378163,0.919546,0.106897,0.000000,0.000004,-0.115473,0.993310,0.000000,-4.669880,14.325600,142.145690,1.000000;;,
   3520;16;0.923679,-0.380602,-0.044249,0.000000,0.383166,0.917500,0.106659,0.000000,0.000004,-0.115474,0.993310,0.000000,-4.922400,14.619238,142.149197,1.000000;;,
   3680;16;0.921623,-0.385488,-0.044816,0.000000,0.388084,0.915458,0.106422,0.000000,0.000003,-0.115474,0.993310,0.000000,-5.172683,14.905115,142.152704,1.000000;;,
   3840;16;0.919617,-0.390186,-0.045362,0.000000,0.392814,0.913466,0.106190,0.000000,0.000003,-0.115473,0.993310,0.000000,-5.412653,15.170651,142.156250,1.000000;;,
   4000;16;0.917662,-0.394703,-0.045887,0.000000,0.397361,0.911523,0.105964,0.000000,0.000002,-0.115473,0.993310,0.000000,-5.639264,15.411246,142.159757,1.000000;;,
   4160;16;0.915780,-0.398992,-0.046385,0.000000,0.401680,0.909654,0.105747,0.000000,0.000002,-0.115473,0.993310,0.000000,-5.854703,15.628414,142.163290,1.000000;;,
   4320;16;0.913990,-0.403020,-0.046853,0.000000,0.405734,0.907877,0.105541,0.000000,0.000002,-0.115474,0.993310,0.000000,-6.070466,15.846262,142.166797,1.000000;;,
   4480;16;0.912267,-0.406854,-0.047299,0.000000,0.409594,0.906165,0.105342,0.000000,0.000002,-0.115473,0.993310,0.000000,-6.290417,16.072898,142.170304,1.000000;;,
   4640;16;0.910611,-0.410499,-0.047722,0.000000,0.413264,0.904520,0.105151,0.000000,0.000001,-0.115473,0.993310,0.000000,-6.514598,16.308387,142.173824,1.000000;;,
   4800;16;0.909053,-0.413892,-0.048116,0.000000,0.416679,0.902972,0.104971,0.000000,0.000001,-0.115473,0.993310,0.000000,-6.739223,16.544818,142.177382,1.000000;;,
   4960;16;0.907694,-0.416824,-0.048457,0.000000,0.419631,0.901623,0.104807,0.000000,0.000004,-0.115466,0.993311,0.000000,-6.948486,16.749043,142.180890,1.000000;;,
   5120;16;0.906416,-0.419559,-0.048774,0.000000,0.422384,0.900353,0.104663,0.000000,0.000002,-0.115470,0.993311,0.000000,-7.150391,16.932485,142.184422,1.000000;;,
   5280;16;0.905265,-0.422004,-0.049058,0.000000,0.424846,0.899211,0.104523,0.000000,0.000005,-0.115464,0.993311,0.000000,-7.342717,17.093603,142.187930,1.000000;;,
   5440;16;0.904287,-0.424067,-0.049298,0.000000,0.426923,0.898241,0.104400,0.000000,0.000009,-0.115454,0.993312,0.000000,-7.520948,17.230547,142.191437,1.000000;;,
   5600;16;0.903533,-0.425651,-0.049482,0.000000,0.428518,0.897489,0.104333,0.000000,-0.000000,-0.115473,0.993310,0.000000,-7.678300,17.341202,142.194957,1.000000;;,
   5760;16;0.902985,-0.426796,-0.049615,0.000000,0.429670,0.896958,0.104162,0.000000,0.000047,-0.115375,0.993322,0.000000,-7.811009,17.433920,142.198502,1.000000;;,
   5920;16;0.902605,-0.427589,-0.049707,0.000000,0.430468,0.896590,0.104033,0.000000,0.000083,-0.115298,0.993330,0.000000,-7.925360,17.510350,142.202022,1.000000;;,
   6080;16;0.902441,-0.427929,-0.049747,0.000000,0.430811,0.896434,0.103959,0.000000,0.000107,-0.115248,0.993336,0.000000,-8.027174,17.564974,142.205555,1.000000;;,
   6240;16;0.902439,-0.427935,-0.049747,0.000000,0.430816,0.896435,0.103926,0.000000,0.000121,-0.115219,0.993340,0.000000,-8.123797,17.593078,142.209050,1.000000;;,
   6400;16;0.902436,-0.427940,-0.049748,0.000000,0.430822,0.896436,0.103894,0.000000,0.000135,-0.115190,0.993343,0.000000,-8.224100,17.590816,142.212582,1.000000;;,
   6560;16;0.902434,-0.427945,-0.049748,0.000000,0.430827,0.896438,0.103861,0.000000,0.000150,-0.115161,0.993346,0.000000,-8.335024,17.588563,142.216115,1.000000;;,
   6720;16;0.902805,-0.427172,-0.049659,0.000000,0.430049,0.896804,0.103923,0.000000,0.000141,-0.115178,0.993344,0.000000,-8.444802,17.586314,142.219622,1.000000;;,
   6880;16;0.903484,-0.425752,-0.049494,0.000000,0.428619,0.897472,0.104064,0.000000,0.000114,-0.115234,0.993338,0.000000,-8.544460,17.566952,142.223155,1.000000;;,
   7040;16;0.904294,-0.424053,-0.049296,0.000000,0.426909,0.898267,0.104238,0.000000,0.000079,-0.115307,0.993329,0.000000,-8.631966,17.530730,142.226675,1.000000;;,
   7200;16;0.904942,-0.422686,-0.049138,0.000000,0.425533,0.898904,0.104371,0.000000,0.000054,-0.115359,0.993324,0.000000,-8.712229,17.495246,142.230182,1.000000;;,
   7360;16;0.905901,-0.420655,-0.048902,0.000000,0.423488,0.899844,0.104582,0.000000,0.000011,-0.115450,0.993313,0.000000,-8.774594,17.405608,142.233715,1.000000;;,
   7520;16;0.908179,-0.415780,-0.048336,0.000000,0.418581,0.902104,0.104871,0.000000,0.000001,-0.115474,0.993310,0.000000,-8.805194,17.205178,142.237248,1.000000;;,
   7680;16;0.913789,-0.403469,-0.046914,0.000000,0.406187,0.907676,0.105527,0.000000,0.000006,-0.115485,0.993309,0.000000,-8.670560,16.646506,142.240768,1.000000;;,
   7840;16;0.924339,-0.379014,-0.044089,0.000000,0.381570,0.918153,0.106765,0.000000,0.000015,-0.115510,0.993306,0.000000,-8.237818,15.480629,142.304218,1.000000;;,
   8000;16;0.940531,-0.337432,-0.039233,0.000000,0.339705,0.934240,0.108603,0.000000,0.000007,-0.115472,0.993310,0.000000,-7.374686,13.457126,142.547443,1.000000;;,
   8160;16;0.957230,-0.287387,-0.033445,0.000000,0.289327,0.950822,0.110573,0.000000,0.000023,-0.115520,0.993305,0.000000,-6.332938,11.056866,142.834778,1.000000;;,
   8320;16;0.974528,-0.222756,-0.025964,0.000000,0.224264,0.967996,0.112641,0.000000,0.000042,-0.115595,0.993296,0.000000,-5.016283,8.023514,143.204122,1.000000;;,
   8480;16;0.989000,-0.146912,-0.017142,0.000000,0.147909,0.982368,0.114347,0.000000,0.000040,-0.115624,0.993293,0.000000,-3.488395,4.524799,143.630234,1.000000;;,
   8640;16;0.996985,-0.077067,-0.008986,0.000000,0.077589,0.990315,0.115134,0.000000,0.000026,-0.115484,0.993309,0.000000,-2.088824,1.338126,143.975066,1.000000;;,
   8800;16;0.999002,-0.044349,-0.005183,0.000000,0.044651,0.992320,0.115351,0.000000,0.000028,-0.115467,0.993311,0.000000,-1.433000,-0.149400,143.987917,1.000000;;,
   8960;16;0.999002,-0.044349,-0.005183,0.000000,0.044651,0.992320,0.115351,0.000000,0.000028,-0.115467,0.993311,0.000000,-1.433000,-0.149400,144.000794,1.000000;;,
   9120;16;0.999002,-0.044349,-0.005183,0.000000,0.044651,0.992320,0.115351,0.000000,0.000028,-0.115467,0.993311,0.000000,-1.433000,-0.149400,144.013645,1.000000;;,
   9280;16;0.999002,-0.044349,-0.005183,0.000000,0.044651,0.992320,0.115351,0.000000,0.000028,-0.115467,0.993311,0.000000,-1.433000,-0.149400,144.026483,1.000000;;,
   9440;16;0.999002,-0.044349,-0.005183,0.000000,0.044651,0.992320,0.115351,0.000000,0.000028,-0.115467,0.993311,0.000000,-1.433000,-0.149400,144.039386,1.000000;;,
   9600;16;0.999002,-0.044349,-0.005183,0.000000,0.044651,0.992320,0.115351,0.000000,0.000028,-0.115467,0.993311,0.000000,-1.433000,-0.149400,144.052237,1.000000;;,
   9760;16;0.999002,-0.044349,-0.005183,0.000000,0.044651,0.992320,0.115351,0.000000,0.000028,-0.115467,0.993311,0.000000,-1.433000,-0.149400,144.065088,1.000000;;,
   9920;16;0.999002,-0.044349,-0.005183,0.000000,0.044651,0.992320,0.115351,0.000000,0.000028,-0.115467,0.993311,0.000000,-1.433000,-0.149400,144.077952,1.000000;;,
   10080;16;0.999002,-0.044349,-0.005183,0.000000,0.044651,0.992320,0.115351,0.000000,0.000028,-0.115467,0.993311,0.000000,-1.433000,-0.149400,144.090803,1.000000;;,
   10240;16;0.999002,-0.044349,-0.005183,0.000000,0.044651,0.992320,0.115351,0.000000,0.000028,-0.115467,0.993311,0.000000,-1.433000,-0.149400,144.103667,1.000000;;,
   10400;16;0.999002,-0.044349,-0.005183,0.000000,0.044651,0.992320,0.115351,0.000000,0.000028,-0.115467,0.993311,0.000000,-1.433000,-0.149400,144.116544,1.000000;;,
   10560;16;0.999002,-0.044349,-0.005183,0.000000,0.044651,0.992320,0.115351,0.000000,0.000028,-0.115467,0.993311,0.000000,-1.433000,-0.149400,144.129395,1.000000;;,
   10720;16;0.999002,-0.044349,-0.005183,0.000000,0.044651,0.992320,0.115351,0.000000,0.000028,-0.115467,0.993311,0.000000,-1.433000,-0.149400,144.142259,1.000000;;,
   10880;16;0.999002,-0.044349,-0.005183,0.000000,0.044651,0.992320,0.115351,0.000000,0.000028,-0.115467,0.993311,0.000000,-1.433000,-0.149400,144.155123,1.000000;;,
   11040;16;0.999002,-0.044349,-0.005183,0.000000,0.044651,0.992320,0.115351,0.000000,0.000028,-0.115467,0.993311,0.000000,-1.433000,-0.149400,144.167974,1.000000;;,
   11200;16;0.999002,-0.044349,-0.005183,0.000000,0.044651,0.992320,0.115351,0.000000,0.000028,-0.115467,0.993311,0.000000,-1.433000,-0.149400,144.180826,1.000000;;,
   11360;16;0.999002,-0.044349,-0.005183,0.000000,0.044651,0.992320,0.115351,0.000000,0.000028,-0.115467,0.993311,0.000000,-1.433000,-0.149400,144.193690,1.000000;;,
   11520;16;0.999182,-0.040159,-0.004690,0.000000,0.040432,0.992479,0.115544,0.000000,0.000015,-0.115639,0.993291,0.000000,-0.939089,-0.905074,143.432627,1.000000;;,
   11680;16;0.999528,-0.030486,-0.003550,0.000000,0.030692,0.992781,0.115947,0.000000,-0.000010,-0.116001,0.993249,0.000000,0.205056,-2.651914,141.664205,1.000000;;,
   11840;16;0.999846,-0.017382,-0.002004,0.000000,0.017498,0.993047,0.116406,0.000000,-0.000033,-0.116423,0.993199,0.000000,1.761951,-5.022740,139.261235,1.000000;;,
   12000;16;0.999980,-0.006246,-0.000692,0.000000,0.006284,0.993153,0.116648,0.000000,-0.000042,-0.116650,0.993173,0.000000,3.100300,-7.047701,137.202816,1.000000;;,
   12160;16;0.999999,0.000821,0.000128,0.000000,-0.000830,0.993179,0.116594,0.000000,-0.000032,-0.116594,0.993179,0.000000,3.951368,-8.358042,135.865613,1.000000;;,
   12320;16;0.999974,0.006991,0.000833,0.000000,-0.007041,0.993162,0.116531,0.000000,-0.000012,-0.116534,0.993186,0.000000,4.690850,-9.520606,134.676723,1.000000;;,
   12480;16;0.999930,0.011658,0.001357,0.000000,-0.011737,0.993139,0.116341,0.000000,0.000009,-0.116349,0.993208,0.000000,5.275628,-10.412778,133.755392,1.000000;;,
   12640;16;0.999893,0.014499,0.001668,0.000000,-0.014595,0.993145,0.115976,0.000000,0.000025,-0.115988,0.993250,0.000000,5.690524,-10.964526,133.168794,1.000000;;,
   12800;16;0.999878,0.015481,0.001771,0.000000,-0.015582,0.993190,0.115453,0.000000,0.000028,-0.115467,0.993311,0.000000,5.948300,-11.158399,132.932403,1.000000;;,
   12960;16;0.999884,0.015091,0.001684,0.000000,-0.015185,0.993305,0.114518,0.000000,0.000056,-0.114530,0.993419,0.000000,6.077057,-11.133742,132.947789,1.000000;;,
   13120;16;0.999897,0.014193,0.001491,0.000000,-0.014271,0.993475,0.113151,0.000000,0.000125,-0.113161,0.993576,0.000000,6.139633,-11.078451,132.963174,1.000000;;,
   13280;16;0.999912,0.013108,0.001262,0.000000,-0.013167,0.993663,0.111623,0.000000,0.000210,-0.111629,0.993749,0.000000,6.181854,-11.013742,132.978534,1.000000;;,
   13440;16;0.999926,0.012042,0.001039,0.000000,-0.012084,0.993846,0.110105,0.000000,0.000293,-0.110109,0.993919,0.000000,6.233370,-10.954708,132.993933,1.000000;;,
   13600;16;0.999937,0.011091,0.000843,0.000000,-0.011116,0.994015,0.108677,0.000000,0.000367,-0.108679,0.994076,0.000000,6.307647,-10.910335,133.009306,1.000000;;,
   13760;16;0.999948,0.010079,0.000639,0.000000,-0.010089,0.994187,0.107191,0.000000,0.000445,-0.107192,0.994238,0.000000,6.382327,-10.866843,133.024704,1.000000;;,
   13920;16;0.999959,0.009025,0.000429,0.000000,-0.009020,0.994360,0.105669,0.000000,0.000527,-0.105668,0.994401,0.000000,6.449179,-10.806308,133.040064,1.000000;;,
   14080;16;0.999968,0.007940,0.000215,0.000000,-0.007920,0.994533,0.104119,0.000000,0.000612,-0.104117,0.994565,0.000000,6.507121,-10.726374,133.055450,1.000000;;,
   14240;16;0.999976,0.006823,-0.000002,0.000000,-0.006787,0.994705,0.102540,0.000000,0.000701,-0.102537,0.994728,0.000000,6.556148,-10.627044,133.070822,1.000000;;,
   14400;16;0.999983,0.005664,-0.000224,0.000000,-0.005613,0.994878,0.100924,0.000000,0.000794,-0.100921,0.994894,0.000000,6.597347,-10.510669,133.086195,1.000000;;,
   14560;16;0.999989,0.004461,-0.000450,0.000000,-0.004394,0.995049,0.099279,0.000000,0.000891,-0.099276,0.995059,0.000000,6.638950,-10.395175,133.101581,1.000000;;,
   14720;16;0.999994,0.003208,-0.000683,0.000000,-0.003126,0.995222,0.097582,0.000000,0.000993,-0.097579,0.995227,0.000000,6.685889,-10.286167,133.116928,1.000000;;,
   14880;16;0.999997,0.001913,-0.000920,0.000000,-0.001816,0.995394,0.095849,0.000000,0.001099,-0.095847,0.995395,0.000000,6.734856,-10.179428,133.132314,1.000000;;,
   15040;16;0.999998,0.000617,-0.001154,0.000000,-0.000505,0.995559,0.094134,0.000000,0.001207,-0.094134,0.995559,0.000000,6.780890,-10.071443,133.147674,1.000000;;,
   15200;16;0.999998,-0.000611,-0.001372,0.000000,0.000735,0.995709,0.092529,0.000000,0.001310,-0.092530,0.995709,0.000000,6.817401,-9.959401,133.163059,1.000000;;,
   15360;16;0.999997,-0.001684,-0.001561,0.000000,0.001819,0.995837,0.091134,0.000000,0.001401,-0.091136,0.995837,0.000000,6.840120,-9.845660,133.178432,1.000000;;,
   15520;16;0.999994,-0.002664,-0.001731,0.000000,0.002809,0.995949,0.089871,0.000000,0.001485,-0.089875,0.995951,0.000000,6.854142,-9.731304,133.193818,1.000000;;,
   15680;16;0.999991,-0.003632,-0.001897,0.000000,0.003786,0.996056,0.088641,0.000000,0.001568,-0.088647,0.996061,0.000000,6.862969,-9.612232,133.238835,1.000000;;,
   15840;16;0.999986,-0.004664,-0.002072,0.000000,0.004827,0.996166,0.087348,0.000000,0.001657,-0.087357,0.996175,0.000000,6.870646,-9.485415,133.313472,1.000000;;,
   16000;16;0.999980,-0.005832,-0.002267,0.000000,0.006005,0.996285,0.085899,0.000000,0.001758,-0.085911,0.996301,0.000000,6.881767,-9.348900,133.388058,1.000000;;,
   16160;16;0.999970,-0.007202,-0.002493,0.000000,0.007387,0.996420,0.084210,0.000000,0.001878,-0.084226,0.996444,0.000000,6.897817,-9.196680,133.462682,1.000000;;,
   16320;16;0.999958,-0.008707,-0.002738,0.000000,0.008903,0.996561,0.082373,0.000000,0.002011,-0.082394,0.996597,0.000000,6.915145,-9.032323,133.545779,1.000000;;,
   16480;16;0.999942,-0.010272,-0.002988,0.000000,0.010480,0.996700,0.080486,0.000000,0.002151,-0.080513,0.996751,0.000000,6.932867,-8.864235,133.631642,1.000000;;,
   16640;16;0.999924,-0.011846,-0.003236,0.000000,0.012064,0.996832,0.078610,0.000000,0.002294,-0.078643,0.996900,0.000000,6.951474,-8.699172,133.717555,1.000000;;,
   16800;16;0.999903,-0.013400,-0.003477,0.000000,0.013628,0.996955,0.076769,0.000000,0.002438,-0.076809,0.997042,0.000000,6.972836,-8.542251,133.803482,1.000000;;,
   16960;16;0.999880,-0.014989,-0.003719,0.000000,0.015226,0.997073,0.074918,0.000000,0.002585,-0.074965,0.997182,0.000000,6.994726,-8.386073,133.900736,1.000000;;,
   17120;16;0.999853,-0.016617,-0.003962,0.000000,0.016862,0.997184,0.073064,0.000000,0.002737,-0.073120,0.997319,0.000000,7.001064,-8.215551,133.997952,1.000000;;,
   17280;16;0.999823,-0.018280,-0.004206,0.000000,0.018533,0.997290,0.071197,0.000000,0.002893,-0.071263,0.997453,0.000000,7.002218,-8.030636,134.095181,1.000000;;,
   17440;16;0.999790,-0.019978,-0.004451,0.000000,0.020238,0.997389,0.069309,0.000000,0.003054,-0.069384,0.997585,0.000000,6.998511,-7.832333,134.201267,1.000000;;,
   17600;16;0.999753,-0.021711,-0.004697,0.000000,0.021979,0.997484,0.067391,0.000000,0.003222,-0.067478,0.997715,0.000000,6.980222,-7.622714,134.333798,1.000000;;,
   17760;16;0.999712,-0.023477,-0.004942,0.000000,0.023750,0.997572,0.065465,0.000000,0.003393,-0.065564,0.997842,0.000000,6.951277,-7.402078,134.466355,1.000000;;,
   17920;16;0.999668,-0.025241,-0.005183,0.000000,0.025520,0.997651,0.063567,0.000000,0.003566,-0.063678,0.997964,0.000000,6.918467,-7.179906,134.603034,1.000000;;,
   18080;16;0.999620,-0.026989,-0.005417,0.000000,0.027272,0.997721,0.061713,0.000000,0.003739,-0.061838,0.998079,0.000000,6.885197,-6.960943,134.741107,1.000000;;,
   18240;16;0.999571,-0.028708,-0.005643,0.000000,0.028995,0.997782,0.059917,0.000000,0.003911,-0.060055,0.998187,0.000000,6.854278,-6.748850,134.875200,1.000000;;,
   18400;16;0.999520,-0.030390,-0.005861,0.000000,0.030680,0.997834,0.058183,0.000000,0.004080,-0.058335,0.998288,0.000000,6.827945,-6.546212,134.997363,1.000000;;,
   18560;16;0.999468,-0.032015,-0.006066,0.000000,0.032307,0.997878,0.056530,0.000000,0.004244,-0.056696,0.998382,0.000000,6.805895,-6.355167,135.119526,1.000000;;,
   18720;16;0.999415,-0.033592,-0.006263,0.000000,0.033886,0.997914,0.054939,0.000000,0.004405,-0.055119,0.998470,0.000000,6.784655,-6.171148,135.232538,1.000000;;,
   18880;16;0.999361,-0.035133,-0.006452,0.000000,0.035428,0.997944,0.053406,0.000000,0.004563,-0.053600,0.998552,0.000000,6.764115,-5.993176,135.342554,1.000000;;,
   19040;16;0.999305,-0.036652,-0.006636,0.000000,0.036947,0.997967,0.051919,0.000000,0.004719,-0.052128,0.998629,0.000000,6.744084,-5.819632,135.452224,1.000000;;,
   19200;16;0.999247,-0.038166,-0.006815,0.000000,0.038462,0.997985,0.050464,0.000000,0.004875,-0.050688,0.998702,0.000000,6.724305,-5.648260,135.560832,1.000000;;,
   19360;16;0.999186,-0.039720,-0.006995,0.000000,0.040016,0.997996,0.049006,0.000000,0.005035,-0.049246,0.998773,0.000000,6.704192,-5.473993,135.669478,1.000000;;,
   19520;16;0.999119,-0.041327,-0.007179,0.000000,0.041623,0.998002,0.047517,0.000000,0.005201,-0.047774,0.998844,0.000000,6.683436,-5.294168,135.778125,1.000000;;,
   19680;16;0.999048,-0.042993,-0.007366,0.000000,0.043287,0.998003,0.045987,0.000000,0.005374,-0.046262,0.998914,0.000000,6.661927,-5.107807,135.893312,1.000000;;,
   19840;16;0.998970,-0.044729,-0.007558,0.000000,0.045021,0.997998,0.044407,0.000000,0.005557,-0.044701,0.998984,0.000000,6.639531,-4.913758,136.015104,1.000000;;,
   20000;16;0.998885,-0.046550,-0.007756,0.000000,0.046840,0.997986,0.042768,0.000000,0.005750,-0.043084,0.999054,0.000000,6.616093,-4.710697,136.136896,1.000000;;,
   20160;16;0.998791,-0.048498,-0.007963,0.000000,0.048786,0.997964,0.041076,0.000000,0.005954,-0.041415,0.999124,0.000000,6.591274,-4.495658,136.269670,1.000000;;,
   20320;16;0.998693,-0.050451,-0.008165,0.000000,0.050735,0.997934,0.039418,0.000000,0.006159,-0.039781,0.999189,0.000000,6.566494,-4.280966,136.402419,1.000000;;,
   20480;16;0.998591,-0.052390,-0.008362,0.000000,0.052670,0.997896,0.037797,0.000000,0.006364,-0.038184,0.999250,0.000000,6.541941,-4.068232,136.533990,1.000000;;,
   20640;16;0.998486,-0.054317,-0.008554,0.000000,0.054593,0.997851,0.036212,0.000000,0.006569,-0.036625,0.999307,0.000000,6.517600,-3.857341,136.664307,1.000000;;,
   20800;16;0.998378,-0.056252,-0.008744,0.000000,0.056523,0.997799,0.034659,0.000000,0.006775,-0.035097,0.999360,0.000000,6.493260,-3.646449,136.794650,1.000000;;,
   20960;16;0.998264,-0.058198,-0.008928,0.000000,0.058463,0.997738,0.033152,0.000000,0.006979,-0.033617,0.999410,0.000000,6.468919,-3.435557,136.927014,1.000000;;,
   21120;16;0.998144,-0.060195,-0.009114,0.000000,0.060455,0.997669,0.031636,0.000000,0.007189,-0.032129,0.999457,0.000000,6.444020,-3.219829,137.059328,1.000000;;,
   21280;16;0.998019,-0.062218,-0.009299,0.000000,0.062472,0.997591,0.030138,0.000000,0.007402,-0.030659,0.999502,0.000000,6.418889,-3.002085,137.189658,1.000000;;,
   21440;16;0.997891,-0.064202,-0.009476,0.000000,0.064450,0.997507,0.028707,0.000000,0.007610,-0.029257,0.999542,0.000000,6.394315,-2.789176,137.317990,1.000000;;,
   21600;16;0.997770,-0.066041,-0.009638,0.000000,0.066283,0.997424,0.027415,0.000000,0.007802,-0.027993,0.999577,0.000000,6.371556,-2.591989,137.446362,1.000000;;,
   21760;16;0.997662,-0.067627,-0.009774,0.000000,0.067863,0.997347,0.026319,0.000000,0.007968,-0.026920,0.999605,0.000000,6.351941,-2.422040,137.541722,1.000000;;,
   21920;16;0.997563,-0.069051,-0.009895,0.000000,0.069283,0.997274,0.025356,0.000000,0.008117,-0.025980,0.999629,0.000000,6.334365,-2.269762,137.637018,1.000000;;,
   22080;16;0.997466,-0.070420,-0.010009,0.000000,0.070647,0.997201,0.024466,0.000000,0.008258,-0.025111,0.999650,0.000000,6.317470,-2.123373,137.732326,1.000000;;,
   22240;16;0.997364,-0.071843,-0.010125,0.000000,0.072064,0.997121,0.023581,0.000000,0.008402,-0.024248,0.999670,0.000000,6.299893,-1.971094,137.832704,1.000000;;,
   22400;16;0.997247,-0.073425,-0.010253,0.000000,0.073641,0.997028,0.022625,0.000000,0.008561,-0.023317,0.999691,0.000000,6.280278,-1.801145,137.948198,1.000000;;,
   22560;16;0.997109,-0.075257,-0.010398,0.000000,0.075467,0.996915,0.021540,0.000000,0.008745,-0.022263,0.999713,0.000000,6.259342,-1.599062,138.063680,1.000000;;,
   22720;16;0.996957,-0.077231,-0.010551,0.000000,0.077434,0.996788,0.020413,0.000000,0.008941,-0.021168,0.999735,0.000000,6.236763,-1.380795,138.191936,1.000000;;,
   22880;16;0.996797,-0.079245,-0.010705,0.000000,0.079441,0.996652,0.019311,0.000000,0.009139,-0.020100,0.999756,0.000000,6.210721,-1.165498,138.324506,1.000000;;,
   23040;16;0.996635,-0.081236,-0.010854,0.000000,0.081425,0.996512,0.018272,0.000000,0.009332,-0.019094,0.999774,0.000000,6.180158,-0.964985,138.448192,1.000000;;,
   23200;16;0.996473,-0.083178,-0.010998,0.000000,0.083360,0.996369,0.017297,0.000000,0.009519,-0.018153,0.999789,0.000000,6.144788,-0.783723,138.545242,1.000000;;,
   23360;16;0.996309,-0.085112,-0.011137,0.000000,0.085288,0.996221,0.016398,0.000000,0.009699,-0.017287,0.999803,0.000000,6.103492,-0.618382,138.642355,1.000000;;,
   23520;16;0.996140,-0.087039,-0.011274,0.000000,0.087209,0.996068,0.015562,0.000000,0.009875,-0.016486,0.999815,0.000000,6.062368,-0.452579,138.739430,1.000000;;,
   23680;16;0.995969,-0.088960,-0.011408,0.000000,0.089124,0.995910,0.014774,0.000000,0.010047,-0.015731,0.999825,0.000000,6.022212,-0.284173,138.836493,1.000000;;,
   23840;16;0.995795,-0.090876,-0.011540,0.000000,0.091034,0.995748,0.014032,0.000000,0.010216,-0.015023,0.999834,0.000000,5.982967,-0.113320,138.933568,1.000000;;,
   24000;16;0.995617,-0.092784,-0.011670,0.000000,0.092937,0.995582,0.013353,0.000000,0.010379,-0.014379,0.999842,0.000000,5.943723,0.057533,139.030630,1.000000;;,
   24160;16;0.995438,-0.094675,-0.011796,0.000000,0.094824,0.995412,0.012768,0.000000,0.010533,-0.013828,0.999848,0.000000,5.904478,0.228387,139.127706,1.000000;;,
   24320;16;0.995251,-0.096599,-0.011923,0.000000,0.096744,0.995234,0.012215,0.000000,0.010686,-0.013311,0.999854,0.000000,5.864877,0.407779,139.224806,1.000000;;,
   24480;16;0.995061,-0.098529,-0.012048,0.000000,0.098670,0.995051,0.011718,0.000000,0.010834,-0.012849,0.999858,0.000000,5.825128,0.590734,139.321843,1.000000;;,
   24640;16;0.994872,-0.100405,-0.012170,0.000000,0.100543,0.994868,0.011305,0.000000,0.010972,-0.012471,0.999861,0.000000,5.785736,0.765150,139.418931,1.000000;;,
   24800;16;0.994694,-0.102134,-0.012282,0.000000,0.102270,0.994695,0.011005,0.000000,0.011093,-0.012203,0.999864,0.000000,5.747500,0.911800,139.516019,1.000000;;,
   24960;16;0.994539,-0.103618,-0.012378,0.000000,0.103753,0.994544,0.010793,0.000000,0.011192,-0.012019,0.999865,0.000000,5.712047,1.016937,139.552576,1.000000;;,
   25120;16;0.994400,-0.104941,-0.012463,0.000000,0.105075,0.994407,0.010629,0.000000,0.011278,-0.011879,0.999865,0.000000,5.678469,1.095747,139.589146,1.000000;;,
   25280;16;0.994265,-0.106203,-0.012542,0.000000,0.106336,0.994274,0.010512,0.000000,0.011354,-0.011786,0.999866,0.000000,5.644860,1.160199,139.625702,1.000000;;,
   25440;16;0.994123,-0.107508,-0.012624,0.000000,0.107641,0.994135,0.010436,0.000000,0.011428,-0.011733,0.999865,0.000000,5.609470,1.223591,139.662272,1.000000;;,
   25600;16;0.993964,-0.108961,-0.012715,0.000000,0.109095,0.993977,0.010386,0.000000,0.011507,-0.011710,0.999865,0.000000,5.570701,1.300545,139.698842,1.000000;;,
   25760;16;0.993777,-0.110641,-0.012821,0.000000,0.110777,0.993791,0.010380,0.000000,0.011593,-0.011735,0.999864,0.000000,5.526618,1.397473,139.735411,1.000000;;,
   25920;16;0.993572,-0.112452,-0.012935,0.000000,0.112590,0.993586,0.010436,0.000000,0.011679,-0.011826,0.999861,0.000000,5.479020,1.502130,139.771955,1.000000;;,
   26080;16;0.993359,-0.114306,-0.013053,0.000000,0.114446,0.993373,0.010534,0.000000,0.011762,-0.011958,0.999859,0.000000,5.430341,1.609164,139.808512,1.000000;;,
   26240;16;0.993144,-0.116146,-0.013169,0.000000,0.116289,0.993158,0.010660,0.000000,0.011841,-0.012118,0.999856,0.000000,5.382114,1.715206,139.846579,1.000000;;,
   26400;16;0.992930,-0.117947,-0.013283,0.000000,0.118093,0.992943,0.010811,0.000000,0.011914,-0.012304,0.999853,0.000000,5.334966,1.818871,139.889254,1.000000;;,
   26560;16;0.992713,-0.119750,-0.013399,0.000000,0.119901,0.992724,0.011049,0.000000,0.011978,-0.012575,0.999849,0.000000,5.287820,1.922536,139.931917,1.000000;;,
   26720;16;0.992491,-0.121561,-0.013516,0.000000,0.121716,0.992500,0.011331,0.000000,0.012037,-0.012891,0.999844,0.000000,5.240673,2.026201,139.974579,1.000000;;,
   26880;16;0.992265,-0.123378,-0.013634,0.000000,0.123538,0.992271,0.011643,0.000000,0.012092,-0.013238,0.999839,0.000000,5.193528,2.129866,140.017242,1.000000;;,
   27040;16;0.992035,-0.125201,-0.013753,0.000000,0.125368,0.992037,0.011985,0.000000,0.012143,-0.013614,0.999833,0.000000,5.146380,2.233531,140.059878,1.000000;;,
   27200;16;0.991801,-0.127032,-0.013874,0.000000,0.127204,0.991799,0.012373,0.000000,0.012188,-0.014037,0.999827,0.000000,5.099234,2.337196,140.102541,1.000000;;,
   27360;16;0.991562,-0.128868,-0.013996,0.000000,0.129048,0.991555,0.012817,0.000000,0.012226,-0.014515,0.999820,0.000000,5.052087,2.440861,140.145190,1.000000;;,
   27520;16;0.991314,-0.130748,-0.014123,0.000000,0.130936,0.991301,0.013302,0.000000,0.012261,-0.015035,0.999811,0.000000,5.003860,2.546904,140.183309,1.000000;;,
   27680;16;0.991060,-0.132650,-0.014252,0.000000,0.132846,0.991040,0.013830,0.000000,0.012290,-0.015599,0.999802,0.000000,4.955182,2.653938,140.219878,1.000000;;,
   27840;16;0.990807,-0.134513,-0.014380,0.000000,0.134718,0.990779,0.014383,0.000000,0.012313,-0.016188,0.999793,0.000000,4.907583,2.758594,140.256422,1.000000;;,
   28000;16;0.990569,-0.136240,-0.014500,0.000000,0.136453,0.990534,0.014925,0.000000,0.012330,-0.016763,0.999783,0.000000,4.863500,2.855522,140.292966,1.000000;;,
   28160;16;0.990362,-0.137729,-0.014605,0.000000,0.137950,0.990319,0.015407,0.000000,0.012342,-0.017273,0.999774,0.000000,4.825507,2.939062,140.329549,1.000000;;,
   28320;16;0.990174,-0.139065,-0.014700,0.000000,0.139293,0.990124,0.015859,0.000000,0.012349,-0.017751,0.999766,0.000000,4.791463,3.013916,140.366118,1.000000;;,
   28480;16;0.989991,-0.140351,-0.014792,0.000000,0.140587,0.989933,0.016323,0.000000,0.012352,-0.018240,0.999757,0.000000,4.758738,3.085874,140.402675,1.000000;;,
   28640;16;0.989798,-0.141690,-0.014890,0.000000,0.141934,0.989733,0.016835,0.000000,0.012351,-0.018776,0.999747,0.000000,4.724694,3.160728,140.439245,1.000000;;,
   28800;16;0.989582,-0.143186,-0.014999,0.000000,0.143439,0.989505,0.017425,0.000000,0.012347,-0.019395,0.999735,0.000000,4.686700,3.244267,140.475814,1.000000;;,
   28960;16;0.989327,-0.144921,-0.015128,0.000000,0.145185,0.989238,0.018125,0.000000,0.012339,-0.020128,0.999721,0.000000,4.642618,3.341195,140.518490,1.000000;;,
   29120;16;0.989048,-0.146796,-0.015269,0.000000,0.147072,0.988944,0.018910,0.000000,0.012325,-0.020949,0.999704,0.000000,4.595019,3.445852,140.561139,1.000000;;,
