xof 0303txt 0032
template Frame {
 <3d82ab46-62da-11cf-ab39-0020af71e433>
 [...]
}

template Matrix4x4 {
 <f6f23f45-7686-11cf-8f52-0040333594a3>
 array FLOAT matrix[16];
}

template FrameTransformMatrix {
 <f6f23f41-7686-11cf-8f52-0040333594a3>
 Matrix4x4 frameMatrix;
}

template AnimTicksPerSecond {
 <9e415a43-7ba6-4a73-8743-b73d47e88476>
 DWORD AnimTicksPerSecond;
}

template Animation {
 <3d82ab4f-62da-11cf-ab39-0020af71e433>
 [...]
}

template AnimationSet {
 <3d82ab50-62da-11cf-ab39-0020af71e433>
 [Animation <3d82ab4f-62da-11cf-ab39-0020af71e433>]
}

template FloatKeys {
 <10dd46a9-775b-11cf-8f52-0040333594a3>
 DWORD nValues;
 array FLOAT values[nValues];
}

template TimedFloatKeys {
 <f406b180-7b3b-11cf-8f52-0040333594a3>
 DWORD time;
 FloatKeys tfkeys;
}

template AnimationKey {
 <10dd46a8-775b-11cf-8f52-0040333594a3>
 DWORD keyType;
 DWORD nKeys;
 array TimedFloatKeys keys[nKeys];
}


Frame ARM_bear_framework {
 

 FrameTransformMatrix {
  -0.003937,0.000000,-0.000000,0.000000,-0.000000,-0.000000,0.003937,0.000000,-0.000000,0.003937,0.000000,0.000000,0.000000,0.000000,0.000000,1.000000;;
 }

 Frame _0__-com {
  

  FrameTransformMatrix {
   1.000001,0.000027,0.000004,0.000000,0.000004,-0.258762,0.965941,0.000000,0.000027,-0.965942,-0.258762,0.000000,0.000000,0.000100,98.767104,1.000000;;
  }

  Frame _1___body {
   

   FrameTransformMatrix {
    0.000055,0.000118,1.000000,0.000000,1.000000,0.000055,-0.000055,0.000000,-0.000055,1.000000,-0.000118,0.000000,-0.000000,0.000847,-66.889869,1.000000;;
   }

   Frame _3___chest {
    

    FrameTransformMatrix {
     0.207772,0.000000,-0.978177,0.000000,0.000000,1.000000,-0.000000,0.000000,0.978177,0.000000,0.207772,0.000000,56.279098,0.000000,21.820182,1.000000;;
    }

    Frame _7___neck1 {
     

     FrameTransformMatrix {
      0.999948,0.000000,-0.010200,0.000000,-0.000000,1.000000,0.000000,0.000000,0.010200,0.000000,0.999948,0.000000,-0.020996,0.000000,102.561786,1.000000;;
     }

     Frame _10___claviclel {
      

      FrameTransformMatrix {
       -0.672496,0.740063,-0.007351,0.000000,-0.295108,-0.259030,0.919681,0.000000,0.678719,0.620652,0.392596,0.000000,-23.219994,16.125603,-26.646912,1.000000;;
      }

      Frame _15___arm1l {
       

       FrameTransformMatrix {
        0.032427,-0.999463,-0.004453,0.000000,0.744824,0.021194,0.666923,0.000000,-0.666472,-0.024943,0.745113,0.000000,0.001869,0.001190,50.675850,1.000000;;
       }

       Frame _20___arm2l {
        

        FrameTransformMatrix {
         0.398973,-0.000000,0.916963,0.000000,-0.000000,1.000000,0.000000,0.000000,-0.916963,-0.000000,0.398973,0.000000,-0.002060,0.002197,57.364339,1.000000;;
        }

        Frame _23___hand1l {
         

         FrameTransformMatrix {
          0.834621,-0.153823,-0.528910,0.000000,0.334794,0.904158,0.265351,0.000000,0.437401,-0.398543,0.806128,0.000000,-0.001930,0.000572,60.930893,1.000000;;
         }

         Frame _25___hand2l {
          

          FrameTransformMatrix {
           0.699856,-0.000523,0.714283,0.000000,0.000763,1.000000,-0.000016,0.000000,-0.714283,0.000556,0.699856,0.000000,2.007111,0.007164,18.800805,1.000000;;
          }

          Frame _25___hand2l_end {
           

           FrameTransformMatrix {
            1.000000,0.000000,0.000000,0.000000,0.000000,1.000000,-0.000000,0.000000,-0.000000,0.000000,1.000000,0.000000,0.000000,0.000000,1.000000,1.000000;;
           }
          }
         }
        }
       }
      }
     }

     Frame _11___clavicler {
      

      FrameTransformMatrix {
       -0.391490,-0.920174,-0.004302,0.000000,0.511607,-0.213773,-0.832202,0.000000,0.764850,-0.327999,0.554457,0.000000,-23.219978,-16.125696,-26.646893,1.000000;;
      }

      Frame _16___arm1r {
       

       FrameTransformMatrix {
        -0.010608,0.996495,-0.082989,0.000000,-0.863592,-0.050968,-0.501609,0.000000,-0.504080,0.066347,0.861105,0.000000,0.001633,0.000603,50.678285,1.000000;;
       }

       Frame _21___arm2r {
        

        FrameTransformMatrix {
         0.924376,0.000000,0.381483,0.000000,0.000000,1.000000,0.000000,0.000000,-0.381483,-0.000000,0.924376,0.000000,-0.001381,-0.001366,57.367123,1.000000;;
        }

        Frame _24___hand1r {
         

         FrameTransformMatrix {
          0.706809,-0.091751,0.701428,0.000000,-0.004209,0.990990,0.133869,0.000000,-0.707391,-0.097573,0.700055,0.000000,-0.000832,0.002033,60.933030,1.000000;;
         }

         Frame _26___hand2r {
          

          FrameTransformMatrix {
           0.999984,0.000790,0.005645,0.000000,-0.000790,1.000000,0.000000,0.000000,-0.005645,-0.000005,0.999984,0.000000,2.007289,-0.005527,18.800171,1.000000;;
          }

          Frame _26___hand2r_end {
           

           FrameTransformMatrix {
            1.000000,0.000000,-0.000000,0.000000,0.000000,1.000000,0.000000,0.000000,0.000000,0.000000,1.000000,0.000000,0.000000,0.000000,1.000031,1.000000;;
           }
          }
         }
        }
       }
      }
     }

     Frame _12___neck2 {
      

      FrameTransformMatrix {
       0.979987,-0.000000,0.199061,0.000000,-0.000000,1.000000,0.000000,0.000000,-0.199061,-0.000000,0.979987,0.000000,-0.020203,0.000000,26.398888,1.000000;;
      }

      Frame _17___head {
       

       FrameTransformMatrix {
        0.386281,-0.000000,0.922380,0.000000,0.000000,1.000000,0.000000,0.000000,-0.922380,0.000000,0.386281,0.000000,0.001114,0.000100,25.879822,1.000000;;
       }

       Frame _22___head2 {
        

        FrameTransformMatrix {
         -0.193574,-0.000000,-0.981085,0.000000,-0.000000,1.000000,-0.000000,0.000000,0.981085,0.000000,-0.193574,0.000000,22.457688,-0.000000,-18.316619,1.000000;;
        }

        Frame _22___head2_end {
         

         FrameTransformMatrix {
          1.000000,0.000000,-0.000000,0.000000,-0.000000,1.000000,0.000000,0.000000,0.000000,-0.000000,1.000000,0.000000,0.000015,0.000000,1.000031,1.000000;;
         }
        }
       }
      }
     }
    }
   }

   Frame _4___leg1l {
    

    FrameTransformMatrix {
     0.866687,0.255931,0.428197,0.000000,0.317126,-0.945259,-0.076900,0.000000,0.385077,0.202441,-0.900407,0.000000,-0.000099,34.857498,-0.000046,1.000000;;
    }

    Frame _8___leg2l {
     

     FrameTransformMatrix {
      0.674212,0.000000,0.738539,0.000000,0.000000,1.000000,-0.000000,0.000000,-0.738539,-0.000000,0.674212,0.000000,-0.001093,-0.001442,58.024794,1.000000;;
     }

     Frame _13___foot1l {
      

      FrameTransformMatrix {
       0.978342,0.058875,-0.198445,0.000000,-0.069377,0.996512,-0.046384,0.000000,0.195022,0.059147,0.979014,0.000000,-0.001541,0.001549,55.122362,1.000000;;
      }

      Frame _18___foot2l {
       

       FrameTransformMatrix {
        -0.314612,-0.109136,-0.942925,0.000000,-0.071628,0.993266,-0.091064,0.000000,0.946513,0.038890,-0.320310,0.000000,14.380330,0.000084,7.796356,1.000000;;
       }

       Frame _18___foot2l_end {
        

        FrameTransformMatrix {
         1.000000,-0.000000,0.000000,0.000000,-0.000000,1.000000,-0.000000,0.000000,0.000000,-0.000000,1.000000,0.000000,0.000000,0.000000,0.999985,1.000000;;
        }
       }
      }
     }
    }
   }

   Frame _5___leg1r {
    

    FrameTransformMatrix {
     0.926402,-0.124677,0.355295,0.000000,-0.195742,-0.965529,0.171567,0.000000,0.321657,-0.228486,-0.918873,0.000000,0.000000,-34.857600,-0.000015,1.000000;;
    }

    Frame _9___leg2r {
     

     FrameTransformMatrix {
      0.023194,0.000000,0.999731,0.000000,0.000000,1.000000,0.000000,0.000000,-0.999731,0.000000,0.023194,0.000000,-0.002220,0.001373,58.026016,1.000000;;
     }

     Frame _14___foot1r {
      

      FrameTransformMatrix {
       0.985279,-0.038557,0.166550,0.000000,0.020302,0.993730,0.109952,0.000000,-0.169745,-0.104952,0.979884,0.000000,0.002182,0.000923,55.122950,1.000000;;
      }

      Frame _19___foot2r {
       

       FrameTransformMatrix {
        0.451047,0.033716,-0.891863,0.000000,0.051958,0.996599,0.063952,0.000000,0.890986,-0.075185,0.447762,0.000000,14.380075,-0.001053,7.795883,1.000000;;
       }

       Frame _19___foot2r_end {
        

        FrameTransformMatrix {
         1.000000,0.000000,0.000000,0.000000,-0.000000,1.000000,-0.000000,0.000000,-0.000000,-0.000000,1.000000,0.000000,0.000000,-0.000008,0.999992,1.000000;;
        }
       }
      }
     }
    }
   }

   Frame _6___tail1 {
    

    FrameTransformMatrix {
     -0.433978,-0.000000,0.900922,0.000000,-0.000000,1.000000,0.000000,0.000000,-0.900922,-0.000000,-0.433978,0.000000,-19.583909,0.000000,8.992890,1.000000;;
    }

    Frame _6___tail1_end {
     

     FrameTransformMatrix {
      1.000000,0.000000,0.000000,0.000000,-0.000000,1.000000,0.000000,0.000000,0.000000,0.000000,1.000000,0.000000,0.000000,0.000000,1.000008,1.000000;;
     }
    }
   }
  }

  Frame _2__-footsteps {
   

   FrameTransformMatrix {
    0.000027,-0.258762,-0.965941,0.000000,0.000004,0.965941,-0.258762,0.000000,1.000000,0.000004,0.000027,0.000000,-0.000000,-87.384390,23.414605,1.000000;;
   }

   Frame _2__-footsteps_end {
    

    FrameTransformMatrix {
     1.000000,0.000000,-0.000000,0.000000,0.000000,1.000000,0.000000,0.000000,-0.000000,0.000000,1.000000,0.000000,0.000000,0.000000,1.000000,1.000000;;
    }
   }
  }
 }
}

AnimTicksPerSecond  {
 4800;
}

AnimationSet Dummy {
 

 Animation {
  
  { ARM_bear_framework }

  AnimationKey  {
   4;
   2;
   0;16;-0.003937,0.000000,-0.000000,0.000000,-0.000000,-0.000000,0.003937,0.000000,-0.000000,0.003937,0.000000,0.000000,0.000000,0.000000,0.000000,1.000000;;,
   34400;16;-0.003937,0.000000,-0.000000,0.000000,-0.000000,-0.000000,0.003937,0.000000,-0.000000,0.003937,0.000000,0.000000,0.000000,0.000000,0.000000,1.000000;;;
  }
 }

 Animation {
  
  { _0__-com }

  AnimationKey  {
   4;
   216;
   0;16;1.000001,0.000027,0.000004,0.000000,0.000004,-0.258762,0.965941,0.000000,0.000027,-0.965942,-0.258762,0.000000,0.000000,0.000100,98.767104,1.000000;;,
   160;16;0.999997,0.002556,-0.000014,0.000000,0.000641,-0.245575,0.969377,0.000000,0.002474,-0.969375,-0.245576,0.000000,0.000000,0.000100,98.767091,1.000000;;,
   320;16;0.999966,0.008326,-0.000214,0.000000,0.002005,-0.215732,0.976451,0.000000,0.008083,-0.976418,-0.215741,0.000000,-0.000000,0.000100,98.767104,1.000000;;,
   480;16;0.999885,0.015228,-0.000632,0.000000,0.003368,-0.180377,0.983592,0.000000,0.014864,-0.983480,-0.180408,0.000000,0.000000,0.000100,98.767098,1.000000;;,
   640;16;0.999759,0.021945,-0.001243,0.000000,0.004449,-0.146683,0.989174,0.000000,0.021525,-0.988941,-0.146746,0.000000,-0.000000,0.000100,98.767110,1.000000;;,
   800;16;0.999608,0.027947,-0.001967,0.000000,0.005245,-0.117687,0.993037,0.000000,0.027521,-0.992658,-0.117787,0.000000,-0.000000,0.000100,98.767104,1.000000;;,
   960;16;0.999411,0.034217,-0.002944,0.000000,0.005956,-0.088250,0.996081,0.000000,0.033823,-0.995511,-0.088401,0.000000,-0.000000,0.000100,98.767110,1.000000;;,
   1120;16;0.999178,0.040341,-0.004078,0.000000,0.006452,-0.058885,0.998244,0.000000,0.040030,-0.997450,-0.059097,0.000000,0.000000,0.000100,98.767104,1.000000;;,
   1280;16;0.998912,0.046349,-0.005368,0.000000,0.006744,-0.029564,0.999540,0.000000,0.046169,-0.998489,-0.029845,0.000000,0.000000,0.000100,98.767110,1.000000;;,
   1440;16;0.998612,0.052242,-0.006811,0.000000,0.006835,-0.000295,0.999977,0.000000,0.052238,-0.998635,-0.000652,0.000000,0.000000,0.000100,98.767110,1.000000;;,
   1600;16;0.998282,0.057993,-0.008397,0.000000,0.006730,0.028882,0.999560,0.000000,0.058210,-0.997900,0.028442,0.000000,0.000000,0.000100,98.767104,1.000000;;,
   1760;16;0.997957,0.063104,-0.010077,0.000000,0.006452,0.057385,0.998331,0.000000,0.063576,-0.996357,0.056860,0.000000,0.000000,0.000100,98.767104,1.000000;;,
   1920;16;0.997619,0.067946,-0.011863,0.000000,0.005982,0.086113,0.996268,0.000000,0.068714,-0.993966,0.085501,0.000000,0.000000,0.000100,98.767104,1.000000;;,
   2080;16;0.997282,0.072407,-0.013710,0.000000,0.005334,0.114617,0.993396,0.000000,0.073500,-0.990768,0.113919,0.000000,-0.000000,0.000100,98.767123,1.000000;;,
   2240;16;0.996966,0.076281,-0.015519,0.000000,0.004551,0.141905,0.989870,0.000000,0.077710,-0.986937,0.141127,0.000000,-0.000000,0.000100,98.767098,1.000000;;,
   2400;16;0.996706,0.079276,-0.017147,0.000000,0.003724,0.166455,0.986042,0.000000,0.081023,-0.982858,0.165612,0.000000,-0.000000,0.000100,98.767098,1.000000;;,
   2560;16;0.996507,0.081447,-0.018510,0.000000,0.002976,0.186853,0.982384,0.000000,0.083471,-0.979006,0.185957,0.000000,0.000000,0.000100,98.767104,1.000000;;,
   2720;16;0.996354,0.083033,-0.019656,0.000000,0.002271,0.204466,0.978871,0.000000,0.085297,-0.975346,0.203532,0.000000,0.000000,0.000100,98.767098,1.000000;;,
   2880;16;0.996254,0.083984,-0.020623,0.000000,0.001573,0.220841,0.975308,0.000000,0.086465,-0.971688,0.219882,0.000000,0.000000,0.000100,98.767104,1.000000;;,
   3040;16;0.996205,0.084352,-0.021483,0.000000,0.000832,0.237568,0.971371,0.000000,0.087040,-0.967702,0.236596,0.000000,0.000000,0.000100,98.767091,1.000000;;,
   3200;16;0.996192,0.084282,-0.022334,0.000000,-0.000011,0.256271,0.966605,0.000000,0.087191,-0.962924,0.255296,0.000000,-0.000000,0.000100,98.767110,1.000000;;,
   3360;16;0.996230,0.083610,-0.023161,0.000000,-0.000994,0.277941,0.960598,0.000000,0.086753,-0.956953,0.276976,0.000000,0.000000,0.000100,98.767098,1.000000;;,
   3520;16;0.996343,0.082072,-0.023789,0.000000,-0.002031,0.301063,0.953602,0.000000,0.085426,-0.950067,0.300129,0.000000,0.000000,0.000100,98.767110,1.000000;;,
   3680;16;0.996517,0.079809,-0.024184,0.000000,-0.003038,0.324555,0.945862,0.000000,0.083337,-0.942495,0.323667,0.000000,0.000000,0.000100,98.767104,1.000000;;,
   3840;16;0.996737,0.076968,-0.024344,0.000000,-0.003961,0.347836,0.937547,0.000000,0.080629,-0.934391,0.347006,0.000000,0.000000,0.000100,98.767091,1.000000;;,
   4000;16;0.996985,0.073705,-0.024295,0.000000,-0.004782,0.370813,0.928695,0.000000,0.077459,-0.925779,0.370047,0.000000,0.000000,0.000100,98.767104,1.000000;;,
   4160;16;0.997293,0.069571,-0.023841,0.000000,-0.005493,0.393737,0.919206,0.000000,0.073338,-0.916587,0.393054,0.000000,0.000000,0.000100,98.767098,1.000000;;,
   4320;16;0.997615,0.065052,-0.023114,0.000000,-0.006023,0.415548,0.909552,0.000000,0.068773,-0.907243,0.414948,0.000000,0.000000,0.000100,98.767110,1.000000;;,
   4480;16;0.997938,0.060249,-0.022152,0.000000,-0.006381,0.436493,0.899685,0.000000,0.063875,-0.897688,0.435978,0.000000,0.000000,0.000100,98.767098,1.000000;;,
   4640;16;0.998258,0.055161,-0.020949,0.000000,-0.006561,0.456610,0.889643,0.000000,0.058639,-0.887956,0.456177,0.000000,0.000000,0.000100,98.767104,1.000000;;,
   4800;16;0.998577,0.049682,-0.019452,0.000000,-0.006535,0.475729,0.879567,0.000000,0.052953,-0.878188,0.475377,0.000000,0.000000,0.000100,98.767104,1.000000;;,
   4960;16;0.998875,0.044036,-0.017669,0.000000,-0.006309,0.492342,0.870379,0.000000,0.047028,-0.869287,0.492066,0.000000,0.000000,0.000100,98.767104,1.000000;;,
   5120;16;0.999148,0.038189,-0.015673,0.000000,-0.005903,0.507952,0.861365,0.000000,0.040856,-0.860539,0.507745,0.000000,0.000000,0.000100,98.767110,1.000000;;,
   5280;16;0.999392,0.032167,-0.013469,0.000000,-0.005309,0.522067,0.852888,0.000000,0.034467,-0.852298,0.521921,0.000000,0.000000,0.000100,98.767091,1.000000;;,
   5440;16;0.999595,0.026212,-0.011161,0.000000,-0.004560,0.533939,0.845511,0.000000,0.028122,-0.845117,0.533842,0.000000,-0.000000,0.000100,98.767110,1.000000;;,
   5600;16;0.999745,0.020778,-0.008949,0.000000,-0.003757,0.542566,0.840005,0.000000,0.022309,-0.839757,0.542505,0.000000,-0.000000,0.000100,98.767098,1.000000;;,
   5760;16;0.999842,0.016375,-0.007086,0.000000,-0.003053,0.548314,0.836267,0.000000,0.017580,-0.836113,0.548277,0.000000,-0.000000,0.000100,98.767110,1.000000;;,
   5920;16;0.999907,0.012591,-0.005456,0.000000,-0.002406,0.552283,0.833653,0.000000,0.013509,-0.833562,0.552262,0.000000,0.000000,0.000100,98.767098,1.000000;;,
   6080;16;0.999953,0.008924,-0.003863,0.000000,-0.001731,0.554299,0.832316,0.000000,0.009569,-0.832270,0.554289,0.000000,-0.000000,0.000100,98.767098,1.000000;;,
   6240;16;0.999987,0.004896,-0.002118,0.000000,-0.000956,0.554953,0.831881,0.000000,0.005248,-0.831868,0.554950,0.000000,0.000000,0.000100,98.767098,1.000000;;,
   6400;16;1.000001,0.000054,-0.000034,0.000000,-0.000001,0.555598,0.831451,0.000000,0.000064,-0.831452,0.555598,0.000000,0.000000,0.000100,98.767110,1.000000;;,
   6560;16;0.999980,-0.005895,0.002484,0.000000,0.001183,0.552102,0.833776,0.000000,-0.006286,-0.833756,0.552098,0.000000,0.000000,0.000100,98.767104,1.000000;;,
   6720;16;0.999907,-0.012663,0.005225,0.000000,0.002479,0.542436,0.840093,0.000000,-0.013472,-0.840002,0.542417,0.000000,0.000000,0.000100,98.767104,1.000000;;,
   6880;16;0.999768,-0.020011,0.008038,0.000000,0.003746,0.528221,0.849099,0.000000,-0.021237,-0.848872,0.528173,0.000000,0.000000,0.000100,98.767110,1.000000;;,
   7040;16;0.999555,-0.027822,0.010830,0.000000,0.004900,0.510686,0.859753,0.000000,-0.029451,-0.859317,0.510595,0.000000,0.000000,0.000100,98.767104,1.000000;;,
   7200;16;0.999257,-0.036103,0.013571,0.000000,0.005895,0.490692,0.871313,0.000000,-0.038116,-0.870585,0.490540,0.000000,-0.000000,0.000100,98.767110,1.000000;;,
   7360;16;0.998852,-0.045112,0.016124,0.000000,0.006719,0.465179,0.885191,0.000000,-0.047433,-0.884067,0.464948,0.000000,0.000000,0.000100,98.767104,1.000000;;,
   7520;16;0.998387,-0.053782,0.018236,0.000000,0.007155,0.437684,0.899100,0.000000,-0.056337,-0.897519,0.437363,0.000000,-0.000000,0.000100,98.767091,1.000000;;,
   7680;16;0.997864,-0.062218,0.019951,0.000000,0.007224,0.408529,0.912717,0.000000,-0.064938,-0.910623,0.408106,0.000000,0.000000,0.000100,98.767104,1.000000;;,
   7840;16;0.997290,-0.070435,0.021270,0.000000,0.006922,0.377623,0.925934,0.000000,-0.073250,-0.923277,0.377088,0.000000,0.000000,0.000100,98.767110,1.000000;;,
   8000;16;0.996680,-0.078355,0.022144,0.000000,0.006220,0.344434,0.938790,0.000000,-0.081186,-0.935536,0.343778,0.000000,-0.000000,0.000100,98.767110,1.000000;;,
   8160;16;0.996160,-0.084672,0.022293,0.000000,0.005232,0.311718,0.950160,0.000000,-0.087401,-0.946395,0.310964,0.000000,0.000000,0.000100,98.767110,1.000000;;,
   8320;16;0.995683,-0.090163,0.022084,0.000000,0.004006,0.279409,0.960164,0.000000,-0.092742,-0.955930,0.278564,0.000000,0.000000,0.000100,98.767110,1.000000;;,
   8480;16;0.995285,-0.094587,0.021499,0.000000,0.002582,0.247397,0.968911,0.000000,-0.096965,-0.964287,0.246475,0.000000,0.000000,0.000100,98.767098,1.000000;;,
   8640;16;0.995012,-0.097623,0.020540,0.000000,0.001042,0.216051,0.976382,0.000000,-0.099755,-0.971490,0.215075,0.000000,0.000000,0.000100,98.767123,1.000000;;,
   8800;16;0.994915,-0.098873,0.019230,0.000000,-0.000484,0.186224,0.982507,0.000000,-0.100724,-0.977520,0.185230,0.000000,0.000000,0.000100,98.767104,1.000000;;,
   8960;16;0.994949,-0.098788,0.017841,0.000000,-0.001837,0.159770,0.987153,0.000000,-0.100370,-0.982199,0.158781,0.000000,0.000000,0.000100,98.767098,1.000000;;,
   9120;16;0.995067,-0.097839,0.016454,0.000000,-0.003037,0.135731,0.990741,0.000000,-0.099166,-0.985904,0.134764,0.000000,-0.000000,0.000100,98.767104,1.000000;;,
   9280;16;0.995288,-0.095812,0.014947,0.000000,-0.004158,0.111832,0.993719,0.000000,-0.096882,-0.989098,0.110906,0.000000,0.000000,0.000100,98.767104,1.000000;;,
   9440;16;0.995609,-0.092671,0.013241,0.000000,-0.005254,0.085904,0.996290,0.000000,-0.093465,-0.991985,0.085040,0.000000,-0.000000,0.000100,98.767104,1.000000;;,
   9600;16;0.996008,-0.088550,0.011299,0.000000,-0.006357,0.055900,0.998416,0.000000,-0.089041,-0.994503,0.055114,0.000000,0.000000,0.000100,98.767098,1.000000;;,
   9760;16;0.996517,-0.082900,0.009063,0.000000,-0.007551,0.018536,0.999800,0.000000,-0.083051,-0.996386,0.017845,0.000000,-0.000000,0.000100,98.767098,1.000000;;,
   9920;16;0.997110,-0.075674,0.006761,0.000000,-0.008530,-0.023087,0.999697,0.000000,-0.075495,-0.996866,-0.023665,0.000000,0.000000,0.000100,98.767104,1.000000;;,
   10080;16;0.997702,-0.067607,0.004679,0.000000,-0.009047,-0.064441,0.997881,0.000000,-0.067162,-0.995629,-0.064904,0.000000,-0.000000,0.000100,98.767123,1.000000;;,
   10240;16;0.998246,-0.059145,0.002961,0.000000,-0.009072,-0.103327,0.994606,0.000000,-0.058520,-0.992888,-0.103683,0.000000,-0.000000,0.000100,98.767104,1.000000;;,
   10400;16;0.998726,-0.050440,0.001602,0.000000,-0.008654,-0.139903,0.990127,0.000000,-0.049718,-0.988880,-0.140161,0.000000,0.000000,0.000100,98.767098,1.000000;;,
   10560;16;0.999156,-0.041102,0.000685,0.000000,-0.007820,-0.173680,0.984771,0.000000,-0.040357,-0.983945,-0.173855,0.000000,-0.000000,0.000100,98.767104,1.000000;;,
   10720;16;0.999482,-0.032212,0.000128,0.000000,-0.006618,-0.201440,0.979479,0.000000,-0.031525,-0.978972,-0.201549,0.000000,0.000000,0.000100,98.767123,1.000000;;,
   10880;16;0.999717,-0.023842,-0.000153,0.000000,-0.005199,-0.224263,0.974515,0.000000,-0.023269,-0.974238,-0.224323,0.000000,-0.000000,0.000100,98.767123,1.000000;;,
   11040;16;0.999873,-0.015990,-0.000232,0.000000,-0.003650,-0.242270,0.970202,0.000000,-0.015570,-0.970078,-0.242298,0.000000,0.000000,0.000100,98.767104,1.000000;;,
   11200;16;0.999964,-0.008580,-0.000162,0.000000,-0.002029,-0.254641,0.967034,0.000000,-0.008338,-0.966998,-0.254649,0.000000,0.000000,0.000100,98.767091,1.000000;;,
   11360;16;0.999999,-0.001684,-0.000025,0.000000,-0.000410,-0.257917,0.966167,0.000000,-0.001634,-0.966166,-0.257917,0.000000,0.000000,0.000100,98.767104,1.000000;;,
   11520;16;0.999988,0.004989,0.000075,0.000000,0.001201,-0.255235,0.966879,0.000000,0.004843,-0.966867,-0.255238,0.000000,-0.000000,0.000100,98.767123,1.000000;;,
   11680;16;0.999936,0.011330,0.000083,0.000000,0.002706,-0.245934,0.969283,0.000000,0.011002,-0.969221,-0.245949,0.000000,0.000000,0.000100,98.767110,1.000000;;,
   11840;16;0.999851,0.017283,-0.000028,0.000000,0.004025,-0.231249,0.972886,0.000000,0.016808,-0.972741,-0.231285,0.000000,0.000000,0.000100,98.767104,1.000000;;,
   12000;16;0.999740,0.022848,-0.000253,0.000000,0.005147,-0.214359,0.976741,0.000000,0.022262,-0.976488,-0.214421,0.000000,-0.000000,0.000100,98.767110,1.000000;;,
   12160;16;0.999610,0.027927,-0.000575,0.000000,0.006104,-0.198292,0.980124,0.000000,0.027258,-0.979745,-0.198385,0.000000,0.000000,0.000100,98.767098,1.000000;;,
   12320;16;0.999469,0.032585,-0.000990,0.000000,0.006877,-0.181058,0.983448,0.000000,0.031866,-0.982933,-0.181186,0.000000,-0.000000,0.000100,98.767110,1.000000;;,
   12480;16;0.999313,0.037052,-0.001529,0.000000,0.007498,-0.161519,0.986841,0.000000,0.036318,-0.986174,-0.161685,0.000000,-0.000000,0.000100,98.767104,1.000000;;,
   12640;16;0.999134,0.041571,-0.002224,0.000000,0.007987,-0.138967,0.990265,0.000000,0.040858,-0.989425,-0.139179,0.000000,-0.000000,0.000100,98.767091,1.000000;;,
   12800;16;0.998919,0.046392,-0.003111,0.000000,0.008348,-0.113138,0.993544,0.000000,0.045741,-0.992496,-0.113403,0.000000,-0.000000,0.000100,98.767104,1.000000;;,
   12960;16;0.998646,0.051855,-0.004360,0.000000,0.008607,-0.081973,0.996598,0.000000,0.051322,-0.995285,-0.082308,0.000000,-0.000000,0.000100,98.767123,1.000000;;,
   13120;16;0.998327,0.057533,-0.005940,0.000000,0.008615,-0.046362,0.998888,0.000000,0.057193,-0.997267,-0.046780,0.000000,0.000000,0.000100,98.767110,1.000000;;,
   13280;16;0.997990,0.062913,-0.007716,0.000000,0.008316,-0.009281,0.999922,0.000000,0.062837,-0.997976,-0.009786,0.000000,0.000000,0.000100,98.767098,1.000000;;,
   13440;16;0.997656,0.067763,-0.009609,0.000000,0.007754,0.027581,0.999589,0.000000,0.068000,-0.997321,0.026991,0.000000,-0.000000,0.000100,98.767091,1.000000;;,
   13600;16;0.997329,0.072125,-0.011587,0.000000,0.006977,0.063842,0.997936,0.000000,0.072716,-0.995351,0.063168,0.000000,0.000000,0.000100,98.767098,1.000000;;,
   13760;16;0.997028,0.075825,-0.013672,0.000000,0.006013,0.100323,0.994937,0.000000,0.076813,-0.992062,0.099569,0.000000,-0.000000,0.000100,98.767110,1.000000;;,
   13920;16;0.996769,0.078791,-0.015651,0.000000,0.004920,0.134598,0.990888,0.000000,0.080180,-0.987763,0.133775,0.000000,0.000000,0.000100,98.767110,1.000000;;,
   14080;16;0.996545,0.081188,-0.017524,0.000000,0.003764,0.166622,0.986014,0.000000,0.082972,-0.982673,0.165741,0.000000,0.000000,0.000100,98.767098,1.000000;;,
   14240;16;0.996362,0.083031,-0.019260,0.000000,0.002585,0.196420,0.980516,0.000000,0.085197,-0.976998,0.195491,0.000000,0.000000,0.000100,98.767104,1.000000;;,
   14400;16;0.996233,0.084191,-0.020804,0.000000,0.001415,0.224082,0.974569,0.000000,0.086712,-0.970928,0.223119,0.000000,-0.000000,0.000100,98.767110,1.000000;;,
   14560;16;0.996199,0.084279,-0.022027,0.000000,0.000270,0.249884,0.968276,0.000000,0.087109,-0.964602,0.248911,0.000000,-0.000000,0.000100,98.767104,1.000000;;,
   14720;16;0.996227,0.083677,-0.023034,0.000000,-0.000871,0.275021,0.961438,0.000000,0.086785,-0.957791,0.274056,0.000000,-0.000000,0.000100,98.767110,1.000000;;,
   14880;16;0.996326,0.082288,-0.023748,0.000000,-0.001948,0.298981,0.954257,0.000000,0.085624,-0.950705,0.298043,0.000000,0.000000,0.000100,98.767098,1.000000;;,
   15040;16;0.996485,0.080223,-0.024166,0.000000,-0.002911,0.321408,0.946936,0.000000,0.083733,-0.943537,0.320512,0.000000,0.000000,0.000100,98.767098,1.000000;;,
   15200;16;0.996672,0.077802,-0.024357,0.000000,-0.003741,0.342095,0.939658,0.000000,0.081439,-0.936440,0.341247,0.000000,0.000000,0.000100,98.767123,1.000000;;,
   15360;16;0.996853,0.075426,-0.024409,0.000000,-0.004449,0.360632,0.932698,0.000000,0.079152,-0.929654,0.359833,0.000000,0.000000,0.000100,98.767104,1.000000;;,
   15520;16;0.997044,0.072897,-0.024293,0.000000,-0.005033,0.377442,0.926019,0.000000,0.076673,-0.923160,0.376693,0.000000,-0.000000,0.000100,98.767098,1.000000;;,
   15680;16;0.997259,0.070014,-0.023976,0.000000,-0.005515,0.393386,0.919357,0.000000,0.073800,-0.916704,0.392694,0.000000,0.000000,0.000100,98.767110,1.000000;;,
   15840;16;0.997502,0.066649,-0.023445,0.000000,-0.005907,0.409353,0.912357,0.000000,0.070405,-0.909939,0.408724,0.000000,-0.000000,0.000100,98.767123,1.000000;;,
   16000;16;0.997772,0.062747,-0.022707,0.000000,-0.006220,0.426254,0.904582,0.000000,0.066439,-0.902425,0.425695,0.000000,0.000000,0.000100,98.767110,1.000000;;,
   16160;16;0.998080,0.058046,-0.021651,0.000000,-0.006477,0.445329,0.895344,0.000000,0.061613,-0.893484,0.444850,0.000000,0.000000,0.000100,98.767098,1.000000;;,
   16320;16;0.998408,0.052659,-0.020249,0.000000,-0.006573,0.465038,0.885266,0.000000,0.056034,-0.883724,0.464644,0.000000,-0.000000,0.000100,98.767098,1.000000;;,
   16480;16;0.998724,0.046968,-0.018585,0.000000,-0.006456,0.483603,0.875264,0.000000,0.050097,-0.874027,0.483289,0.000000,0.000000,0.000100,98.767110,1.000000;;,
   16640;16;0.999011,0.041208,-0.016726,0.000000,-0.006139,0.500270,0.865848,0.000000,0.044048,-0.864889,0.500028,0.000000,-0.000000,0.000100,98.767110,1.000000;;,
   16800;16;0.999263,0.035466,-0.014724,0.000000,-0.005659,0.515250,0.857022,0.000000,0.037982,-0.856307,0.515071,0.000000,0.000000,0.000100,98.767110,1.000000;;,
   16960;16;0.999487,0.029529,-0.012463,0.000000,-0.005008,0.527940,0.849267,0.000000,0.031658,-0.848769,0.527817,0.000000,0.000000,0.000100,98.767098,1.000000;;,
   17120;16;0.999669,0.023696,-0.010131,0.000000,-0.004210,0.538010,0.842928,0.000000,0.025425,-0.842606,0.537931,0.000000,0.000000,0.000100,98.767098,1.000000;;,
   17280;16;0.999807,0.018079,-0.007802,0.000000,-0.003333,0.545886,0.837853,0.000000,0.019407,-0.837665,0.545841,0.000000,0.000000,0.000100,98.767104,1.000000;;,
   17440;16;0.999905,0.012674,-0.005498,0.000000,-0.002406,0.551611,0.834098,0.000000,0.013604,-0.834006,0.551589,0.000000,0.000000,0.000100,98.767104,1.000000;;,
   17600;16;0.999969,0.007357,-0.003189,0.000000,-0.001429,0.554853,0.831947,0.000000,0.007890,-0.831916,0.554846,0.000000,0.000000,0.000100,98.767104,1.000000;;,
   17760;16;0.999999,0.001529,-0.000669,0.000000,-0.000293,0.555476,0.831532,0.000000,0.001643,-0.831531,0.555476,0.000000,-0.000000,0.000100,98.767098,1.000000;;,
   17920;16;0.999987,-0.004849,0.002042,0.000000,0.000977,0.552480,0.833526,0.000000,-0.005170,-0.833512,0.552477,0.000000,0.000000,0.000100,98.767098,1.000000;;,
   18080;16;0.999920,-0.011701,0.004846,0.000000,0.002301,0.544113,0.839009,0.000000,-0.012454,-0.838931,0.544097,0.000000,0.000000,0.000100,98.767110,1.000000;;,
   18240;16;0.999795,-0.018794,0.007604,0.000000,0.003534,0.530887,0.847435,0.000000,-0.019963,-0.847235,0.530845,0.000000,0.000000,0.000100,98.767104,1.000000;;,
   18400;16;0.999618,-0.025734,0.010140,0.000000,0.004584,0.515672,0.856774,0.000000,-0.027277,-0.856400,0.515593,0.000000,-0.000000,0.000100,98.767110,1.000000;;,
   18560;16;0.999405,-0.032224,0.012341,0.000000,0.005471,0.501110,0.865367,0.000000,-0.034070,-0.864784,0.500988,0.000000,0.000000,0.000100,98.767104,1.000000;;,
   18720;16;0.999155,-0.038536,0.014322,0.000000,0.006187,0.485361,0.874292,0.000000,-0.040643,-0.873465,0.485189,0.000000,-0.000000,0.000100,98.767110,1.000000;;,
   18880;16;0.998865,-0.044834,0.016109,0.000000,0.006728,0.467509,0.883963,0.000000,-0.047163,-0.882851,0.467280,0.000000,-0.000000,0.000100,98.767104,1.000000;;,
   19040;16;0.998527,-0.051283,0.017731,0.000000,0.007072,0.446978,0.894517,0.000000,-0.053799,-0.893074,0.446682,0.000000,0.000000,0.000100,98.767104,1.000000;;,
   19200;16;0.998130,-0.058041,0.019215,0.000000,0.007191,0.423548,0.905846,0.000000,-0.060714,-0.904013,0.423173,0.000000,0.000000,0.000100,98.767104,1.000000;;,
   19360;16;0.997622,-0.065787,0.020576,0.000000,0.007111,0.395133,0.918597,0.000000,-0.068561,-0.916266,0.394661,0.000000,0.000000,0.000100,98.767104,1.000000;;,
   19520;16;0.997033,-0.073890,0.021623,0.000000,0.006658,0.362555,0.931939,0.000000,-0.076700,-0.929029,0.361971,0.000000,0.000000,0.000100,98.767110,1.000000;;,
   19680;16;0.996444,-0.081293,0.022188,0.000000,0.005792,0.328759,0.944396,0.000000,-0.084068,-0.940909,0.328061,0.000000,0.000000,0.000100,98.767098,1.000000;;,
   19840;16;0.995914,-0.087533,0.022260,0.000000,0.004644,0.295769,0.955248,0.000000,-0.090199,-0.951241,0.294966,0.000000,0.000000,0.000100,98.767110,1.000000;;,
   20000;16;0.995449,-0.092732,0.021981,0.000000,0.003353,0.264592,0.964355,0.000000,-0.095243,-0.959892,0.263698,0.000000,0.000000,0.000100,98.767110,1.000000;;,
   20160;16;0.995122,-0.096351,0.021202,0.000000,0.001940,0.233973,0.972241,0.000000,-0.098637,-0.967458,0.233018,0.000000,0.000000,0.000100,98.767110,1.000000;;,
   20320;16;0.994966,-0.098215,0.019942,0.000000,0.000342,0.202310,0.979321,0.000000,-0.100218,-0.974385,0.201326,0.000000,-0.000000,0.000100,98.767110,1.000000;;,
   20480;16;0.994965,-0.098538,0.018318,0.000000,-0.001340,0.169672,0.985500,0.000000,-0.100217,-0.980562,0.168686,0.000000,-0.000000,0.000100,98.767110,1.000000;;,
   20640;16;0.995119,-0.097314,0.016399,0.000000,-0.003017,0.136097,0.990691,0.000000,-0.098640,-0.985905,0.135139,0.000000,0.000000,0.000100,98.767104,1.000000;;,
   20800;16;0.995442,-0.094312,0.014214,0.000000,-0.004580,0.101590,0.994816,0.000000,-0.095267,-0.990346,0.100695,0.000000,-0.000000,0.000100,98.767104,1.000000;;,
   20960;16;0.995900,-0.089688,0.011886,0.000000,-0.006048,0.065085,0.997861,0.000000,-0.090270,-0.993842,0.064276,0.000000,-0.000000,0.000100,98.767104,1.000000;;,
   21120;16;0.996425,-0.083953,0.009494,0.000000,-0.007378,0.025477,0.999648,0.000000,-0.084166,-0.996144,0.024767,0.000000,-0.000000,0.000100,98.767110,1.000000;;,
   21280;16;0.997013,-0.076920,0.007132,0.000000,-0.008412,-0.016324,0.999831,0.000000,-0.076790,-0.996904,-0.016922,0.000000,0.000000,0.000100,98.767098,1.000000;;,
   21440;16;0.997604,-0.069018,0.004983,0.000000,-0.008975,-0.057655,0.998296,0.000000,-0.068613,-0.995949,-0.058136,0.000000,-0.000000,0.000100,98.767104,1.000000;;,
   21600;16;0.998114,-0.061302,0.003309,0.000000,-0.009081,-0.094126,0.995519,0.000000,-0.060716,-0.993672,-0.094505,0.000000,0.000000,0.000100,98.767104,1.000000;;,
   21760;16;0.998515,-0.054455,0.002168,0.000000,-0.008943,-0.124469,0.992183,0.000000,-0.053760,-0.990729,-0.124771,0.000000,-0.000000,0.000100,98.767110,1.000000;;,
   21920;16;0.998855,-0.047847,0.001297,0.000000,-0.008541,-0.151516,0.988418,0.000000,-0.047097,-0.987297,-0.151751,0.000000,0.000000,0.000100,98.767110,1.000000;;,
   22080;16;0.999147,-0.041316,0.000658,0.000000,-0.007891,-0.175139,0.984512,0.000000,-0.040561,-0.983677,-0.175316,0.000000,0.000000,0.000100,98.767110,1.000000;;,
   22240;16;0.999399,-0.034698,0.000213,0.000000,-0.007005,-0.195744,0.980630,0.000000,-0.033984,-0.980042,-0.195869,0.000000,0.000000,0.000100,98.767104,1.000000;;,
   22400;16;0.999613,-0.027825,-0.000080,0.000000,-0.005886,-0.214256,0.976760,0.000000,-0.027195,-0.976382,-0.214337,0.000000,0.000000,0.000100,98.767104,1.000000;;,
   22560;16;0.999792,-0.020409,-0.000201,0.000000,-0.004543,-0.232125,0.972676,0.000000,-0.019898,-0.972472,-0.232169,0.000000,-0.000000,0.000100,98.767110,1.000000;;,
   22720;16;0.999919,-0.012766,-0.000186,0.000000,-0.002969,-0.246688,0.969090,0.000000,-0.012417,-0.969011,-0.246706,0.000000,0.000000,0.000100,98.767098,1.000000;;,
   22880;16;0.999987,-0.005321,-0.000086,0.000000,-0.001277,-0.255528,0.966801,0.000000,-0.005166,-0.966788,-0.255531,0.000000,0.000000,0.000100,98.767098,1.000000;;,
   23040;16;0.999999,0.001658,0.000042,0.000000,0.000386,-0.257734,0.966216,0.000000,0.001613,-0.966215,-0.257734,0.000000,-0.000000,0.000100,98.767110,1.000000;;,
   23200;16;0.999968,0.008064,0.000135,0.000000,0.001917,-0.253871,0.967236,0.000000,0.007834,-0.967205,-0.253878,0.000000,0.000000,0.000100,98.767098,1.000000;;,
   23360;16;0.999904,0.013929,0.000075,0.000000,0.003282,-0.240846,0.970558,0.000000,0.013537,-0.970464,-0.240868,0.000000,0.000000,0.000100,98.767104,1.000000;;,
   23520;16;0.999803,0.019877,-0.000122,0.000000,0.004565,-0.223642,0.974661,0.000000,0.019346,-0.974469,-0.223689,0.000000,0.000000,0.000100,98.767104,1.000000;;,
   23680;16;0.999662,0.026032,-0.000472,0.000000,0.005757,-0.203331,0.979093,0.000000,0.025392,-0.978764,-0.203412,0.000000,0.000000,0.000100,98.767098,1.000000;;,
   23840;16;0.999476,0.032386,-0.001007,0.000000,0.006818,-0.179816,0.983677,0.000000,0.031677,-0.983168,-0.179942,0.000000,0.000000,0.000100,98.767098,1.000000;;,
   24000;16;0.999246,0.038801,-0.001781,0.000000,0.007656,-0.151812,0.988380,0.000000,0.038079,-0.987648,-0.151994,0.000000,0.000000,0.000100,98.767110,1.000000;;,
   24160;16;0.998989,0.044888,-0.002838,0.000000,0.008251,-0.120857,0.992636,0.000000,0.044215,-0.991655,-0.121105,0.000000,0.000000,0.000100,98.767104,1.000000;;,
   24320;16;0.998696,0.050896,-0.004135,0.000000,0.008588,-0.087594,0.996119,0.000000,0.050336,-0.994856,-0.087917,0.000000,0.000000,0.000100,98.767104,1.000000;;,
   24480;16;0.998375,0.056717,-0.005679,0.000000,0.008628,-0.051883,0.998616,0.000000,0.056344,-0.997042,-0.052288,0.000000,-0.000000,0.000100,98.767104,1.000000;;,
   24640;16;0.998043,0.062108,-0.007393,0.000000,0.008362,-0.015364,0.999847,0.000000,0.061985,-0.997952,-0.015853,0.000000,0.000000,0.000100,98.767104,1.000000;;,
   24800;16;0.997733,0.066690,-0.009108,0.000000,0.007888,0.018542,0.999797,0.000000,0.066846,-0.997602,0.017974,0.000000,-0.000000,0.000100,98.767104,1.000000;;,
   24960;16;0.997463,0.070387,-0.010712,0.000000,0.007359,0.047729,0.998833,0.000000,0.070817,-0.996378,0.047090,0.000000,-0.000000,0.000100,98.767110,1.000000;;,
   25120;16;0.997221,0.073502,-0.012232,0.000000,0.006738,0.074528,0.997196,0.000000,0.074208,-0.994507,0.073826,0.000000,0.000000,0.000100,98.767098,1.000000;;,
   25280;16;0.997008,0.076081,-0.013687,0.000000,0.006032,0.099956,0.994974,0.000000,0.077066,-0.992079,0.099198,0.000000,0.000000,0.000100,98.767104,1.000000;;,
   25440;16;0.996820,0.078241,-0.015126,0.000000,0.005231,0.125153,0.992124,0.000000,0.079518,-0.989048,0.124346,0.000000,0.000000,0.000100,98.767104,1.000000;;,
   25600;16;0.996643,0.080171,-0.016621,0.000000,0.004308,0.151366,0.988468,0.000000,0.081762,-0.985222,0.150513,0.000000,0.000000,0.000100,98.767098,1.000000;;,
   25760;16;0.996464,0.082024,-0.018269,0.000000,0.003249,0.179638,0.983728,0.000000,0.083971,-0.980308,0.178736,0.000000,-0.000000,0.000100,98.767104,1.000000;;,
   25920;16;0.996315,0.083445,-0.019898,0.000000,0.002080,0.208386,0.978045,0.000000,0.085760,-0.974481,0.207445,0.000000,-0.000000,0.000100,98.767110,1.000000;;,
   26080;16;0.996222,0.084179,-0.021359,0.000000,0.000870,0.236250,0.971692,0.000000,0.086842,-0.968040,0.235284,0.000000,0.000000,0.000100,98.767104,1.000000;;,
   26240;16;0.996199,0.084142,-0.022566,0.000000,-0.000306,0.262412,0.964956,0.000000,0.087115,-0.961281,0.261441,0.000000,-0.000000,0.000100,98.767110,1.000000;;,
   26400;16;0.996237,0.083434,-0.023503,0.000000,-0.001399,0.286587,0.958053,0.000000,0.086670,-0.954415,0.285625,0.000000,0.000000,0.000100,98.767104,1.000000;;,
   26560;16;0.996375,0.081626,-0.024005,0.000000,-0.002386,0.308838,0.951112,0.000000,0.085049,-0.947606,0.307913,0.000000,0.000000,0.000100,98.767098,1.000000;;,
   26720;16;0.996567,0.079162,-0.024267,0.000000,-0.003320,0.331060,0.943604,0.000000,0.082731,-0.940284,0.330187,0.000000,0.000000,0.000100,98.767098,1.000000;;,
   26880;16;0.996797,0.076190,-0.024333,0.000000,-0.004199,0.353669,0.935361,0.000000,0.079871,-0.932263,0.352856,0.000000,0.000000,0.000100,98.767098,1.000000;;,
   27040;16;0.997061,0.072709,-0.024184,0.000000,-0.004997,0.376634,0.926349,0.000000,0.076463,-0.923505,0.375890,0.000000,0.000000,0.000100,98.767098,1.000000;;,
   27200;16;0.997364,0.068575,-0.023731,0.000000,-0.005656,0.399501,0.916716,0.000000,0.072344,-0.914165,0.398835,0.000000,0.000000,0.000100,98.767104,1.000000;;,
   27360;16;0.997692,0.063928,-0.022914,0.000000,-0.006141,0.420958,0.907059,0.000000,0.067632,-0.904825,0.420379,0.000000,0.000000,0.000100,98.767098,1.000000;;,
   27520;16;0.998025,0.058911,-0.021840,0.000000,-0.006459,0.441971,0.897006,0.000000,0.062496,-0.895093,0.441479,0.000000,0.000000,0.000100,98.767104,1.000000;;,
   27680;16;0.998359,0.053500,-0.020477,0.000000,-0.006579,0.462183,0.886760,0.000000,0.056906,-0.885170,0.461777,0.000000,0.000000,0.000100,98.767104,1.000000;;,
   27840;16;0.998673,0.047923,-0.018888,0.000000,-0.006488,0.480785,0.876815,0.000000,0.051101,-0.875529,0.480458,0.000000,-0.000000,0.000100,98.767110,1.000000;;,
   28000;16;0.998942,0.042662,-0.017230,0.000000,-0.006234,0.496532,0.867996,0.000000,0.045586,-0.866970,0.496272,0.000000,0.000000,0.000100,98.767104,1.000000;;,
   28160;16;0.999152,0.038097,-0.015667,0.000000,-0.005925,0.509290,0.860574,0.000000,0.040765,-0.859752,0.509084,0.000000,0.000000,0.000100,98.767098,1.000000;;,
   28320;16;0.999327,0.033869,-0.014139,0.000000,-0.005540,0.520034,0.854128,0.000000,0.036281,-0.853474,0.519872,0.000000,0.000000,0.000100,98.767104,1.000000;;,
   28480;16;0.999480,0.029734,-0.012564,0.000000,-0.005066,0.528872,0.848687,0.000000,0.031880,-0.848181,0.528747,0.000000,0.000000,0.000100,98.767098,1.000000;;,
   28640;16;0.999618,0.025458,-0.010862,0.000000,-0.004483,0.536187,0.844087,0.000000,0.027313,-0.843716,0.536096,0.000000,0.000000,0.000100,98.767104,1.000000;;,
   28800;16;0.999744,0.020815,-0.008958,0.000000,-0.003771,0.542629,0.839964,0.000000,0.022345,-0.839715,0.542568,0.000000,0.000000,0.000100,98.767098,1.000000;;,
   28960;16;0.999853,0.015753,-0.006814,0.000000,-0.002942,0.548413,0.836202,0.000000,0.016909,-0.836060,0.548379,0.000000,0.000000,0.000100,98.767098,1.000000;;,
   29120;16;0.999937,0.010351,-0.004485,0.000000,-0.001982,0.552603,0.833442,0.000000,0.011105,-0.833381,0.552588,0.000000,0.000000,0.000100,98.767098,1.000000;;,
   29280;16;0.999988,0.004592,-0.001991,0.000000,-0.000892,0.554924,0.831900,0.000000,0.004925,-0.831889,0.554922,0.000000,-0.000000,0.000100,98.767110,1.000000;;,
