xof 0303txt 0032
template Frame {
 <3d82ab46-62da-11cf-ab39-0020af71e433>
 [...]
}

template Matrix4x4 {
 <f6f23f45-7686-11cf-8f52-0040333594a3>
 array FLOAT matrix[16];
}

template FrameTransformMatrix {
 <f6f23f41-7686-11cf-8f52-0040333594a3>
 Matrix4x4 frameMatrix;
}

template AnimTicksPerSecond {
 <9e415a43-7ba6-4a73-8743-b73d47e88476>
 DWORD AnimTicksPerSecond;
}

template Animation {
 <3d82ab4f-62da-11cf-ab39-0020af71e433>
 [...]
}

template AnimationSet {
 <3d82ab50-62da-11cf-ab39-0020af71e433>
 [Animation <3d82ab4f-62da-11cf-ab39-0020af71e433>]
}

template FloatKeys {
 <10dd46a9-775b-11cf-8f52-0040333594a3>
 DWORD nValues;
 array FLOAT values[nValues];
}

template TimedFloatKeys {
 <f406b180-7b3b-11cf-8f52-0040333594a3>
 DWORD time;
 FloatKeys tfkeys;
}

template AnimationKey {
 <10dd46a8-775b-11cf-8f52-0040333594a3>
 DWORD keyType;
 DWORD nKeys;
 array TimedFloatKeys keys[nKeys];
}


Frame ARM_bear_framework {
 

 FrameTransformMatrix {
  -0.003937,0.000000,-0.000000,0.000000,-0.000000,-0.000000,0.003937,0.000000,-0.000000,0.003937,0.000000,0.000000,0.000000,0.000000,0.000000,1.000000;;
 }

 Frame _0__-com {
  

  FrameTransformMatrix {
   0.958489,-0.283211,-0.032985,0.000000,0.282342,0.958885,-0.028668,0.000000,0.039748,0.018165,0.999044,0.000000,-0.000100,50.184803,134.686490,1.000000;;
  }

  Frame _1___body {
   

   FrameTransformMatrix {
    -0.000000,-0.000000,1.000000,0.000000,1.000000,0.000000,0.000000,0.000000,0.000000,1.000000,0.000000,0.000000,0.001566,0.001308,-66.890854,1.000000;;
   }

   Frame _3___chest {
    

    FrameTransformMatrix {
     -0.857319,0.094917,-0.505961,0.000000,0.042436,0.992540,0.114294,0.000000,0.513035,0.076515,-0.854952,0.000000,56.366112,-0.007702,21.781597,1.000000;;
    }

    Frame _7___neck1 {
     

     FrameTransformMatrix {
      0.609658,0.013267,-0.792553,0.000000,-0.109025,0.991761,-0.067263,0.000000,0.785131,0.127416,0.606081,0.000000,-0.012787,-0.000302,102.578278,1.000000;;
     }

     Frame _10___claviclel {
      

      FrameTransformMatrix {
       -0.198175,0.968284,-0.152160,0.000000,-0.859957,-0.097274,0.501011,0.000000,0.470319,0.230139,0.851960,0.000000,6.830719,20.332699,-32.410592,1.000000;;
      }

      Frame _15___arm1l {
       

       FrameTransformMatrix {
        0.091472,-0.924329,-0.370470,0.000000,0.994940,0.069302,0.072746,0.000000,-0.041567,-0.375250,0.925991,0.000000,0.001221,0.002243,50.676064,1.000000;;
       }

       Frame _20___arm2l {
        

        FrameTransformMatrix {
         -0.016103,0.000000,0.999871,0.000000,0.000000,1.000000,0.000000,0.000000,-0.999871,0.000000,-0.016103,0.000000,0.002518,0.000404,57.366592,1.000000;;
        }

        Frame _23___hand1l {
         

         FrameTransformMatrix {
          0.623713,-0.527160,-0.577138,0.000000,0.740326,0.635309,0.219776,0.000000,0.250803,-0.564347,0.786520,0.000000,0.002335,-0.000946,60.928800,1.000000;;
         }

         Frame _25___hand2l {
          

          FrameTransformMatrix {
           0.801202,-0.000653,0.598393,0.000000,0.000809,0.999999,0.000008,0.000000,-0.598393,0.000478,0.801202,0.000000,2.006744,0.005730,18.800648,1.000000;;
          }

          Frame _25___hand2l_end {
           

           FrameTransformMatrix {
            1.000000,-0.000000,0.000000,0.000000,0.000000,1.000000,0.000000,0.000000,-0.000000,0.000000,1.000000,0.000000,0.000015,0.000008,1.000000,1.000000;;
           }
          }
         }
        }
       }
      }
     }

     Frame _11___clavicler {
      

      FrameTransformMatrix {
       -0.223139,-0.892820,-0.391258,0.000000,0.858759,0.009871,-0.512285,0.000000,0.461241,-0.450307,0.764514,0.000000,6.402115,-11.652800,-36.520294,1.000000;;
      }

      Frame _16___arm1r {
       

       FrameTransformMatrix {
        0.154277,0.962325,-0.223895,0.000000,-0.969337,0.103553,-0.222851,0.000000,-0.191270,0.251411,0.948793,0.000000,0.002502,0.002617,50.677034,1.000000;;
       }

       Frame _21___arm2r {
        

        FrameTransformMatrix {
         0.008396,0.000000,0.999967,0.000000,-0.000000,1.000000,-0.000000,0.000000,-0.999967,0.000000,0.008396,0.000000,0.000450,-0.000931,57.364998,1.000000;;
        }

        Frame _24___hand1r {
         

         FrameTransformMatrix {
          0.375541,0.464977,-0.801729,0.000000,-0.802431,0.595981,-0.030219,0.000000,0.463763,0.654679,0.596926,0.000000,-0.000458,0.002632,60.932307,1.000000;;
         }

         Frame _26___hand2r {
          

          FrameTransformMatrix {
           0.884348,0.000701,0.466827,0.000000,-0.000793,1.000000,0.000002,0.000000,-0.466827,-0.000372,0.884349,0.000000,2.006622,-0.006657,18.800949,1.000000;;
          }

          Frame _26___hand2r_end {
           

           FrameTransformMatrix {
            1.000000,-0.000000,0.000000,0.000000,0.000000,1.000000,0.000000,0.000000,0.000000,0.000000,1.000000,0.000000,0.000008,0.000004,1.000008,1.000000;;
           }
          }
         }
        }
       }
      }
     }

     Frame _12___neck2 {
      

      FrameTransformMatrix {
       0.999997,-0.000000,-0.002400,0.000000,0.000000,1.000000,0.000000,0.000000,0.002400,0.000000,0.999997,0.000000,-0.020599,0.000000,26.402992,1.000000;;
      }

      Frame _17___head {
       

       FrameTransformMatrix {
        0.762650,-0.205043,0.613451,0.000000,0.180173,0.978230,0.102975,0.000000,-0.621210,0.031994,0.782991,0.000000,0.000534,0.000824,25.880203,1.000000;;
       }

       Frame _22___head2 {
        

        FrameTransformMatrix {
         0.036106,-0.000051,-0.999317,0.000000,-0.000000,1.000000,-0.000051,0.000000,0.999317,0.000002,0.036106,0.000000,22.450310,0.000727,-18.316864,1.000000;;
        }

        Frame _22___head2_end {
         

         FrameTransformMatrix {
          1.000000,-0.000000,0.000000,0.000000,0.000000,1.000000,-0.000000,0.000000,0.000000,0.000000,1.000000,0.000000,0.000008,-0.000002,1.000015,1.000000;;
         }
        }
       }
      }
     }
    }
   }

   Frame _4___leg1l {
    

    FrameTransformMatrix {
     0.964423,-0.140556,-0.223903,0.000000,-0.236829,-0.835712,-0.495476,0.000000,-0.117476,0.530876,-0.839268,0.000000,-0.000237,34.857475,0.001503,1.000000;;
    }

    Frame _8___leg2l {
     

     FrameTransformMatrix {
      0.347868,0.000000,0.937543,0.000000,-0.000000,1.000000,-0.000000,0.000000,-0.937543,-0.000000,0.347868,0.000000,-0.000816,0.000790,58.026682,1.000000;;
     }

     Frame _13___foot1l {
      

      FrameTransformMatrix {
       0.946141,-0.178520,0.270089,0.000000,0.222621,0.964451,-0.142387,0.000000,-0.235068,0.194846,0.952249,0.000000,-0.000721,-0.001003,55.123648,1.000000;;
      }

      Frame _18___foot2l {
       

       FrameTransformMatrix {
        -0.000042,-0.000002,-1.000042,0.000000,-0.083058,0.996545,0.000002,0.000000,0.996587,0.083061,-0.000042,0.000000,14.380944,-0.000347,7.796201,1.000000;;
       }

       Frame _18___foot2l_end {
        

        FrameTransformMatrix {
         1.000000,-0.000000,0.000000,0.000000,0.000000,1.000000,0.000000,0.000000,0.000000,0.000000,1.000000,0.000000,0.000000,0.000000,0.999996,1.000000;;
        }
       }
      }
     }
    }
   }

   Frame _5___leg1r {
    

    FrameTransformMatrix {
     0.981406,-0.014470,-0.191399,0.000000,0.014851,-0.988438,0.150877,0.000000,-0.191369,-0.150914,-0.969844,0.000000,0.000244,-34.857402,-0.001389,1.000000;;
    }

    Frame _9___leg2r {
     

     FrameTransformMatrix {
      -0.174111,-0.000000,0.984725,0.000000,0.000000,1.000000,0.000000,0.000000,-0.984725,0.000000,-0.174111,0.000000,0.002426,0.000462,58.022790,1.000000;;
     }

     Frame _14___foot1r {
      

      FrameTransformMatrix {
       0.944608,-0.006007,-0.328143,0.000000,0.019783,0.999056,0.038660,0.000000,0.327602,-0.043010,0.943836,0.000000,0.001420,0.001183,55.122253,1.000000;;
      }

      Frame _19___foot2r {
       

       FrameTransformMatrix {
        -0.000011,-0.000000,-1.000011,0.000000,-0.055348,0.998467,0.000000,0.000000,0.998479,0.055348,-0.000011,0.000000,14.380816,0.000305,7.796200,1.000000;;
       }

       Frame _19___foot2r_end {
        

        FrameTransformMatrix {
         1.000000,-0.000000,0.000000,0.000000,0.000000,1.000000,-0.000000,0.000000,-0.000000,-0.000000,1.000000,0.000000,0.000000,0.000000,0.999998,1.000000;;
        }
       }
      }
     }
    }
   }

   Frame _6___tail1 {
    

    FrameTransformMatrix {
     -0.197889,-0.000000,0.980224,0.000000,-0.000000,1.000000,0.000000,0.000000,-0.980224,-0.000000,-0.197889,0.000000,-19.588787,-0.000002,8.991291,1.000000;;
    }

    Frame _6___tail1_end {
     

     FrameTransformMatrix {
      1.000000,-0.000000,0.000000,0.000000,0.000000,1.000000,-0.000000,0.000000,0.000000,0.000000,1.000000,0.000000,0.000000,0.000002,1.000004,1.000000;;
     }
    }
   }
  }

  Frame _2__-footsteps {
   

   FrameTransformMatrix {
    -0.283220,0.958881,0.018174,0.000000,-0.032977,-0.028675,0.999043,0.000000,0.958486,0.282350,0.039742,0.000000,4.432402,3.861096,-134.558080,1.000000;;
   }

   Frame _2__-footsteps_end {
    

    FrameTransformMatrix {
     1.000000,0.000000,0.000000,0.000000,0.000000,1.000000,0.000000,0.000000,0.000000,-0.000000,1.000000,0.000000,0.000004,0.000000,1.000000,1.000000;;
    }
   }
  }
 }
}

AnimTicksPerSecond  {
 4800;
}

AnimationSet Dummy {
 

 Animation {
  
  { ARM_bear_framework }

  AnimationKey  {
   4;
   2;
   0;16;-0.003937,0.000000,-0.000000,0.000000,-0.000000,-0.000000,0.003937,0.000000,-0.000000,0.003937,0.000000,0.000000,0.000000,0.000000,0.000000,1.000000;;,
   51200;16;-0.003937,0.000000,-0.000000,0.000000,-0.000000,-0.000000,0.003937,0.000000,-0.000000,0.003937,0.000000,0.000000,0.000000,0.000000,0.000000,1.000000;;;
  }
 }

 Animation {
  
  { _0__-com }

  AnimationKey  {
   4;
   321;
   0;16;0.958489,-0.283211,-0.032985,0.000000,0.282342,0.958885,-0.028668,0.000000,0.039748,0.018165,0.999044,0.000000,-0.000100,50.184803,134.686490,1.000000;;,
   160;16;0.958489,-0.283211,-0.032985,0.000000,0.282342,0.958885,-0.028659,0.000000,0.039746,0.018156,0.999044,0.000000,-0.000100,50.160493,134.691635,1.000000;;,
   320;16;0.958489,-0.283211,-0.032985,0.000000,0.282342,0.958885,-0.028650,0.000000,0.039743,0.018147,0.999044,0.000000,-0.000100,50.136176,134.696806,1.000000;;,
   480;16;0.958489,-0.283211,-0.032985,0.000000,0.282343,0.958886,-0.028627,0.000000,0.039737,0.018126,0.999045,0.000000,-0.000100,50.111862,134.701914,1.000000;;,
   640;16;0.958489,-0.283211,-0.032985,0.000000,0.282345,0.958886,-0.028584,0.000000,0.039725,0.018084,0.999046,0.000000,-0.000100,50.087552,134.707110,1.000000;;,
   800;16;0.958489,-0.283211,-0.032985,0.000000,0.282348,0.958887,-0.028521,0.000000,0.039707,0.018024,0.999048,0.000000,-0.000100,50.063242,134.712269,1.000000;;,
   960;16;0.958489,-0.283211,-0.032985,0.000000,0.282351,0.958889,-0.028430,0.000000,0.039681,0.017937,0.999050,0.000000,-0.000100,50.032032,134.717389,1.000000;;,
   1120;16;0.958489,-0.283211,-0.032985,0.000000,0.282355,0.958891,-0.028324,0.000000,0.039651,0.017835,0.999054,0.000000,-0.000100,50.000819,134.722547,1.000000;;,
   1280;16;0.958489,-0.283211,-0.032985,0.000000,0.282360,0.958893,-0.028203,0.000000,0.039617,0.017719,0.999057,0.000000,-0.000100,49.969610,134.727718,1.000000;;,
   1440;16;0.958489,-0.283211,-0.032985,0.000000,0.282365,0.958896,-0.028067,0.000000,0.039579,0.017588,0.999061,0.000000,-0.000100,49.940144,134.732851,1.000000;;,
   1600;16;0.958489,-0.283211,-0.032985,0.000000,0.282372,0.958898,-0.027912,0.000000,0.039535,0.017439,0.999065,0.000000,-0.000100,49.915926,134.738010,1.000000;;,
   1760;16;0.958489,-0.283211,-0.032985,0.000000,0.282379,0.958901,-0.027730,0.000000,0.039483,0.017264,0.999070,0.000000,-0.000100,49.891706,134.743168,1.000000;;,
   1920;16;0.958489,-0.283211,-0.032986,0.000000,0.282387,0.958905,-0.027530,0.000000,0.039427,0.017072,0.999076,0.000000,-0.000100,49.867482,134.748301,1.000000;;,
   2080;16;0.958489,-0.283211,-0.032986,0.000000,0.282395,0.958909,-0.027316,0.000000,0.039366,0.016867,0.999082,0.000000,-0.000100,49.843258,134.753459,1.000000;;,
   2240;16;0.958489,-0.283211,-0.032986,0.000000,0.282404,0.958912,-0.027095,0.000000,0.039304,0.016655,0.999088,0.000000,-0.000100,49.812819,134.758630,1.000000;;,
   2400;16;0.958489,-0.283211,-0.032986,0.000000,0.282412,0.958916,-0.026870,0.000000,0.039240,0.016439,0.999094,0.000000,-0.000100,49.763757,134.763776,1.000000;;,
   2560;16;0.958489,-0.283211,-0.032986,0.000000,0.282421,0.958920,-0.026648,0.000000,0.039177,0.016226,0.999100,0.000000,-0.000100,49.714685,134.768909,1.000000;;,
   2720;16;0.958489,-0.283211,-0.032986,0.000000,0.282430,0.958923,-0.026425,0.000000,0.039115,0.016012,0.999106,0.000000,-0.000100,49.653069,134.774080,1.000000;;,
   2880;16;0.958489,-0.283211,-0.032986,0.000000,0.282439,0.958927,-0.026199,0.000000,0.039051,0.015795,0.999111,0.000000,-0.000100,49.587254,134.779200,1.000000;;,
   3040;16;0.958489,-0.283211,-0.032986,0.000000,0.282448,0.958931,-0.025964,0.000000,0.038984,0.015570,0.999118,0.000000,-0.000100,49.518672,134.784358,1.000000;;,
   3200;16;0.958489,-0.283211,-0.032986,0.000000,0.282457,0.958934,-0.025715,0.000000,0.038914,0.015331,0.999124,0.000000,-0.000100,49.441741,134.789517,1.000000;;,
   3360;16;0.958489,-0.283211,-0.032986,0.000000,0.282468,0.958939,-0.025439,0.000000,0.038836,0.015066,0.999131,0.000000,-0.000100,49.360973,134.794662,1.000000;;,
   3520;16;0.958489,-0.283211,-0.032986,0.000000,0.282480,0.958943,-0.025141,0.000000,0.038752,0.014779,0.999139,0.000000,-0.000100,49.279862,134.799846,1.000000;;,
   3680;16;0.958489,-0.283211,-0.032986,0.000000,0.282492,0.958948,-0.024821,0.000000,0.038661,0.014473,0.999147,0.000000,-0.000100,49.199597,134.804979,1.000000;;,
   3840;16;0.958489,-0.283211,-0.032986,0.000000,0.282505,0.958953,-0.024482,0.000000,0.038565,0.014147,0.999155,0.000000,-0.000100,49.121053,134.810125,1.000000;;,
   4000;16;0.958489,-0.283211,-0.032986,0.000000,0.282519,0.958958,-0.024122,0.000000,0.038464,0.013802,0.999164,0.000000,-0.000100,49.044874,134.815283,1.000000;;,
   4160;16;0.958489,-0.283211,-0.032986,0.000000,0.282534,0.958963,-0.023728,0.000000,0.038352,0.013423,0.999173,0.000000,-0.000100,48.968685,134.820416,1.000000;;,
   4320;16;0.958489,-0.283210,-0.032986,0.000000,0.282550,0.958969,-0.023307,0.000000,0.038233,0.013020,0.999183,0.000000,-0.000100,48.891491,134.825549,1.000000;;,
   4480;16;0.958489,-0.283210,-0.032986,0.000000,0.282567,0.958974,-0.022866,0.000000,0.038108,0.012596,0.999194,0.000000,-0.000100,48.811117,134.830720,1.000000;;,
   4640;16;0.958489,-0.283210,-0.032986,0.000000,0.282584,0.958980,-0.022410,0.000000,0.037979,0.012158,0.999204,0.000000,-0.000100,48.725933,134.835866,1.000000;;,
   4800;16;0.958489,-0.283210,-0.032986,0.000000,0.282602,0.958986,-0.021947,0.000000,0.037849,0.011714,0.999214,0.000000,-0.000100,48.634778,134.840986,1.000000;;,
   4960;16;0.958489,-0.283210,-0.032986,0.000000,0.282619,0.958991,-0.021489,0.000000,0.037719,0.011275,0.999224,0.000000,-0.000100,48.535680,134.846182,1.000000;;,
   5120;16;0.958489,-0.283210,-0.032986,0.000000,0.282636,0.958996,-0.021041,0.000000,0.037592,0.010844,0.999233,0.000000,-0.000100,48.431981,134.851290,1.000000;;,
   5280;16;0.958489,-0.283210,-0.032986,0.000000,0.282652,0.959001,-0.020600,0.000000,0.037468,0.010421,0.999243,0.000000,-0.000100,48.323811,134.856448,1.000000;;,
   5440;16;0.958489,-0.283210,-0.032986,0.000000,0.282669,0.959005,-0.020164,0.000000,0.037344,0.010003,0.999252,0.000000,-0.000100,48.211024,134.861619,1.000000;;,
   5600;16;0.958489,-0.283210,-0.032986,0.000000,0.282685,0.959009,-0.019727,0.000000,0.037221,0.009584,0.999260,0.000000,-0.000100,48.093216,134.866765,1.000000;;,
   5760;16;0.958489,-0.283210,-0.032986,0.000000,0.282702,0.959014,-0.019273,0.000000,0.037092,0.009148,0.999269,0.000000,-0.000100,47.969053,134.871898,1.000000;;,
   5920;16;0.958489,-0.283210,-0.032986,0.000000,0.282720,0.959018,-0.018793,0.000000,0.036956,0.008687,0.999278,0.000000,-0.000100,47.841347,134.877069,1.000000;;,
   6080;16;0.958489,-0.283210,-0.032986,0.000000,0.282738,0.959022,-0.018284,0.000000,0.036813,0.008199,0.999288,0.000000,-0.000100,47.711270,134.882202,1.000000;;,
   6240;16;0.958489,-0.283210,-0.032986,0.000000,0.282758,0.959027,-0.017746,0.000000,0.036660,0.007682,0.999298,0.000000,-0.000100,47.579856,134.887347,1.000000;;,
   6400;16;0.958489,-0.283210,-0.032986,0.000000,0.282779,0.959031,-0.017178,0.000000,0.036500,0.007137,0.999307,0.000000,-0.000100,47.448054,134.892506,1.000000;;,
   6560;16;0.958489,-0.283210,-0.032986,0.000000,0.282801,0.959035,-0.016574,0.000000,0.036329,0.006557,0.999318,0.000000,-0.000100,47.318077,134.897638,1.000000;;,
   6720;16;0.958489,-0.283210,-0.032986,0.000000,0.282824,0.959039,-0.015939,0.000000,0.036149,0.005948,0.999328,0.000000,-0.000100,47.189098,134.902797,1.000000;;,
   6880;16;0.958490,-0.283210,-0.032986,0.000000,0.282848,0.959043,-0.015272,0.000000,0.035960,0.005308,0.999338,0.000000,-0.000100,47.058794,134.907955,1.000000;;,
   7040;16;0.958489,-0.283210,-0.032986,0.000000,0.282873,0.959046,-0.014574,0.000000,0.035763,0.004638,0.999349,0.000000,-0.000100,46.924573,134.913114,1.000000;;,
   7200;16;0.958489,-0.283210,-0.032986,0.000000,0.282899,0.959049,-0.013848,0.000000,0.035557,0.003941,0.999359,0.000000,-0.000100,46.783622,134.918246,1.000000;;,
   7360;16;0.958489,-0.283210,-0.032986,0.000000,0.282925,0.959052,-0.013103,0.000000,0.035346,0.003226,0.999369,0.000000,-0.000100,46.630346,134.923418,1.000000;;,
   7520;16;0.958489,-0.283210,-0.032986,0.000000,0.282951,0.959054,-0.012355,0.000000,0.035135,0.002509,0.999379,0.000000,-0.000100,46.467930,134.928563,1.000000;;,
   7680;16;0.958489,-0.283210,-0.032986,0.000000,0.282978,0.959056,-0.011599,0.000000,0.034920,0.001783,0.999388,0.000000,-0.000100,46.292742,134.933696,1.000000;;,
   7840;16;0.958489,-0.283210,-0.032986,0.000000,0.283005,0.959057,-0.010823,0.000000,0.034701,0.001038,0.999396,0.000000,-0.000100,46.102006,134.938854,1.000000;;,
   8000;16;0.958489,-0.283210,-0.032986,0.000000,0.283033,0.959057,-0.010016,0.000000,0.034472,0.000264,0.999405,0.000000,-0.000100,45.893862,134.944013,1.000000;;,
   8160;16;0.958489,-0.283210,-0.032986,0.000000,0.283061,0.959057,-0.009190,0.000000,0.034238,-0.000529,0.999413,0.000000,-0.000100,45.686614,134.949171,1.000000;;,
   8320;16;0.958489,-0.283210,-0.032986,0.000000,0.283090,0.959056,-0.008340,0.000000,0.033998,-0.001344,0.999420,0.000000,-0.000100,45.480138,134.954317,1.000000;;,
   8480;16;0.958489,-0.283210,-0.032986,0.000000,0.283120,0.959055,-0.007470,0.000000,0.033751,-0.002179,0.999427,0.000000,-0.000100,45.273530,134.961088,1.000000;;,
   8640;16;0.958489,-0.283209,-0.032986,0.000000,0.283149,0.959053,-0.006604,0.000000,0.033506,-0.003010,0.999433,0.000000,-0.000100,45.071504,134.969562,1.000000;;,
   8800;16;0.958489,-0.283209,-0.032986,0.000000,0.283176,0.959050,-0.005785,0.000000,0.033274,-0.003796,0.999438,0.000000,-0.000100,44.884403,134.977997,1.000000;;,
   8960;16;0.958489,-0.283209,-0.032986,0.000000,0.283200,0.959047,-0.005064,0.000000,0.033070,-0.004488,0.999442,0.000000,-0.000100,44.723146,134.986406,1.000000;;,
   9120;16;0.958489,-0.283209,-0.032986,0.000000,0.283221,0.959044,-0.004405,0.000000,0.032883,-0.005121,0.999445,0.000000,-0.000100,44.578656,134.994842,1.000000;;,
   9280;16;0.958490,-0.283209,-0.032986,0.000000,0.283243,0.959040,-0.003754,0.000000,0.032698,-0.005745,0.999448,0.000000,-0.000100,44.439754,135.003264,1.000000;;,
   9440;16;0.958490,-0.283209,-0.032986,0.000000,0.283265,0.959036,-0.003064,0.000000,0.032503,-0.006407,0.999450,0.000000,-0.000100,44.295264,135.011699,1.000000;;,
   9600;16;0.958490,-0.283209,-0.032986,0.000000,0.283291,0.959031,-0.002287,0.000000,0.032282,-0.007153,0.999452,0.000000,-0.000100,44.134003,135.020160,1.000000;;,
   9760;16;0.958489,-0.283209,-0.032986,0.000000,0.283319,0.959024,-0.001385,0.000000,0.032027,-0.008018,0.999454,0.000000,-0.000100,43.954406,135.028570,1.000000;;,
   9920;16;0.958489,-0.283209,-0.032986,0.000000,0.283351,0.959015,-0.000398,0.000000,0.031747,-0.008965,0.999455,0.000000,-0.000100,43.760608,135.036992,1.000000;;,
   10080;16;0.958490,-0.283209,-0.032986,0.000000,0.283383,0.959006,0.000630,0.000000,0.031456,-0.009952,0.999455,0.000000,-0.000100,43.550246,135.045427,1.000000;;,
   10240;16;0.958490,-0.283209,-0.032986,0.000000,0.283416,0.958995,0.001671,0.000000,0.031160,-0.010951,0.999454,0.000000,-0.000100,43.322205,135.053850,1.000000;;,
   10400;16;0.958490,-0.283209,-0.032986,0.000000,0.283448,0.958983,0.002710,0.000000,0.030866,-0.011948,0.999451,0.000000,-0.000100,43.076634,135.062285,1.000000;;,
   10560;16;0.958489,-0.283209,-0.032986,0.000000,0.283481,0.958970,0.003780,0.000000,0.030563,-0.012974,0.999448,0.000000,-0.000100,42.806624,135.070746,1.000000;;,
   10720;16;0.958489,-0.283209,-0.032986,0.000000,0.283514,0.958955,0.004865,0.000000,0.030255,-0.014015,0.999443,0.000000,-0.000100,42.537328,135.079130,1.000000;;,
   10880;16;0.958490,-0.283209,-0.032986,0.000000,0.283547,0.958939,0.005959,0.000000,0.029944,-0.015065,0.999437,0.000000,-0.000100,42.272035,135.087565,1.000000;;,
   11040;16;0.958490,-0.283209,-0.032986,0.000000,0.283580,0.958922,0.007063,0.000000,0.029631,-0.016124,0.999430,0.000000,-0.000100,42.010486,135.096038,1.000000;;,
   11200;16;0.958490,-0.283209,-0.032986,0.000000,0.283613,0.958903,0.008182,0.000000,0.029314,-0.017198,0.999421,0.000000,-0.000100,41.748931,135.104461,1.000000;;,
   11360;16;0.958490,-0.283209,-0.032986,0.000000,0.283646,0.958883,0.009322,0.000000,0.028990,-0.018292,0.999411,0.000000,-0.000100,41.487386,135.112883,1.000000;;,
   11520;16;0.958490,-0.283209,-0.032986,0.000000,0.283679,0.958861,0.010485,0.000000,0.028660,-0.019407,0.999400,0.000000,-0.000100,41.222403,135.121344,1.000000;;,
   11680;16;0.958490,-0.283209,-0.032986,0.000000,0.283713,0.958838,0.011667,0.000000,0.028324,-0.020542,0.999387,0.000000,-0.000100,40.956013,135.129766,1.000000;;,
   11840;16;0.958490,-0.283209,-0.032987,0.000000,0.283746,0.958813,0.012851,0.000000,0.027988,-0.021678,0.999372,0.000000,-0.000100,40.693034,135.138202,1.000000;;,
   12000;16;0.958490,-0.283209,-0.032987,0.000000,0.283779,0.958787,0.014004,0.000000,0.027661,-0.022784,0.999357,0.000000,-0.000100,40.441203,135.146637,1.000000;;,
   12160;16;0.958490,-0.283209,-0.032987,0.000000,0.283809,0.958761,0.015101,0.000000,0.027350,-0.023836,0.999341,0.000000,-0.000100,40.207933,135.155059,1.000000;;,
   12320;16;0.958490,-0.283209,-0.032987,0.000000,0.283837,0.958736,0.016160,0.000000,0.027049,-0.024852,0.999324,0.000000,-0.000100,39.988032,135.163494,1.000000;;,
   12480;16;0.958490,-0.283209,-0.032987,0.000000,0.283865,0.958710,0.017191,0.000000,0.026756,-0.025841,0.999307,0.000000,-0.000100,39.778570,135.171955,1.000000;;,
   12640;16;0.958490,-0.283209,-0.032987,0.000000,0.283892,0.958683,0.018205,0.000000,0.026468,-0.026814,0.999289,0.000000,-0.000100,39.575219,135.180339,1.000000;;,
   12800;16;0.958490,-0.283209,-0.032987,0.000000,0.283919,0.958655,0.019218,0.000000,0.026180,-0.027786,0.999270,0.000000,-0.000100,39.372342,135.188800,1.000000;;,
   12960;16;0.958490,-0.283209,-0.032987,0.000000,0.283946,0.958625,0.020268,0.000000,0.025882,-0.028793,0.999249,0.000000,-0.000100,39.156966,135.197235,1.000000;;,
   13120;16;0.958490,-0.283208,-0.032987,0.000000,0.283974,0.958593,0.021364,0.000000,0.025570,-0.029845,0.999227,0.000000,-0.000100,38.925318,135.205658,1.000000;;,
   13280;16;0.958490,-0.283209,-0.032987,0.000000,0.284004,0.958558,0.022511,0.000000,0.025244,-0.030945,0.999201,0.000000,-0.000100,38.675914,135.214106,1.000000;;,
   13440;16;0.958490,-0.283208,-0.032987,0.000000,0.284033,0.958521,0.023709,0.000000,0.024904,-0.032094,0.999174,0.000000,-0.000100,38.407939,135.222528,1.000000;;,
   13600;16;0.958490,-0.283208,-0.032987,0.000000,0.284064,0.958480,0.024957,0.000000,0.024549,-0.033291,0.999143,0.000000,-0.000100,38.121290,135.230963,1.000000;;,
   13760;16;0.958490,-0.283208,-0.032987,0.000000,0.284096,0.958435,0.026271,0.000000,0.024175,-0.034552,0.999109,0.000000,-0.000100,37.808365,135.241664,1.000000;;,
   13920;16;0.958490,-0.283208,-0.032987,0.000000,0.284129,0.958387,0.027632,0.000000,0.023788,-0.035857,0.999073,0.000000,-0.000100,37.478982,135.252365,1.000000;;,
   14080;16;0.958490,-0.283208,-0.032987,0.000000,0.284162,0.958336,0.029026,0.000000,0.023392,-0.037195,0.999033,0.000000,-0.000100,37.139430,135.263091,1.000000;;,
   14240;16;0.958490,-0.283208,-0.032987,0.000000,0.284195,0.958283,0.030438,0.000000,0.022990,-0.038549,0.998991,0.000000,-0.000100,36.796576,135.273754,1.000000;;,
   14400;16;0.958490,-0.283208,-0.032987,0.000000,0.284227,0.958227,0.031851,0.000000,0.022588,-0.039904,0.998947,0.000000,-0.000100,36.457862,135.284467,1.000000;;,
   14560;16;0.958490,-0.283208,-0.032987,0.000000,0.284258,0.958171,0.033240,0.000000,0.022193,-0.041237,0.998902,0.000000,-0.000100,36.134061,135.295194,1.000000;;,
   14720;16;0.958490,-0.283208,-0.032987,0.000000,0.284288,0.958113,0.034622,0.000000,0.021800,-0.042563,0.998855,0.000000,-0.000100,35.816234,135.305882,1.000000;;,
   14880;16;0.958490,-0.283208,-0.032987,0.000000,0.284318,0.958053,0.036009,0.000000,0.021405,-0.043894,0.998806,0.000000,-0.000100,35.499654,135.316608,1.000000;;,
   15040;16;0.958490,-0.283208,-0.032987,0.000000,0.284348,0.957990,0.037407,0.000000,0.021007,-0.045234,0.998755,0.000000,-0.000100,35.181978,135.327283,1.000000;;,
   15200;16;0.958490,-0.283208,-0.032987,0.000000,0.284377,0.957926,0.038814,0.000000,0.020607,-0.046584,0.998701,0.000000,-0.000100,34.863312,135.337997,1.000000;;,
   15360;16;0.958490,-0.283208,-0.032987,0.000000,0.284406,0.957858,0.040233,0.000000,0.020202,-0.047945,0.998645,0.000000,-0.000100,34.543670,135.348698,1.000000;;,
   15520;16;0.958490,-0.283208,-0.032987,0.000000,0.284435,0.957789,0.041660,0.000000,0.019796,-0.049314,0.998586,0.000000,-0.000100,34.223594,135.359411,1.000000;;,
   15680;16;0.958490,-0.283208,-0.032987,0.000000,0.284463,0.957717,0.043094,0.000000,0.019388,-0.050689,0.998526,0.000000,-0.000100,33.903344,135.370086,1.000000;;,
   15840;16;0.958490,-0.283208,-0.032987,0.000000,0.284490,0.957643,0.044533,0.000000,0.018978,-0.052069,0.998462,0.000000,-0.000100,33.583184,135.380813,1.000000;;,
   16000;16;0.958490,-0.283208,-0.032987,0.000000,0.284517,0.957567,0.045976,0.000000,0.018567,-0.053453,0.998397,0.000000,-0.000100,33.263418,135.391475,1.000000;;,
   16160;16;0.958490,-0.283208,-0.032987,0.000000,0.284544,0.957489,0.047420,0.000000,0.018155,-0.054837,0.998329,0.000000,-0.000100,32.944870,135.402202,1.000000;;,
   16320;16;0.958490,-0.283208,-0.032987,0.000000,0.284570,0.957409,0.048861,0.000000,0.017744,-0.056220,0.998260,0.000000,-0.000100,32.627773,135.412877,1.000000;;,
   16480;16;0.958490,-0.283208,-0.032987,0.000000,0.284595,0.957327,0.050299,0.000000,0.017334,-0.057599,0.998189,0.000000,-0.000100,32.312477,135.423603,1.000000;;,
   16640;16;0.958490,-0.283208,-0.032987,0.000000,0.284620,0.957243,0.051731,0.000000,0.016926,-0.058973,0.998115,0.000000,-0.000100,31.999331,135.434291,1.000000;;,
   16800;16;0.958490,-0.283208,-0.032987,0.000000,0.284643,0.957158,0.053155,0.000000,0.016520,-0.060338,0.998040,0.000000,-0.000100,31.688640,135.444992,1.000000;;,
   16960;16;0.958490,-0.283208,-0.032987,0.000000,0.284666,0.957072,0.054564,0.000000,0.016118,-0.061689,0.997964,0.000000,-0.000100,31.381773,135.455693,1.000000;;,
   17120;16;0.958490,-0.283207,-0.032987,0.000000,0.284689,0.956985,0.055959,0.000000,0.015720,-0.063028,0.997887,0.000000,-0.000100,31.078074,135.466419,1.000000;;,
   17280;16;0.958490,-0.283208,-0.032987,0.000000,0.284710,0.956896,0.057341,0.000000,0.015326,-0.064352,0.997809,0.000000,-0.000100,30.777667,135.477082,1.000000;;,
   17440;16;0.958490,-0.283207,-0.032987,0.000000,0.284731,0.956807,0.058706,0.000000,0.014936,-0.065662,0.997729,0.000000,-0.000100,30.480624,135.487808,1.000000;;,
   17600;16;0.958490,-0.283207,-0.032987,0.000000,0.284751,0.956718,0.060056,0.000000,0.014551,-0.066956,0.997649,0.000000,-0.000100,30.187008,135.498509,1.000000;;,
   17760;16;0.958490,-0.283207,-0.032987,0.000000,0.284770,0.956628,0.061383,0.000000,0.014172,-0.068229,0.997568,0.000000,-0.000100,29.897930,135.509222,1.000000;;,
   17920;16;0.958490,-0.283207,-0.032987,0.000000,0.284788,0.956537,0.062694,0.000000,0.013798,-0.069486,0.997487,0.000000,-0.000100,29.612154,135.519232,1.000000;;,
   18080;16;0.958490,-0.283207,-0.032987,0.000000,0.284806,0.956447,0.063988,0.000000,0.013429,-0.070727,0.997405,0.000000,-0.000100,29.329597,135.529037,1.000000;;,
   18240;16;0.958490,-0.283207,-0.032987,0.000000,0.284823,0.956355,0.065265,0.000000,0.013064,-0.071952,0.997322,0.000000,-0.000100,29.050138,135.538867,1.000000;;,
   18400;16;0.958490,-0.283207,-0.032987,0.000000,0.284839,0.956263,0.066527,0.000000,0.012704,-0.073161,0.997238,0.000000,-0.000100,28.773658,135.548685,1.000000;;,
   18560;16;0.958490,-0.283207,-0.032987,0.000000,0.284854,0.956177,0.067696,0.000000,0.012370,-0.074283,0.997160,0.000000,-0.000100,28.518413,135.558490,1.000000;;,
   18720;16;0.958490,-0.283207,-0.032987,0.000000,0.284867,0.956096,0.068770,0.000000,0.012063,-0.075312,0.997086,0.000000,-0.000100,28.285802,135.568333,1.000000;;,
   18880;16;0.958490,-0.283207,-0.032987,0.000000,0.284879,0.956017,0.069817,0.000000,0.011764,-0.076317,0.997013,0.000000,-0.000100,28.059325,135.578150,1.000000;;,
   19040;16;0.958490,-0.283207,-0.032987,0.000000,0.284892,0.955933,0.070909,0.000000,0.011452,-0.077363,0.996936,0.000000,-0.000100,27.822803,135.587955,1.000000;;,
   19200;16;0.958490,-0.283207,-0.032987,0.000000,0.284905,0.955839,0.072110,0.000000,0.011108,-0.078515,0.996850,0.000000,-0.000100,27.560416,135.597773,1.000000;;,
   19360;16;0.958490,-0.283207,-0.032987,0.000000,0.284921,0.955729,0.073489,0.000000,0.010714,-0.079837,0.996749,0.000000,-0.000100,27.257907,135.607603,1.000000;;,
   19520;16;0.958490,-0.283207,-0.032987,0.000000,0.284936,0.955609,0.074971,0.000000,0.010291,-0.081258,0.996639,0.000000,-0.000100,26.931283,135.617395,1.000000;;,
   19680;16;0.958490,-0.283207,-0.032987,0.000000,0.284951,0.955486,0.076474,0.000000,0.009861,-0.082700,0.996525,0.000000,-0.000100,26.597242,135.627226,1.000000;;,
   19840;16;0.958490,-0.283207,-0.032987,0.000000,0.284965,0.955362,0.077950,0.000000,0.009439,-0.084115,0.996410,0.000000,-0.000100,26.266291,135.637069,1.000000;;,
   20000;16;0.958490,-0.283207,-0.032987,0.000000,0.284979,0.955240,0.079384,0.000000,0.009029,-0.085490,0.996297,0.000000,-0.000100,25.942758,135.646861,1.000000;;,
   20160;16;0.958490,-0.283207,-0.032987,0.000000,0.284991,0.955117,0.080814,0.000000,0.008620,-0.086860,0.996182,0.000000,-0.000100,25.619227,135.656666,1.000000;;,
   20320;16;0.958490,-0.283207,-0.032987,0.000000,0.285003,0.954992,0.082235,0.000000,0.008213,-0.088223,0.996066,0.000000,-0.000100,25.295694,135.666470,1.000000;;,
   20480;16;0.958490,-0.283207,-0.032987,0.000000,0.285015,0.954866,0.083647,0.000000,0.007809,-0.089577,0.995948,0.000000,-0.000100,24.972166,135.676301,1.000000;;,
   20640;16;0.958490,-0.283207,-0.032987,0.000000,0.285025,0.954739,0.085046,0.000000,0.007409,-0.090918,0.995830,0.000000,-0.000100,24.648634,135.686106,1.000000;;,
   20800;16;0.958490,-0.283207,-0.032987,0.000000,0.285035,0.954611,0.086433,0.000000,0.007012,-0.092248,0.995711,0.000000,-0.000100,24.325102,135.695923,1.000000;;,
   20960;16;0.958490,-0.283207,-0.032987,0.000000,0.285045,0.954483,0.087806,0.000000,0.006619,-0.093564,0.995590,0.000000,-0.000100,24.001568,135.705754,1.000000;;,
   21120;16;0.958490,-0.283207,-0.032987,0.000000,0.285054,0.954352,0.089194,0.000000,0.006221,-0.094895,0.995467,0.000000,-0.000100,23.670618,135.715558,1.000000;;,
   21280;16;0.958490,-0.283207,-0.032987,0.000000,0.285062,0.954219,0.090575,0.000000,0.005826,-0.096219,0.995342,0.000000,-0.000100,23.336576,135.725402,1.000000;;,
   21440;16;0.958490,-0.283207,-0.032987,0.000000,0.285069,0.954090,0.091905,0.000000,0.005445,-0.097494,0.995220,0.000000,-0.000100,23.009952,135.735219,1.000000;;,
   21600;16;0.958490,-0.283207,-0.032987,0.000000,0.285076,0.953970,0.093126,0.000000,0.005095,-0.098664,0.995107,0.000000,-0.000100,22.707445,135.745037,1.000000;;,
   21760;16;0.958490,-0.283207,-0.032987,0.000000,0.285081,0.953865,0.094181,0.000000,0.004793,-0.099676,0.995008,0.000000,-0.000100,22.441514,135.754842,1.000000;;,
   21920;16;0.958490,-0.283206,-0.032987,0.000000,0.285085,0.953770,0.095124,0.000000,0.004523,-0.100580,0.994918,0.000000,-0.000100,22.198830,135.764659,1.000000;;,
   22080;16;0.958490,-0.283206,-0.032988,0.000000,0.285089,0.953679,0.096016,0.000000,0.004267,-0.101435,0.994832,0.000000,-0.000100,21.968317,135.774477,1.000000;;,
   22240;16;0.958490,-0.283206,-0.032988,0.000000,0.285093,0.953587,0.096919,0.000000,0.004008,-0.102301,0.994745,0.000000,-0.000100,21.737830,135.784307,1.000000;;,
   22400;16;0.958490,-0.283206,-0.032988,0.000000,0.285097,0.953485,0.097902,0.000000,0.003727,-0.103242,0.994649,0.000000,-0.000100,21.494200,135.794112,1.000000;;,
   22560;16;0.958490,-0.283206,-0.032988,0.000000,0.285101,0.953372,0.098989,0.000000,0.003415,-0.104285,0.994541,0.000000,-0.000100,21.234450,135.818867,1.000000;;,
   22720;16;0.958490,-0.283206,-0.032988,0.000000,0.285104,0.953252,0.100125,0.000000,0.003090,-0.105374,0.994427,0.000000,-0.000100,20.969584,135.843648,1.000000;;,
   22880;16;0.958491,-0.283206,-0.032988,0.000000,0.285108,0.953127,0.101300,0.000000,0.002753,-0.106500,0.994308,0.000000,-0.000100,20.699998,135.868403,1.000000;;,
   23040;16;0.958490,-0.283206,-0.032988,0.000000,0.285111,0.952997,0.102499,0.000000,0.002409,-0.107649,0.994185,0.000000,-0.000100,20.426603,135.893171,1.000000;;,
   23200;16;0.958490,-0.283206,-0.032988,0.000000,0.285114,0.952867,0.103702,0.000000,0.002064,-0.108803,0.994060,0.000000,-0.000100,20.150843,135.917952,1.000000;;,
   23360;16;0.958490,-0.283206,-0.032988,0.000000,0.285116,0.952738,0.104871,0.000000,0.001729,-0.109923,0.993938,0.000000,-0.000100,19.875587,135.942720,1.000000;;,
   23520;16;0.958490,-0.283206,-0.032988,0.000000,0.285117,0.952613,0.105996,0.000000,0.001406,-0.111001,0.993818,0.000000,-0.000100,19.602579,135.967462,1.000000;;,
   23680;16;0.958491,-0.283206,-0.032988,0.000000,0.285119,0.952491,0.107083,0.000000,0.001094,-0.112043,0.993702,0.000000,-0.000100,19.331269,135.992218,1.000000;;,
   23840;16;0.958490,-0.283206,-0.032988,0.000000,0.285120,0.952372,0.108133,0.000000,0.000793,-0.113050,0.993588,0.000000,-0.000100,19.060904,136.016998,1.000000;;,
   24000;16;0.958490,-0.283206,-0.032988,0.000000,0.285120,0.952257,0.109142,0.000000,0.000503,-0.114017,0.993478,0.000000,-0.000100,18.790534,136.041779,1.000000;;,
   24160;16;0.958491,-0.283206,-0.032988,0.000000,0.285121,0.952148,0.110090,0.000000,0.000231,-0.114925,0.993373,0.000000,-0.000100,18.520170,136.066547,1.000000;;,
   24320;16;0.958490,-0.283206,-0.032988,0.000000,0.285121,0.952040,0.111013,0.000000,-0.000034,-0.115810,0.993270,0.000000,-0.000100,18.240501,136.091725,1.000000;;,
   24480;16;0.958491,-0.283206,-0.032988,0.000000,0.285121,0.951937,0.111897,0.000000,-0.000288,-0.116658,0.993171,0.000000,-0.000100,17.956960,136.117069,1.000000;;,
   24640;16;0.958490,-0.283206,-0.032988,0.000000,0.285120,0.951839,0.112732,0.000000,-0.000527,-0.117458,0.993077,0.000000,-0.000100,17.682715,136.142362,1.000000;;,
   24800;16;0.958491,-0.283206,-0.032988,0.000000,0.285120,0.951747,0.113505,0.000000,-0.000749,-0.118199,0.992989,0.000000,-0.000100,17.438699,136.167680,1.000000;;,
   24960;16;0.958491,-0.283206,-0.032988,0.000000,0.285119,0.951660,0.114232,0.000000,-0.000958,-0.118896,0.992905,0.000000,-0.000100,17.230896,136.192973,1.000000;;,
   25120;16;0.958490,-0.283206,-0.032988,0.000000,0.285118,0.951577,0.114920,0.000000,-0.001156,-0.119555,0.992826,0.000000,-0.000100,17.045091,136.218317,1.000000;;,
   25280;16;0.958491,-0.283206,-0.032988,0.000000,0.285118,0.951500,0.115559,0.000000,-0.001339,-0.120167,0.992752,0.000000,-0.000100,16.880333,136.243635,1.000000;;,
   25440;16;0.958490,-0.283206,-0.032988,0.000000,0.285117,0.951429,0.116144,0.000000,-0.001507,-0.120728,0.992684,0.000000,-0.000100,16.732397,136.268954,1.000000;;,
   25600;16;0.958491,-0.283206,-0.032988,0.000000,0.285116,0.951364,0.116682,0.000000,-0.001661,-0.121244,0.992621,0.000000,-0.000100,16.593800,136.294272,1.000000;;,
   25760;16;0.958491,-0.283206,-0.032988,0.000000,0.285115,0.951302,0.117187,0.000000,-0.001807,-0.121728,0.992561,0.000000,-0.000100,16.461024,136.319590,1.000000;;,
   25920;16;0.958491,-0.283206,-0.032988,0.000000,0.285114,0.951242,0.117674,0.000000,-0.001947,-0.122195,0.992503,0.000000,-0.000100,16.335320,136.344896,1.000000;;,
   26080;16;0.958491,-0.283205,-0.032988,0.000000,0.285113,0.951185,0.118140,0.000000,-0.002080,-0.122642,0.992448,0.000000,-0.000100,16.216918,136.371584,1.000000;;,
   26240;16;0.958491,-0.283205,-0.032988,0.000000,0.285112,0.951130,0.118584,0.000000,-0.002208,-0.123067,0.992395,0.000000,-0.000100,16.105773,136.399654,1.000000;;,
   26400;16;0.958491,-0.283205,-0.032988,0.000000,0.285111,0.951078,0.119002,0.000000,-0.002328,-0.123468,0.992345,0.000000,-0.000100,16.001562,136.427699,1.000000;;,
   26560;16;0.958491,-0.283205,-0.032988,0.000000,0.285110,0.951030,0.119388,0.000000,-0.002439,-0.123837,0.992299,0.000000,-0.000100,15.904554,136.455718,1.000000;;,
   26720;16;0.958491,-0.283205,-0.032988,0.000000,0.285109,0.950984,0.119752,0.000000,-0.002543,-0.124186,0.992255,0.000000,-0.000100,15.810571,136.483789,1.000000;;,
   26880;16;0.958491,-0.283205,-0.032988,0.000000,0.285108,0.950941,0.120098,0.000000,-0.002643,-0.124518,0.992213,0.000000,-0.000100,15.717939,136.511859,1.000000;;,
   27040;16;0.958491,-0.283205,-0.032988,0.000000,0.285107,0.950899,0.120431,0.000000,-0.002738,-0.124837,0.992173,0.000000,-0.000100,15.625138,136.539930,1.000000;;,
   27200;16;0.958491,-0.283205,-0.032988,0.000000,0.285106,0.950859,0.120753,0.000000,-0.002831,-0.125146,0.992133,0.000000,-0.000100,15.530837,136.567962,1.000000;;,
   27360;16;0.958491,-0.283205,-0.032988,0.000000,0.285105,0.950819,0.121068,0.000000,-0.002922,-0.125448,0.992095,0.000000,-0.000100,15.432877,136.596019,1.000000;;,
   27520;16;0.958491,-0.283205,-0.032988,0.000000,0.285104,0.950780,0.121375,0.000000,-0.003010,-0.125742,0.992058,0.000000,-0.000100,15.334187,136.624064,1.000000;;,
   27680;16;0.958491,-0.283205,-0.032988,0.000000,0.285103,0.950743,0.121669,0.000000,-0.003094,-0.126023,0.992022,0.000000,-0.000100,15.236429,136.650650,1.000000;;,
   27840;16;0.958491,-0.283205,-0.032988,0.000000,0.285102,0.950707,0.121946,0.000000,-0.003174,-0.126289,0.991987,0.000000,-0.000100,15.140392,136.675802,1.000000;;,
   28000;16;0.958491,-0.283205,-0.032988,0.000000,0.285101,0.950674,0.122207,0.000000,-0.003249,-0.126540,0.991955,0.000000,-0.000100,15.046005,136.700928,1.000000;;,
   28160;16;0.958491,-0.283205,-0.032988,0.000000,0.285101,0.950644,0.122446,0.000000,-0.003317,-0.126768,0.991926,0.000000,-0.000100,14.953379,136.726054,1.000000;;,
   28320;16;0.958491,-0.283205,-0.032988,0.000000,0.285100,0.950615,0.122670,0.000000,-0.003382,-0.126983,0.991898,0.000000,-0.000100,14.861499,136.751181,1.000000;;,
   28480;16;0.958491,-0.283205,-0.032988,0.000000,0.285099,0.950588,0.122879,0.000000,-0.003442,-0.127184,0.991872,0.000000,-0.000100,14.769866,136.776307,1.000000;;,
   28640;16;0.958491,-0.283205,-0.032988,0.000000,0.285098,0.950562,0.123080,0.000000,-0.003499,-0.127376,0.991847,0.000000,-0.000100,14.677986,136.801408,1.000000;;,
   28800;16;0.958491,-0.283205,-0.032988,0.000000,0.285098,0.950537,0.123280,0.000000,-0.003557,-0.127568,0.991823,0.000000,-0.000100,14.585358,136.826534,1.000000;;,
   28960;16;0.958491,-0.283205,-0.032988,0.000000,0.285097,0.950512,0.123476,0.000000,-0.003613,-0.127755,0.991798,0.000000,-0.000100,14.490971,136.851648,1.000000;;,
