xof 0303txt 0032
template Frame {
 <3d82ab46-62da-11cf-ab39-0020af71e433>
 [...]
}

template Matrix4x4 {
 <f6f23f45-7686-11cf-8f52-0040333594a3>
 array FLOAT matrix[16];
}

template FrameTransformMatrix {
 <f6f23f41-7686-11cf-8f52-0040333594a3>
 Matrix4x4 frameMatrix;
}

template AnimTicksPerSecond {
 <9e415a43-7ba6-4a73-8743-b73d47e88476>
 DWORD AnimTicksPerSecond;
}

template Animation {
 <3d82ab4f-62da-11cf-ab39-0020af71e433>
 [...]
}

template AnimationSet {
 <3d82ab50-62da-11cf-ab39-0020af71e433>
 [Animation <3d82ab4f-62da-11cf-ab39-0020af71e433>]
}

template FloatKeys {
 <10dd46a9-775b-11cf-8f52-0040333594a3>
 DWORD nValues;
 array FLOAT values[nValues];
}

template TimedFloatKeys {
 <f406b180-7b3b-11cf-8f52-0040333594a3>
 DWORD time;
 FloatKeys tfkeys;
}

template AnimationKey {
 <10dd46a8-775b-11cf-8f52-0040333594a3>
 DWORD keyType;
 DWORD nKeys;
 array TimedFloatKeys keys[nKeys];
}


Frame ARM_bear_framework {
 

 FrameTransformMatrix {
  -0.003937,0.000000,-0.000000,0.000000,-0.000000,-0.000000,0.003937,0.000000,-0.000000,0.003937,0.000000,0.000000,0.000000,0.000000,0.000000,1.000000;;
 }

 Frame _0__-com {
  

  FrameTransformMatrix {
   0.958514,-0.283135,-0.032925,0.000000,0.285043,0.952103,0.110679,0.000000,0.000011,-0.115472,0.993310,0.000000,-0.000100,9.157800,142.071706,1.000000;;
  }

  Frame _1___body {
   

   FrameTransformMatrix {
    0.000055,0.000118,0.999999,0.000000,0.999999,0.000055,-0.000055,0.000000,-0.000055,0.999999,-0.000118,0.000000,-0.000772,0.002590,-66.889152,1.000000;;
   }

   Frame _3___chest {
    

    FrameTransformMatrix {
     -0.392023,0.121802,-0.911857,0.000000,0.042313,0.992535,0.114388,0.000000,0.918982,0.006260,-0.394251,0.000000,56.327981,-0.009901,21.814792,1.000000;;
    }

    Frame _7___neck1 {
     

     FrameTransformMatrix {
      0.524274,-0.000085,-0.851550,0.000000,-0.109063,0.991758,-0.067246,0.000000,0.844537,0.128128,0.519943,0.000000,-0.010994,0.000001,102.579514,1.000000;;
     }

     Frame _10___claviclel {
      

      FrameTransformMatrix {
       -0.231568,0.937855,-0.258461,0.000000,-0.791547,-0.027196,0.610501,0.000000,0.565533,0.345957,0.748655,0.000000,10.181198,20.332699,-31.521293,1.000000;;
      }

      Frame _15___arm1l {
       

       FrameTransformMatrix {
        0.432926,-0.503682,-0.747582,0.000000,0.901424,0.239041,0.360962,0.000000,-0.003107,-0.830159,0.557518,0.000000,-0.001823,0.002014,50.674643,1.000000;;
       }

       Frame _20___arm2l {
        

        FrameTransformMatrix {
         0.173415,0.000000,0.984849,0.000000,0.000000,1.000000,-0.000000,0.000000,-0.984849,0.000000,0.173415,0.000000,0.001472,0.000671,57.367264,1.000000;;
        }

        Frame _23___hand1l {
         

         FrameTransformMatrix {
          0.484341,-0.277306,-0.829769,0.000000,0.740463,0.635081,0.219970,0.000000,0.465971,-0.720954,0.512931,0.000000,-0.001663,0.001694,60.926362,1.000000;;
         }

         Frame _25___hand2l {
          

          FrameTransformMatrix {
           0.801219,-0.000618,0.598371,0.000000,0.000804,1.000000,-0.000044,0.000000,-0.598371,0.000517,0.801219,0.000000,2.006294,0.006878,18.801040,1.000000;;
          }

          Frame _25___hand2l_end {
           

           FrameTransformMatrix {
            1.000000,0.000000,0.000000,0.000000,0.000000,1.000000,0.000000,0.000000,-0.000000,0.000000,1.000000,0.000000,-0.000015,0.000004,1.000004,1.000000;;
           }
          }
         }
        }
       }
      }
     }

     Frame _11___clavicler {
      

      FrameTransformMatrix {
       -0.231326,-0.841417,-0.488370,0.000000,0.791570,0.129057,-0.597295,0.000000,0.565602,-0.524749,0.636186,0.000000,10.184601,-11.652796,-35.653290,1.000000;;
      }

      Frame _16___arm1r {
       

       FrameTransformMatrix {
        0.126207,0.538156,-0.833343,0.000000,-0.988556,0.138215,-0.060458,0.000000,0.082645,0.831435,0.549441,0.000000,-0.000950,0.000610,50.676749,1.000000;;
       }

       Frame _21___arm2r {
        

        FrameTransformMatrix {
         0.398606,0.000000,0.917122,0.000000,0.000000,1.000000,-0.000000,0.000000,-0.917123,0.000000,0.398606,0.000000,0.000689,-0.000526,57.363706,1.000000;;
        }

        Frame _24___hand1r {
         

         FrameTransformMatrix {
          0.450372,0.571560,-0.685918,0.000000,-0.802374,0.596059,-0.030155,0.000000,0.391613,0.563944,0.727053,0.000000,0.002670,-0.002838,60.929843,1.000000;;
         }

         Frame _26___hand2r {
          

          FrameTransformMatrix {
           0.585338,0.000483,-0.810790,0.000000,-0.000814,1.000000,0.000007,0.000000,0.810790,0.000656,0.585338,0.000000,2.006851,-0.005722,18.800102,1.000000;;
          }

          Frame _26___hand2r_end {
           

           FrameTransformMatrix {
            1.000000,0.000000,0.000000,0.000000,0.000000,1.000000,0.000000,0.000000,0.000000,0.000000,1.000000,0.000000,0.000000,0.000000,1.000015,1.000000;;
           }
          }
         }
        }
       }
      }
     }

     Frame _12___neck2 {
      

      FrameTransformMatrix {
       0.938857,0.000000,-0.344306,0.000000,-0.000000,1.000000,0.000000,0.000000,0.344306,-0.000000,0.938857,0.000000,-0.019409,0.000000,26.410090,1.000000;;
      }

      Frame _17___head {
       

       FrameTransformMatrix {
        0.244865,0.046520,0.968441,0.000000,0.182652,0.978750,-0.093198,0.000000,-0.952198,0.199708,0.231164,0.000000,0.000992,0.000910,25.879234,1.000000;;
       }

       Frame _22___head2 {
        

        FrameTransformMatrix {
         0.036089,0.000000,-0.999349,0.000000,0.000000,1.000000,-0.000000,0.000000,0.999349,0.000000,0.036089,0.000000,22.452080,0.000000,-18.316101,1.000000;;
        }

        Frame _22___head2_end {
         

         FrameTransformMatrix {
          1.000000,-0.000000,0.000000,0.000000,-0.000000,1.000000,-0.000000,0.000000,0.000000,0.000000,1.000000,0.000000,0.000000,-0.000004,0.999985,1.000000;;
         }
        }
       }
      }
     }
    }
   }

   Frame _4___leg1l {
    

    FrameTransformMatrix {
     0.962386,-0.089553,-0.256503,0.000000,-0.216716,-0.822426,-0.525973,0.000000,-0.163852,0.561777,-0.810898,0.000000,-0.000435,34.857475,0.001446,1.000000;;
    }

    Frame _8___leg2l {
     

     FrameTransformMatrix {
      -0.021302,-0.000000,0.999773,0.000000,0.000000,1.000000,-0.000000,0.000000,-0.999773,0.000000,-0.021302,0.000000,-0.002022,0.001926,58.025984,1.000000;;
     }

     Frame _13___foot1l {
      

      FrameTransformMatrix {
       0.951774,-0.173389,-0.253107,0.000000,0.097935,0.953530,-0.284937,0.000000,0.290750,0.246408,0.924525,0.000000,0.001747,0.000961,55.121107,1.000000;;
      }

      Frame _18___foot2l {
       

       FrameTransformMatrix {
        -0.000042,-0.000002,-1.000042,0.000000,-0.083058,0.996545,0.000002,0.000000,0.996586,0.083061,-0.000042,0.000000,14.380859,-0.000393,7.796202,1.000000;;
       }

       Frame _18___foot2l_end {
        

        FrameTransformMatrix {
         1.000000,0.000000,0.000000,0.000000,-0.000000,1.000000,0.000000,0.000000,-0.000000,-0.000000,1.000000,0.000000,-0.000000,0.000000,1.000000,1.000000;;
        }
       }
      }
     }
    }
   }

   Frame _5___leg1r {
    

    FrameTransformMatrix {
     0.886661,0.056500,-0.458956,0.000000,0.190120,-0.949283,0.250433,0.000000,-0.421530,-0.309306,-0.852434,0.000000,0.000465,-34.857491,-0.001366,1.000000;;
    }

    Frame _9___leg2r {
     

     FrameTransformMatrix {
      -0.182967,-0.000000,0.983119,0.000000,0.000000,1.000000,0.000000,0.000000,-0.983119,-0.000000,-0.182967,0.000000,-0.002029,0.000404,58.024480,1.000000;;
     }

     Frame _14___foot1r {
      

      FrameTransformMatrix {
       0.727190,-0.088527,-0.680703,0.000000,0.232668,0.964735,0.123091,0.000000,0.645801,-0.247889,0.722143,0.000000,0.001213,-0.001575,55.123002,1.000000;;
      }

      Frame _19___foot2r {
       

       FrameTransformMatrix {
        -0.000036,-0.000001,-0.999999,0.000000,-0.055403,0.998464,0.000001,0.000000,0.998463,0.055403,-0.000036,0.000000,14.380859,0.000389,7.796200,1.000000;;
       }

       Frame _19___foot2r_end {
        

        FrameTransformMatrix {
         1.000000,-0.000000,0.000000,0.000000,-0.000000,1.000000,-0.000000,0.000000,0.000000,-0.000000,1.000000,0.000000,-0.000000,-0.000004,1.000000,1.000000;;
        }
       }
      }
     }
    }
   }

   Frame _6___tail1 {
    

    FrameTransformMatrix {
     0.794326,0.000000,0.607492,0.000000,0.000000,1.000000,0.000000,0.000000,-0.607492,0.000000,0.794325,0.000000,-19.609200,-0.000001,8.998894,1.000000;;
    }

    Frame _6___tail1_end {
     

     FrameTransformMatrix {
      1.000000,0.000000,-0.000000,0.000000,0.000000,1.000000,0.000000,0.000000,0.000000,-0.000000,1.000000,0.000000,0.000011,0.000000,0.999998,1.000000;;
     }
    }
   }
  }

  Frame _2__-footsteps {
   

   FrameTransformMatrix {
    -0.283145,0.952102,-0.115463,0.000000,-0.032916,0.110672,0.993312,0.000000,0.958512,0.285052,0.000004,0.000000,4.675402,-15.720603,-141.121677,1.000000;;
   }

   Frame _2__-footsteps_end {
    

    FrameTransformMatrix {
     1.000000,0.000000,0.000000,0.000000,0.000000,1.000000,0.000000,0.000000,0.000000,0.000000,1.000000,0.000000,0.000001,0.000000,1.000000,1.000000;;
    }
   }
  }
 }
}

AnimTicksPerSecond  {
 4800;
}

AnimationSet Dummy {
 

 Animation {
  
  { ARM_bear_framework }

  AnimationKey  {
   4;
   2;
   0;16;-0.003937,0.000000,-0.000000,0.000000,-0.000000,-0.000000,0.003937,0.000000,-0.000000,0.003937,0.000000,0.000000,0.000000,0.000000,0.000000,1.000000;;,
   41600;16;-0.003937,0.000000,-0.000000,0.000000,-0.000000,-0.000000,0.003937,0.000000,-0.000000,0.003937,0.000000,0.000000,0.000000,0.000000,0.000000,1.000000;;;
  }
 }

 Animation {
  
  { _0__-com }

  AnimationKey  {
   4;
   246;
   0;16;0.958514,-0.283135,-0.032925,0.000000,0.285043,0.952103,0.110679,0.000000,0.000011,-0.115472,0.993310,0.000000,-0.000100,9.157800,142.071706,1.000000;;,
   160;16;0.958282,-0.283955,-0.032605,0.000000,0.285820,0.951692,0.112195,0.000000,-0.000829,-0.116833,0.993151,0.000000,-0.178398,9.160199,141.885120,1.000000;;,
   320;16;0.957736,-0.285878,-0.031836,0.000000,0.287632,0.950738,0.115605,0.000000,-0.002782,-0.119877,0.992784,0.000000,-0.590050,9.162599,141.460467,1.000000;;,
   480;16;0.957055,-0.288257,-0.030854,0.000000,0.289857,0.949565,0.119616,0.000000,-0.005183,-0.123422,0.992340,0.000000,-1.090221,9.164999,140.953741,1.000000;;,
   640;16;0.956358,-0.290670,-0.029817,0.000000,0.292097,0.948393,0.123408,0.000000,-0.007593,-0.126732,0.991908,0.000000,-1.585084,9.167398,140.464397,1.000000;;,
   800;16;0.955703,-0.292919,-0.028805,0.000000,0.294168,0.947326,0.126643,0.000000,-0.009809,-0.129507,0.991530,0.000000,-2.031818,9.169796,140.035597,1.000000;;,
   960;16;0.954974,-0.295397,-0.027645,0.000000,0.296436,0.946176,0.129911,0.000000,-0.012218,-0.132257,0.991140,0.000000,-2.511029,9.211033,139.589555,1.000000;;,
   1120;16;0.954204,-0.297986,-0.026419,0.000000,0.298792,0.944977,0.133197,0.000000,-0.014726,-0.134991,0.990737,0.000000,-3.010253,9.260616,139.133619,1.000000;;,
   1280;16;0.953391,-0.300687,-0.025130,0.000000,0.301237,0.943725,0.136527,0.000000,-0.017336,-0.137733,0.990317,0.000000,-3.532664,9.316590,138.664576,1.000000;;,
   1440;16;0.952534,-0.303501,-0.023779,0.000000,0.303770,0.942417,0.139903,0.000000,-0.020051,-0.140485,0.989879,0.000000,-4.078887,9.379263,138.181926,1.000000;;,
   1600;16;0.951628,-0.306436,-0.022356,0.000000,0.306398,0.941055,0.143304,0.000000,-0.022875,-0.143223,0.989426,0.000000,-4.646999,9.451216,137.688090,1.000000;;,
   1760;16;0.950742,-0.309271,-0.020983,0.000000,0.308923,0.939732,0.146526,0.000000,-0.025597,-0.145790,0.988984,0.000000,-5.182920,9.518924,137.222067,1.000000;;,
   1920;16;0.949879,-0.311997,-0.019668,0.000000,0.311340,0.938448,0.149607,0.000000,-0.028220,-0.148232,0.988549,0.000000,-5.688986,9.580973,136.779712,1.000000;;,
   2080;16;0.949029,-0.314650,-0.018389,0.000000,0.313681,0.937190,0.152574,0.000000,-0.030773,-0.150565,0.988121,0.000000,-6.172937,9.639664,136.355891,1.000000;;,
   2240;16;0.948186,-0.317251,-0.017136,0.000000,0.315966,0.935950,0.155443,0.000000,-0.033276,-0.152804,0.987696,0.000000,-6.639914,9.696292,135.946957,1.000000;;,
   2400;16;0.947349,-0.319807,-0.015904,0.000000,0.318202,0.934725,0.158231,0.000000,-0.035737,-0.154961,0.987274,0.000000,-7.092458,9.751171,135.550630,1.000000;;,
   2560;16;0.946509,-0.322341,-0.014689,0.000000,0.320409,0.933501,0.160976,0.000000,-0.038177,-0.157072,0.986849,0.000000,-7.537487,9.805138,135.160922,1.000000;;,
   2720;16;0.945654,-0.324893,-0.013476,0.000000,0.322622,0.932254,0.163756,0.000000,-0.040640,-0.159204,0.986409,0.000000,-7.988153,9.859791,134.766246,1.000000;;,
   2880;16;0.944778,-0.327480,-0.012259,0.000000,0.324857,0.930973,0.166605,0.000000,-0.043147,-0.161387,0.985947,0.000000,-8.450318,9.915838,134.361536,1.000000;;,
   3040;16;0.943875,-0.330117,-0.011034,0.000000,0.327123,0.929647,0.169547,0.000000,-0.045712,-0.163641,0.985460,0.000000,-8.928188,9.973790,133.943053,1.000000;;,
   3200;16;0.942942,-0.332811,-0.009801,0.000000,0.329427,0.928271,0.172597,0.000000,-0.048345,-0.165977,0.984943,0.000000,-9.424301,10.033951,133.508595,1.000000;;,
   3360;16;0.941947,-0.335651,-0.008517,0.000000,0.331844,0.926801,0.175837,0.000000,-0.051126,-0.168456,0.984382,0.000000,-9.960222,10.101658,133.041357,1.000000;;,
   3520;16;0.940913,-0.338569,-0.007219,0.000000,0.334314,0.925265,0.179216,0.000000,-0.053998,-0.171040,0.983783,0.000000,-10.520286,10.172552,132.553165,1.000000;;,
   3680;16;0.939887,-0.341434,-0.005974,0.000000,0.336723,0.923724,0.182625,0.000000,-0.056836,-0.173659,0.983164,0.000000,-11.073806,10.238318,132.067418,1.000000;;,
   3840;16;0.938890,-0.344181,-0.004813,0.000000,0.339020,0.922209,0.186001,0.000000,-0.059580,-0.176266,0.982538,0.000000,-11.604475,10.296094,131.596902,1.000000;;,
   4000;16;0.937924,-0.346820,-0.003724,0.000000,0.341211,0.920724,0.189320,0.000000,-0.062231,-0.178838,0.981908,0.000000,-12.110371,10.348461,131.144115,1.000000;;,
   4160;16;0.937002,-0.349313,-0.002742,0.000000,0.343268,0.919275,0.192613,0.000000,-0.064761,-0.181420,0.981270,0.000000,-12.589588,10.389698,130.708301,1.000000;;,
   4320;16;0.936135,-0.351636,-0.001879,0.000000,0.345169,0.917872,0.195878,0.000000,-0.067153,-0.184016,0.980626,0.000000,-13.044438,10.401807,130.287078,1.000000;;,
   4480;16;0.935308,-0.353833,-0.001105,0.000000,0.346953,0.916501,0.199120,0.000000,-0.069442,-0.186622,0.979974,0.000000,-13.482085,10.404203,129.876083,1.000000;;,
   4640;16;0.934521,-0.355905,-0.000419,0.000000,0.348623,0.915161,0.202340,0.000000,-0.071630,-0.189237,0.979315,0.000000,-13.902690,10.406603,129.475187,1.000000;;,
   4800;16;0.933793,-0.357813,0.000153,0.000000,0.350144,0.913869,0.205530,0.000000,-0.073681,-0.191869,0.978650,0.000000,-14.299414,10.409002,129.088640,1.000000;;,
   4960;16;0.933176,-0.359419,0.000525,0.000000,0.351405,0.912673,0.208667,0.000000,-0.075478,-0.194539,0.977986,0.000000,-14.652685,10.411401,128.728128,1.000000;;,
   5120;16;0.932581,-0.360960,0.000849,0.000000,0.352599,0.911477,0.211857,0.000000,-0.077246,-0.197274,0.977300,0.000000,-14.989274,10.395656,128.374208,1.000000;;,
   5280;16;0.932046,-0.362337,0.001064,0.000000,0.353647,0.910324,0.215044,0.000000,-0.078887,-0.200055,0.976603,0.000000,-15.299280,10.355339,128.034803,1.000000;;,
   5440;16;0.931649,-0.363356,0.001075,0.000000,0.354389,0.909305,0.218110,0.000000,-0.080229,-0.202821,0.975923,0.000000,-15.571230,10.293524,127.721574,1.000000;;,
   5600;16;0.931506,-0.363723,0.000754,0.000000,0.354585,0.908562,0.220870,0.000000,-0.081021,-0.205474,0.975303,0.000000,-15.792099,10.222800,127.450010,1.000000;;,
   5760;16;0.931363,-0.364091,0.000263,0.000000,0.354851,0.907890,0.223196,0.000000,-0.081502,-0.207784,0.974773,0.000000,-15.973734,10.159578,127.225613,1.000000;;,
   5920;16;0.931341,-0.364146,-0.000177,0.000000,0.354824,0.907388,0.225269,0.000000,-0.081870,-0.209865,0.974296,0.000000,-16.124445,10.094945,127.047014,1.000000;;,
   6080;16;0.931360,-0.364097,-0.000591,0.000000,0.354697,0.906945,0.227245,0.000000,-0.082204,-0.211857,0.973837,0.000000,-16.232869,10.018597,126.883661,1.000000;;,
   6240;16;0.931379,-0.364049,-0.001006,0.000000,0.354565,0.906483,0.229287,0.000000,-0.082560,-0.213910,0.973358,0.000000,-16.289570,9.922900,126.720832,1.000000;;,
   6400;16;0.931397,-0.364000,-0.001453,0.000000,0.354421,0.905962,0.231556,0.000000,-0.082970,-0.216186,0.972820,0.000000,-16.287066,9.802900,126.559514,1.000000;;,
   6560;16;0.931415,-0.363951,-0.002230,0.000000,0.354322,0.905339,0.234131,0.000000,-0.083193,-0.218863,0.972202,0.000000,-16.284560,9.654088,126.398170,1.000000;;,
   6720;16;0.931757,-0.363064,-0.003498,0.000000,0.353510,0.904958,0.236814,0.000000,-0.082813,-0.221890,0.971548,0.000000,-16.282054,9.475902,126.274854,1.000000;;,
   6880;16;0.932306,-0.361634,-0.005086,0.000000,0.352250,0.904746,0.239485,0.000000,-0.082004,-0.225065,0.970886,0.000000,-16.250645,9.271590,126.164198,1.000000;;,
   7040;16;0.932895,-0.360084,-0.006734,0.000000,0.350895,0.904562,0.242156,0.000000,-0.081106,-0.228269,0.970214,0.000000,-16.190080,9.069676,126.125594,1.000000;;,
   7200;16;0.933317,-0.358960,-0.008094,0.000000,0.349884,0.904195,0.244973,0.000000,-0.080617,-0.231469,0.969496,0.000000,-16.128784,8.923976,126.303142,1.000000;;,
   7360;16;0.933900,-0.357401,-0.009716,0.000000,0.348523,0.903966,0.247742,0.000000,-0.079760,-0.234753,0.968777,0.000000,-15.958110,8.757104,126.920602,1.000000;;,
   7520;16;0.935371,-0.353439,-0.012734,0.000000,0.345246,0.904693,0.249670,0.000000,-0.076722,-0.237930,0.968247,0.000000,-15.580136,8.337997,127.757312,1.000000;;,
   7680;16;0.938680,-0.344271,-0.018860,0.000000,0.337779,0.907251,0.250600,0.000000,-0.069163,-0.241604,0.967907,0.000000,-14.519893,7.563959,128.794611,1.000000;;,
   7840;16;0.944537,-0.327046,-0.029815,0.000000,0.323812,0.912361,0.250484,0.000000,-0.054718,-0.246246,0.967661,0.000000,-12.298762,6.333356,130.037517,1.000000;;,
   8000;16;0.953137,-0.298806,-0.047373,0.000000,0.300949,0.920401,0.249581,0.000000,-0.030974,-0.252142,0.967194,0.000000,-8.434478,4.545590,131.514662,1.000000;;,
   8160;16;0.961855,-0.264975,-0.067980,0.000000,0.273544,0.929253,0.248319,0.000000,-0.002628,-0.257442,0.966290,0.000000,-3.850416,2.434878,132.914931,1.000000;;,
   8320;16;0.970628,-0.221393,-0.094158,0.000000,0.238207,0.939257,0.247090,0.000000,0.033735,-0.262262,0.964407,0.000000,1.941357,-0.285023,134.402266,1.000000;;,
   8480;16;0.977480,-0.170525,-0.124312,0.000000,0.196903,0.948900,0.246612,0.000000,0.075906,-0.265536,0.961108,0.000000,8.621679,-3.423082,135.904410,1.000000;;,
   8640;16;0.980651,-0.123848,-0.151603,0.000000,0.158960,0.955773,0.247445,0.000000,0.114252,-0.266756,0.956968,0.000000,14.706520,-6.269118,137.157504,1.000000;;,
   8800;16;0.981134,-0.102006,-0.164230,0.000000,0.141162,0.958411,0.248037,0.000000,0.132098,-0.266540,0.954728,0.000000,17.547002,-7.593801,137.706112,1.000000;;,
   11360;16;0.981133,-0.102006,-0.164230,0.000000,0.141162,0.958411,0.248037,0.000000,0.132098,-0.266540,0.954728,0.000000,17.547003,-7.593802,137.706112,1.000000;;,
   11520;16;0.982608,-0.090626,-0.162070,0.000000,0.128800,0.961354,0.243327,0.000000,0.133755,-0.259970,0.956308,0.000000,18.025347,-9.009893,139.082291,1.000000;;,
   11680;16;0.985458,-0.064143,-0.157342,0.000000,0.100061,0.967487,0.232285,0.000000,0.137327,-0.244651,0.959837,0.000000,19.130544,-12.290934,142.268160,1.000000;;,
   11840;16;0.988124,-0.027963,-0.151090,0.000000,0.060732,0.974310,0.216867,0.000000,0.141144,-0.223467,0.964438,0.000000,20.629571,-16.756694,146.599834,1.000000;;,
   12000;16;0.989260,0.003266,-0.146125,0.000000,0.026803,0.978743,0.203329,0.000000,0.143683,-0.205062,0.968145,0.000000,21.907899,-20.597899,150.316211,1.000000;;,
   12160;16;0.989382,0.023242,-0.143462,0.000000,0.005192,0.980847,0.194709,0.000000,0.145240,-0.193387,0.970312,0.000000,22.730234,-23.043894,152.690816,1.000000;;,
   12320;16;0.989109,0.040675,-0.141452,0.000000,-0.013615,0.982221,0.187236,0.000000,0.146553,-0.183271,0.972077,0.000000,23.456331,-25.171342,154.766362,1.000000;;,
   12480;16;0.988682,0.054448,-0.139793,0.000000,-0.028518,0.983034,0.181189,0.000000,0.147287,-0.175152,0.973462,0.000000,24.011134,-26.856787,156.392896,1.000000;;,
   12640;16;0.988330,0.064120,-0.138172,0.000000,-0.039121,0.983508,0.176581,0.000000,0.147216,-0.169115,0.974539,0.000000,24.352677,-28.056624,157.503424,1.000000;;,
   12800;16;0.988203,0.069921,-0.136255,0.000000,-0.045736,0.983831,0.173160,0.000000,0.146160,-0.164886,0.975423,0.000000,24.472101,-28.807101,158.114125,1.000000;;,
   12960;16;0.988205,0.072820,-0.134714,0.000000,-0.049197,0.984036,0.171033,0.000000,0.145018,-0.162388,0.976012,0.000000,24.447712,-29.198762,158.398259,1.000000;;,
   13120;16;0.988193,0.074315,-0.133978,0.000000,-0.050967,0.984132,0.169960,0.000000,0.144483,-0.161125,0.976301,0.000000,24.385618,-29.397699,158.441165,1.000000;;,
   13280;16;0.988201,0.075150,-0.133457,0.000000,-0.051980,0.984191,0.169309,0.000000,0.144071,-0.160374,0.976485,0.000000,24.301454,-29.514435,158.403597,1.000000;;,
   13440;16;0.988236,0.075851,-0.132801,0.000000,-0.052881,0.984254,0.168661,0.000000,0.143503,-0.159654,0.976686,0.000000,24.206725,-29.624886,158.366080,1.000000;;,
   13600;16;0.988288,0.076730,-0.131901,0.000000,-0.054025,0.984336,0.167821,0.000000,0.142712,-0.158729,0.976953,0.000000,24.108816,-29.770426,158.328486,1.000000;;,
   13760;16;0.988336,0.077412,-0.131142,0.000000,-0.054920,0.984395,0.167184,0.000000,0.142038,-0.158032,0.977165,0.000000,23.990605,-29.872867,158.290957,1.000000;;,
   13920;16;0.988379,0.077968,-0.130490,0.000000,-0.055650,0.984437,0.166693,0.000000,0.141456,-0.157494,0.977336,0.000000,23.859859,-29.899709,158.253427,1.000000;;,
   14080;16;0.988429,0.078387,-0.129854,0.000000,-0.056225,0.984470,0.166304,0.000000,0.140873,-0.157078,0.977487,0.000000,23.719758,-29.901350,158.215872,1.000000;;,
   14240;16;0.988500,0.078607,-0.129180,0.000000,-0.056589,0.984494,0.166039,0.000000,0.140229,-0.156820,0.977621,0.000000,23.570224,-29.902998,158.178342,1.000000;;,
   14400;16;0.988602,0.078513,-0.128454,0.000000,-0.056619,0.984500,0.165990,0.000000,0.139496,-0.156825,0.977725,0.000000,23.407958,-29.904646,158.140787,1.000000;;,
   14560;16;0.988712,0.078062,-0.127884,0.000000,-0.056274,0.984535,0.165904,0.000000,0.138858,-0.156835,0.977814,0.000000,23.232314,-29.906291,158.103258,1.000000;;,
   14720;16;0.988827,0.077482,-0.127346,0.000000,-0.055796,0.984579,0.165804,0.000000,0.138229,-0.156846,0.977901,0.000000,23.045301,-29.867718,158.065715,1.000000;;,
   14880;16;0.988957,0.076779,-0.126765,0.000000,-0.055184,0.984608,0.165836,0.000000,0.137546,-0.157009,0.977972,0.000000,22.847254,-29.786768,157.942746,1.000000;;,
   15040;16;0.989098,0.075984,-0.126137,0.000000,-0.054467,0.984617,0.166018,0.000000,0.136812,-0.157338,0.978022,0.000000,22.644978,-29.674432,157.734323,1.000000;;,
   15200;16;0.989239,0.075152,-0.125529,0.000000,-0.053706,0.984621,0.166243,0.000000,0.136092,-0.157713,0.978062,0.000000,22.451802,-29.554902,157.525888,1.000000;;,
   15360;16;0.989362,0.074355,-0.125034,0.000000,-0.052962,0.984624,0.166463,0.000000,0.135489,-0.158070,0.978088,0.000000,22.282819,-29.452422,157.345830,1.000000;;,
   15520;16;0.989475,0.073525,-0.124631,0.000000,-0.052167,0.984626,0.166703,0.000000,0.134971,-0.158447,0.978098,0.000000,22.127171,-29.350682,157.165747,1.000000;;,
   15680;16;0.989589,0.072583,-0.124275,0.000000,-0.051248,0.984627,0.166985,0.000000,0.134485,-0.158878,0.978096,0.000000,21.971890,-29.236906,156.966899,1.000000;;,
   15840;16;0.989714,0.071474,-0.123920,0.000000,-0.050157,0.984626,0.167321,0.000000,0.133974,-0.159384,0.978083,0.000000,21.804976,-29.101222,156.749171,1.000000;;,
   16000;16;0.989858,0.070170,-0.123514,0.000000,-0.048872,0.984623,0.167716,0.000000,0.133383,-0.159979,0.978067,0.000000,21.615402,-28.936704,156.531494,1.000000;;,
   16160;16;0.990029,0.068598,-0.123031,0.000000,-0.047321,0.984616,0.168199,0.000000,0.132676,-0.160700,0.978045,0.000000,21.390221,-28.725680,156.239322,1.000000;;,
   16320;16;0.990217,0.066778,-0.122516,0.000000,-0.045519,0.984605,0.168762,0.000000,0.131900,-0.161534,0.978012,0.000000,21.141704,-28.479440,155.909491,1.000000;;,
   16480;16;0.990413,0.064797,-0.121995,0.000000,-0.043554,0.984590,0.169365,0.000000,0.131090,-0.162428,0.977973,0.000000,20.886019,-28.222374,155.568166,1.000000;;,
   16640;16;0.990609,0.062723,-0.121483,0.000000,-0.041495,0.984573,0.169984,0.000000,0.130271,-0.163347,0.977930,0.000000,20.633350,-27.971443,155.231821,1.000000;;,
   16800;16;0.990802,0.060602,-0.120985,0.000000,-0.039387,0.984551,0.170608,0.000000,0.129455,-0.164274,0.977883,0.000000,20.387939,-27.736198,154.907763,1.000000;;,
   16960;16;0.990999,0.058318,-0.120494,0.000000,-0.037113,0.984526,0.171264,0.000000,0.128617,-0.165250,0.977829,0.000000,20.142544,-27.501773,154.583795,1.000000;;,
   17120;16;0.991195,0.055945,-0.120002,0.000000,-0.034754,0.984498,0.171913,0.000000,0.127760,-0.166229,0.977775,0.000000,19.896877,-27.251546,154.257638,1.000000;;,
   17280;16;0.991389,0.053508,-0.119511,0.000000,-0.032332,0.984468,0.172559,0.000000,0.126888,-0.167209,0.977722,0.000000,19.650909,-26.983344,153.928973,1.000000;;,
   17440;16;0.991580,0.051006,-0.119021,0.000000,-0.029849,0.984434,0.173201,0.000000,0.126003,-0.168190,0.977668,0.000000,19.404626,-26.697154,153.597747,1.000000;;,
   17600;16;0.991769,0.048413,-0.118532,0.000000,-0.027277,0.984396,0.173840,0.000000,0.125098,-0.169176,0.977614,0.000000,19.158074,-26.395166,153.264269,1.000000;;,
   17760;16;0.991956,0.045726,-0.118032,0.000000,-0.024620,0.984360,0.174438,0.000000,0.124163,-0.170129,0.977568,0.000000,18.911536,-26.093997,152.930944,1.000000;;,
   17920;16;0.992143,0.042922,-0.117515,0.000000,-0.021853,0.984321,0.175028,0.000000,0.123185,-0.171084,0.977525,0.000000,18.657976,-25.791106,152.587328,1.000000;;,
   18080;16;0.992326,0.040026,-0.116985,0.000000,-0.019000,0.984279,0.175597,0.000000,0.122175,-0.172027,0.977486,0.000000,18.401483,-25.487096,152.239347,1.000000;;,
   18240;16;0.992500,0.037135,-0.116459,0.000000,-0.016160,0.984235,0.176122,0.000000,0.121164,-0.172919,0.977455,0.000000,18.152088,-25.189661,151.902323,1.000000;;,
   18400;16;0.992656,0.034424,-0.115962,0.000000,-0.013504,0.984196,0.176566,0.000000,0.120207,-0.173703,0.977434,0.000000,17.925800,-24.913603,151.601011,1.000000;;,
   18560;16;0.992786,0.032071,-0.115529,0.000000,-0.011204,0.984160,0.176926,0.000000,0.119373,-0.174356,0.977420,0.000000,17.734944,-24.673070,151.350694,1.000000;;,
   18720;16;0.992898,0.029933,-0.115135,0.000000,-0.009117,0.984127,0.177229,0.000000,0.118613,-0.174921,0.977411,0.000000,17.566648,-24.455445,151.139392,1.000000;;,
   18880;16;0.993004,0.027849,-0.114745,0.000000,-0.007092,0.984100,0.177473,0.000000,0.117863,-0.175418,0.977413,0.000000,17.409770,-24.246741,150.941056,1.000000;;,
   19040;16;0.993112,0.025661,-0.114323,0.000000,-0.004976,0.984078,0.177667,0.000000,0.117062,-0.175874,0.977427,0.000000,17.252216,-24.032658,150.738099,1.000000;;,
   19200;16;0.993228,0.023218,-0.113838,0.000000,-0.002622,0.984058,0.177829,0.000000,0.116152,-0.176327,0.977454,0.000000,17.081002,-23.798602,150.521165,1.000000;;,
   19360;16;0.993355,0.020373,-0.113265,0.000000,0.000113,0.984032,0.177990,0.000000,0.115083,-0.176820,0.977492,0.000000,16.885150,-23.529955,150.304243,1.000000;;,
   19520;16;0.993486,0.017286,-0.112630,0.000000,0.003070,0.984008,0.178097,0.000000,0.113907,-0.177283,0.977546,0.000000,16.679768,-23.244150,150.086349,1.000000;;,
   19680;16;0.993612,0.014128,-0.111955,0.000000,0.006072,0.983999,0.178070,0.000000,0.112680,-0.177612,0.977628,0.000000,16.478296,-22.959595,149.868160,1.000000;;,
   19840;16;0.993729,0.011018,-0.111262,0.000000,0.009011,0.984002,0.177929,0.000000,0.111442,-0.177816,0.977733,0.000000,16.287808,-22.687790,149.665894,1.000000;;,
   20000;16;0.993836,0.008017,-0.110562,0.000000,0.011843,0.983994,0.177805,0.000000,0.110218,-0.178019,0.977835,0.000000,16.109035,-22.433334,149.511501,1.000000;;,
   20160;16;0.993938,0.005032,-0.109820,0.000000,0.014618,0.984032,0.177387,0.000000,0.108959,-0.177917,0.977994,0.000000,15.943379,-22.192005,149.357107,1.000000;;,
   20320;16;0.994035,0.001961,-0.109043,0.000000,0.017471,0.984062,0.176963,0.000000,0.107652,-0.177813,0.978158,0.000000,15.788706,-21.949109,149.266048,1.000000;;,
   20480;16;0.994124,-0.001172,-0.108239,0.000000,0.020381,0.984083,0.176539,0.000000,0.106309,-0.177707,0.978324,0.000000,15.644752,-21.702728,149.196058,1.000000;;,
   20640;16;0.994205,-0.004365,-0.107407,0.000000,0.023340,0.984103,0.176055,0.000000,0.104931,-0.177542,0.978503,0.000000,15.511648,-21.452982,149.126118,1.000000;;,
   20800;16;0.994279,-0.007636,-0.106539,0.000000,0.026353,0.984145,0.175398,0.000000,0.103511,-0.177202,0.978716,0.000000,15.389926,-21.202045,149.056141,1.000000;;,
   20960;16;0.994343,-0.011138,-0.105630,0.000000,0.029579,0.984184,0.174662,0.000000,0.102014,-0.176798,0.978946,0.000000,15.267618,-20.951174,148.986189,1.000000;;,
   21120;16;0.994395,-0.014885,-0.104674,0.000000,0.033036,0.984213,0.173876,0.000000,0.100433,-0.176360,0.979188,0.000000,15.138896,-20.694925,148.929907,1.000000;;,
   21280;16;0.994432,-0.018836,-0.103677,0.000000,0.036683,0.984232,0.173034,0.000000,0.098783,-0.175874,0.979444,0.000000,15.007795,-20.436406,148.878195,1.000000;;,
   21440;16;0.994452,-0.022843,-0.102674,0.000000,0.040384,0.984240,0.172161,0.000000,0.097124,-0.175352,0.979703,0.000000,14.879605,-20.183624,148.826419,1.000000;;,
   21600;16;0.994455,-0.026655,-0.101725,0.000000,0.043906,0.984237,0.171318,0.000000,0.095555,-0.174834,0.979950,0.000000,14.760880,-19.949510,148.774694,1.000000;;,
   21760;16;0.994444,-0.029989,-0.100895,0.000000,0.046987,0.984223,0.170575,0.000000,0.094188,-0.174368,0.980165,0.000000,14.658555,-19.747736,148.722995,1.000000;;,
   21920;16;0.994424,-0.033051,-0.100136,0.000000,0.049818,0.984204,0.169884,0.000000,0.092940,-0.173925,0.980363,0.000000,14.566867,-19.566936,148.671270,1.000000;;,
   22080;16;0.994394,-0.036091,-0.099388,0.000000,0.052630,0.984178,0.169185,0.000000,0.091709,-0.173468,0.980560,0.000000,14.478733,-19.393139,148.619520,1.000000;;,
   22240;16;0.994350,-0.039340,-0.098591,0.000000,0.055636,0.984142,0.168428,0.000000,0.090402,-0.172961,0.980771,0.000000,14.387043,-19.212339,148.567808,1.000000;;,
   22400;16;0.994286,-0.043014,-0.097692,0.000000,0.059037,0.984091,0.167566,0.000000,0.088930,-0.172376,0.981008,0.000000,14.284718,-19.010563,148.516083,1.000000;;,
   22560;16;0.994194,-0.047326,-0.096634,0.000000,0.063030,0.984016,0.166550,0.000000,0.087207,-0.171674,0.981286,0.000000,14.165995,-18.776453,148.464320,1.000000;;,
   22720;16;0.994069,-0.052065,-0.095471,0.000000,0.067421,0.983915,0.165425,0.000000,0.085323,-0.170881,0.981590,0.000000,14.037803,-18.523670,148.412608,1.000000;;,
   22880;16;0.993915,-0.056980,-0.094266,0.000000,0.071977,0.983789,0.164252,0.000000,0.083379,-0.170037,0.981904,0.000000,13.906704,-18.265152,148.360896,1.000000;;,
   23040;16;0.993734,-0.061905,-0.093056,0.000000,0.076547,0.983640,0.163071,0.000000,0.081439,-0.169172,0.982216,0.000000,13.776814,-18.009027,148.307520,1.000000;;,
   23200;16;0.993531,-0.066766,-0.091860,0.000000,0.081059,0.983472,0.161902,0.000000,0.079532,-0.168301,0.982522,0.000000,13.649837,-17.758638,148.249370,1.000000;;,
   23360;16;0.993298,-0.071712,-0.090641,0.000000,0.085653,0.983279,0.160702,0.000000,0.077602,-0.167388,0.982832,0.000000,13.522862,-17.508251,148.191194,1.000000;;,
   23520;16;0.993037,-0.076694,-0.089414,0.000000,0.090284,0.983063,0.159484,0.000000,0.075668,-0.166447,0.983143,0.000000,13.395886,-17.257867,148.132992,1.000000;;,
   23680;16;0.992746,-0.081742,-0.088167,0.000000,0.094979,0.982821,0.158247,0.000000,0.073717,-0.165473,0.983455,0.000000,13.267826,-17.005344,148.074829,1.000000;;,
   23840;16;0.992421,-0.086888,-0.086892,0.000000,0.099769,0.982549,0.156985,0.000000,0.071736,-0.164464,0.983771,0.000000,13.137824,-16.748995,148.016627,1.000000;;,
   24000;16;0.992059,-0.092164,-0.085581,0.000000,0.104683,0.982243,0.155689,0.000000,0.069713,-0.163412,0.984092,0.000000,13.005253,-16.487576,147.958464,1.000000;;,
   24160;16;0.991663,-0.097491,-0.084252,0.000000,0.109647,0.981909,0.154376,0.000000,0.067677,-0.162327,0.984413,0.000000,12.872097,-16.225005,147.903936,1.000000;;,
   24320;16;0.991247,-0.102711,-0.082944,0.000000,0.114517,0.981554,0.153089,0.000000,0.065690,-0.161248,0.984725,0.000000,12.741654,-15.967786,147.849395,1.000000;;,
   24480;16;0.990817,-0.107748,-0.081676,0.000000,0.119218,0.981187,0.151850,0.000000,0.063778,-0.160192,0.985023,0.000000,12.615571,-15.719162,147.794842,1.000000;;,
   24640;16;0.990383,-0.112549,-0.080462,0.000000,0.123702,0.980814,0.150670,0.000000,0.061961,-0.159174,0.985304,0.000000,12.494896,-15.481194,147.740326,1.000000;;,
   24800;16;0.989949,-0.117090,-0.079309,0.000000,0.127947,0.980440,0.149557,0.000000,0.060246,-0.158201,0.985567,0.000000,12.380077,-15.254782,147.685773,1.000000;;,
   24960;16;0.989545,-0.121128,-0.078278,0.000000,0.131723,0.980090,0.148567,0.000000,0.058724,-0.157325,0.985799,0.000000,12.277750,-15.053006,147.631245,1.000000;;,
   25120;16;0.989169,-0.124741,-0.077354,0.000000,0.135104,0.979764,0.147678,0.000000,0.057367,-0.156530,0.986006,0.000000,12.186065,-14.872211,147.581709,1.000000;;,
   25280;16;0.988797,-0.128186,-0.076473,0.000000,0.138329,0.979442,0.146828,0.000000,0.056079,-0.155761,0.986201,0.000000,12.097926,-14.698410,147.533862,1.000000;;,
   25440;16;0.988402,-0.131722,-0.075565,0.000000,0.141641,0.979099,0.145953,0.000000,0.054761,-0.154964,0.986401,0.000000,12.006241,-14.517613,147.485990,1.000000;;,
   25600;16;0.987951,-0.135616,-0.074562,0.000000,0.145290,0.978707,0.144994,0.000000,0.053311,-0.154081,0.986619,0.000000,11.903915,-14.315837,147.438131,1.000000;;,
   25760;16;0.987413,-0.140096,-0.073401,0.000000,0.149491,0.978237,0.143893,0.000000,0.051645,-0.153054,0.986867,0.000000,11.785190,-14.081725,147.390272,1.000000;;,
   25920;16;0.986815,-0.144876,-0.072157,0.000000,0.153976,0.977713,0.142720,0.000000,0.049872,-0.151949,0.987129,0.000000,11.657001,-13.828944,147.342387,1.000000;;,
   26080;16;0.986189,-0.149679,-0.070901,0.000000,0.158485,0.977163,0.141545,0.000000,0.048096,-0.150827,0.987389,0.000000,11.525899,-13.570424,147.289562,1.000000;;,
   26240;16;0.985556,-0.154348,-0.069674,0.000000,0.162872,0.976606,0.140405,0.000000,0.046373,-0.149725,0.987639,0.000000,11.396011,-13.314296,147.231718,1.000000;;,
   26400;16;0.984925,-0.158845,-0.068487,0.000000,0.167101,0.976048,0.139311,0.000000,0.044717,-0.148655,0.987877,0.000000,11.269034,-13.063910,147.173914,1.000000;;,
   26560;16;0.984290,-0.163214,-0.067326,0.000000,0.171211,0.975487,0.138247,0.000000,0.043112,-0.147603,0.988106,0.000000,11.142058,-12.813524,147.116083,1.000000;;,
   26720;16;0.983656,-0.167447,-0.066196,0.000000,0.175196,0.974924,0.137222,0.000000,0.041559,-0.146576,0.988326,0.000000,11.015082,-12.563138,147.058278,1.000000;;,
   26880;16;0.983018,-0.171577,-0.065089,0.000000,0.179085,0.974357,0.136225,0.000000,0.040047,-0.145568,0.988537,0.000000,10.888106,-12.312757,147.000448,1.000000;;,
   27040;16;0.982378,-0.175603,-0.064004,0.000000,0.182879,0.973787,0.135257,0.000000,0.038575,-0.144579,0.988741,0.000000,10.761131,-12.062370,146.942707,1.000000;;,
   27200;16;0.981742,-0.179496,-0.062951,0.000000,0.186551,0.973219,0.134324,0.000000,0.037154,-0.143616,0.988936,0.000000,10.634154,-11.811983,146.885222,1.000000;;,
   27360;16;0.981126,-0.183175,-0.061948,0.000000,0.190022,0.972668,0.133448,0.000000,0.035811,-0.142701,0.989117,0.000000,10.507178,-11.561597,146.827763,1.000000;;,
   27520;16;0.980501,-0.186818,-0.060951,0.000000,0.193461,0.972108,0.132585,0.000000,0.034482,-0.141792,0.989295,0.000000,10.377292,-11.305470,146.770278,1.000000;;,
   27680;16;0.979882,-0.190350,-0.059980,0.000000,0.196796,0.971551,0.131754,0.000000,0.033194,-0.140907,0.989466,0.000000,10.246190,-11.046950,146.712794,1.000000;;,
   27840;16;0.979291,-0.193649,-0.059068,0.000000,0.199914,0.971019,0.130983,0.000000,0.031991,-0.140079,0.989623,0.000000,10.117997,-10.794170,146.655322,1.000000;;,
   28000;16;0.978760,-0.196555,-0.058261,0.000000,0.202661,0.970540,0.130309,0.000000,0.030931,-0.139348,0.989760,0.000000,9.999274,-10.560056,146.597837,1.000000;;,
   28160;16;0.978315,-0.198950,-0.057591,0.000000,0.204926,0.970138,0.129758,0.000000,0.030056,-0.138746,0.989872,0.000000,9.896947,-10.358281,146.550272,1.000000;;,
   28320;16;0.977933,-0.200983,-0.057021,0.000000,0.206848,0.969792,0.129294,0.000000,0.029312,-0.138236,0.989965,0.000000,9.805261,-10.177483,146.502669,1.000000;;,
   28480;16;0.977588,-0.202797,-0.056509,0.000000,0.208565,0.969479,0.128885,0.000000,0.028647,-0.137782,0.990048,0.000000,9.717124,-10.003682,146.455053,1.000000;;,
   28640;16;0.977250,-0.204559,-0.056010,0.000000,0.210232,0.969171,0.128492,0.000000,0.027999,-0.137343,0.990127,0.000000,9.625438,-9.822886,146.407450,1.000000;;,
   28800;16;0.976881,-0.206460,-0.055470,0.000000,0.212031,0.968835,0.128069,0.000000,0.027300,-0.136869,0.990213,0.000000,9.523112,-9.621110,146.359834,1.000000;;,
   28960;16;0.976464,-0.208585,-0.054863,0.000000,0.214044,0.968454,0.127599,0.000000,0.026517,-0.136339,0.990307,0.000000,9.404387,-9.386998,146.312243,1.000000;;,
   29120;16;0.976031,-0.210760,-0.054240,0.000000,0.216103,0.968059,0.127123,0.000000,0.025715,-0.135797,0.990403,0.000000,9.276197,-9.134218,146.264614,1.000000;;,
   29280;16;0.975600,-0.212905,-0.053624,0.000000,0.218135,0.967665,0.126654,0.000000,0.024924,-0.135261,0.990496,0.000000,9.145096,-8.875696,146.211917,1.000000;;,
   29440;16;0.975178,-0.214977,-0.053028,0.000000,0.220099,0.967279,0.126201,0.000000,0.024162,-0.134740,0.990586,0.000000,9.015207,-8.619570,146.154074,1.000000;;,
   29600;16;0.974767,-0.216971,-0.052454,0.000000,0.221989,0.966904,0.125765,0.000000,0.023430,-0.134236,0.990672,0.000000,8.888231,-8.369182,146.096282,1.000000;;,
   29760;16;0.974370,-0.218878,-0.051904,0.000000,0.223797,0.966542,0.125347,0.000000,0.022731,-0.133750,0.990754,0.000000,8.761255,-8.118798,146.038438,1.000000;;,
   29920;16;0.973981,-0.220728,-0.051369,0.000000,0.225551,0.966186,0.124942,0.000000,0.022054,-0.133278,0.990833,0.000000,8.634279,-7.868410,145.980621,1.000000;;,
   30080;16;0.973597,-0.222535,-0.050846,0.000000,0.227266,0.965836,0.124546,0.000000,0.021393,-0.132814,0.990910,0.000000,8.507303,-7.618026,145.922803,1.000000;;,
   30240;16;0.973219,-0.224301,-0.050335,0.000000,0.228941,0.965489,0.124160,0.000000,0.020748,-0.132359,0.990984,0.000000,8.380326,-7.367640,145.864819,1.000000;;,
   30400;16;0.972849,-0.226009,-0.049839,0.000000,0.230562,0.965152,0.123786,0.000000,0.020126,-0.131916,0.991056,0.000000,8.253351,-7.117254,145.806413,1.000000;;,
   30560;16;0.972493,-0.227640,-0.049365,0.000000,0.232111,0.964826,0.123428,0.000000,0.019532,-0.131491,0.991125,0.000000,8.126374,-6.866869,145.748006,1.000000;;,
   30720;16;0.972135,-0.229264,-0.048893,0.000000,0.233653,0.964499,0.123072,0.000000,0.018941,-0.131067,0.991192,0.000000,7.996486,-6.610744,145.689574,1.000000;;,
   30880;16;0.971783,-0.230850,-0.048431,0.000000,0.235160,0.964177,0.122725,0.000000,0.018365,-0.130651,0.991258,0.000000,7.865386,-6.352223,145.631168,1.000000;;,
   31040;16;0.971447,-0.232350,-0.047994,0.000000,0.236585,0.963871,0.122396,0.000000,0.017822,-0.130256,0.991320,0.000000,7.737194,-6.099444,145.575693,1.000000;;,
   31200;16;0.971142,-0.233700,-0.047600,0.000000,0.237868,0.963592,0.122099,0.000000,0.017333,-0.129898,0.991376,0.000000,7.618470,-5.865329,145.529050,1.000000;;,
