xof 0303txt 0032
template Frame {
 <3d82ab46-62da-11cf-ab39-0020af71e433>
 [...]
}

template Matrix4x4 {
 <f6f23f45-7686-11cf-8f52-0040333594a3>
 array FLOAT matrix[16];
}

template FrameTransformMatrix {
 <f6f23f41-7686-11cf-8f52-0040333594a3>
 Matrix4x4 frameMatrix;
}

template AnimTicksPerSecond {
 <9e415a43-7ba6-4a73-8743-b73d47e88476>
 DWORD AnimTicksPerSecond;
}

template Animation {
 <3d82ab4f-62da-11cf-ab39-0020af71e433>
 [...]
}

template AnimationSet {
 <3d82ab50-62da-11cf-ab39-0020af71e433>
 [Animation <3d82ab4f-62da-11cf-ab39-0020af71e433>]
}

template FloatKeys {
 <10dd46a9-775b-11cf-8f52-0040333594a3>
 DWORD nValues;
 array FLOAT values[nValues];
}

template TimedFloatKeys {
 <f406b180-7b3b-11cf-8f52-0040333594a3>
 DWORD time;
 FloatKeys tfkeys;
}

template AnimationKey {
 <10dd46a8-775b-11cf-8f52-0040333594a3>
 DWORD keyType;
 DWORD nKeys;
 array TimedFloatKeys keys[nKeys];
}


Frame ARM_bear_framework {
 

 FrameTransformMatrix {
  -0.003937,0.000000,-0.000000,0.000000,-0.000000,-0.000000,0.003937,0.000000,-0.000000,0.003937,0.000000,0.000000,0.000000,0.000000,0.000000,1.000000;;
 }

 Frame _0__-com {
  

  FrameTransformMatrix {
   1.000000,0.000000,0.000000,0.000000,-0.000000,-0.000000,1.000000,0.000000,0.000000,-1.000000,-0.000000,0.000000,-0.000000,0.000100,116.451405,1.000000;;
  }

  Frame _1___body {
   

   FrameTransformMatrix {
    -0.000000,0.000000,1.000000,0.000000,1.000000,-0.000000,0.000000,0.000000,0.000000,1.000000,0.000000,0.000000,0.000000,0.000008,-66.887904,1.000000;;
   }

   Frame _3___chest {
    

    FrameTransformMatrix {
     -0.127299,-0.000000,-0.991865,0.000000,-0.000000,1.000000,-0.000000,0.000000,0.991865,0.000000,-0.127299,0.000000,56.306509,0.000102,21.821403,1.000000;;
    }

    Frame _7___neck1 {
     

     FrameTransformMatrix {
      0.975937,0.000000,-0.218052,0.000000,-0.000000,1.000000,-0.000000,0.000000,0.218052,0.000000,0.975937,0.000000,-0.022598,0.000200,102.566163,1.000000;;
     }

     Frame _10___claviclel {
      

      FrameTransformMatrix {
       -0.497511,0.860249,-0.111600,0.000000,-0.615864,-0.259678,0.743827,0.000000,0.610896,0.438792,0.658989,0.000000,-17.165558,16.125597,-30.900234,1.000000;;
      }

      Frame _15___arm1l {
       

       FrameTransformMatrix {
        0.239146,-0.569102,-0.786723,0.000000,0.855600,-0.259572,0.447853,0.000000,-0.459085,-0.780222,0.424847,0.000000,0.001236,0.001404,50.676147,1.000000;;
       }

       Frame _20___arm2l {
        

        FrameTransformMatrix {
         0.576554,-0.000038,0.817059,0.000000,0.000009,1.000000,0.000040,0.000000,-0.817059,-0.000016,0.576554,0.000000,0.000744,-0.000504,57.364570,1.000000;;
        }

        Frame _23___hand1l {
         

         FrameTransformMatrix {
          0.356919,0.006403,0.934113,0.000000,-0.004646,0.999976,-0.005079,0.000000,-0.934124,-0.002527,0.356940,0.000000,-0.003494,0.001297,60.929766,1.000000;;
         }

         Frame _25___hand2l {
          

          FrameTransformMatrix {
           0.999983,-0.000800,0.005701,0.000000,0.000800,1.000000,0.000022,0.000000,-0.005701,-0.000018,0.999983,0.000000,2.006606,0.005417,18.800370,1.000000;;
          }

          Frame _25___hand2l_end {
           

           FrameTransformMatrix {
            1.000000,0.000000,0.000000,0.000000,0.000000,1.000000,0.000000,0.000000,0.000000,-0.000000,1.000000,0.000000,0.000000,-0.000004,1.000015,1.000000;;
           }
          }
         }
        }
       }
      }
     }

     Frame _11___clavicler {
      

      FrameTransformMatrix {
       -0.497511,-0.860249,-0.111600,0.000000,0.615864,-0.259678,-0.743827,0.000000,0.610897,-0.438792,0.658989,0.000000,-17.165573,-16.125706,-30.900237,1.000000;;
      }

      Frame _16___arm1r {
       

       FrameTransformMatrix {
        0.239145,0.569103,-0.786722,0.000000,-0.855600,-0.259571,-0.447853,0.000000,-0.459085,0.780221,0.424849,0.000000,0.001266,-0.001511,50.676138,1.000000;;
       }

       Frame _21___arm2r {
        

        FrameTransformMatrix {
         0.576555,0.000038,0.817058,0.000000,-0.000009,1.000000,-0.000040,0.000000,-0.817058,0.000016,0.576555,0.000000,0.000862,0.000538,57.364531,1.000000;;
        }

        Frame _24___hand1r {
         

         FrameTransformMatrix {
          0.356918,-0.006402,0.934114,0.000000,0.004739,0.999976,0.005043,0.000000,-0.934124,0.002627,0.356939,0.000000,-0.003410,-0.001400,60.929766,1.000000;;
         }

         Frame _26___hand2r {
          

          FrameTransformMatrix {
           0.999984,0.000799,0.005699,0.000000,-0.000799,1.000000,0.000077,0.000000,-0.005699,-0.000082,0.999984,0.000000,2.006654,-0.007172,18.800370,1.000000;;
          }

          Frame _26___hand2r_end {
           

           FrameTransformMatrix {
            1.000000,0.000000,0.000000,0.000000,-0.000000,1.000000,0.000000,0.000000,0.000000,0.000000,1.000000,0.000000,0.000000,-0.000004,1.000023,1.000000;;
           }
          }
         }
        }
       }
      }
     }

     Frame _12___neck2 {
      

      FrameTransformMatrix {
       0.980000,-0.000000,0.198997,0.000000,0.000000,1.000000,0.000000,0.000000,-0.198997,-0.000000,0.980000,0.000000,-0.020187,-0.000000,26.398827,1.000000;;
      }

      Frame _17___head {
       

       FrameTransformMatrix {
        0.061327,-0.000000,0.998118,0.000000,-0.000000,1.000000,0.000000,0.000000,-0.998118,-0.000000,0.061327,0.000000,-0.000961,0.000000,25.879035,1.000000;;
       }

       Frame _22___head2 {
        

        FrameTransformMatrix {
         0.167589,-0.000000,-0.985857,0.000000,-0.000000,1.000000,-0.000000,0.000000,0.985857,0.000000,0.167589,0.000000,22.449394,0.000001,-18.315704,1.000000;;
        }

        Frame _22___head2_end {
         

         FrameTransformMatrix {
          1.000000,0.000000,0.000000,0.000000,0.000000,1.000000,-0.000000,0.000000,0.000000,-0.000000,1.000000,0.000000,0.000000,-0.000000,1.000031,1.000000;;
         }
        }
       }
      }
     }
    }
   }

   Frame _4___leg1l {
    

    FrameTransformMatrix {
     0.943838,-0.000000,0.330411,0.000000,-0.000000,-1.000000,-0.000000,0.000000,0.330411,0.000000,-0.943838,0.000000,0.000000,34.857498,0.000008,1.000000;;
    }

    Frame _8___leg2l {
     

     FrameTransformMatrix {
      0.850725,-0.000000,0.525610,0.000000,0.000000,1.000000,-0.000000,0.000000,-0.525610,0.000000,0.850725,0.000000,-0.000954,-0.000111,58.025344,1.000000;;
     }

     Frame _13___foot1l {
      

      FrameTransformMatrix {
       0.976614,-0.000000,-0.215001,0.000000,0.000000,1.000000,-0.000000,0.000000,0.215002,0.000000,0.976614,0.000000,0.002644,-0.000004,55.121197,1.000000;;
      }

      Frame _18___foot2l {
       

       FrameTransformMatrix {
        0.000001,0.000000,-1.000000,0.000000,-0.000000,1.000000,0.000000,0.000000,1.000000,0.000000,0.000001,0.000000,14.379986,0.000000,7.796302,1.000000;;
       }

       Frame _18___foot2l_end {
        

        FrameTransformMatrix {
         1.000000,0.000000,0.000000,0.000000,0.000000,1.000000,0.000000,0.000000,0.000000,0.000000,1.000000,0.000000,0.000000,0.000000,0.999996,1.000000;;
        }
       }
      }
     }
    }
   }

   Frame _5___leg1r {
    

    FrameTransformMatrix {
     0.943838,-0.000000,0.330411,0.000000,-0.000000,-1.000000,-0.000000,0.000000,0.330411,0.000000,-0.943838,0.000000,0.000107,-34.857606,0.000008,1.000000;;
    }

    Frame _9___leg2r {
     

     FrameTransformMatrix {
      0.850725,-0.000000,0.525611,0.000000,0.000000,1.000000,-0.000000,0.000000,-0.525611,0.000000,0.850725,0.000000,-0.000963,0.000000,58.025331,1.000000;;
     }

     Frame _14___foot1r {
      

      FrameTransformMatrix {
       0.976614,-0.000000,-0.215003,0.000000,0.000000,1.000000,0.000000,0.000000,0.215003,-0.000000,0.976614,0.000000,0.002655,-0.000004,55.121184,1.000000;;
      }

      Frame _19___foot2r {
       

       FrameTransformMatrix {
        0.000001,-0.000000,-1.000000,0.000000,-0.000000,1.000000,-0.000000,0.000000,1.000000,0.000000,0.000001,0.000000,14.379982,0.000000,7.796315,1.000000;;
       }

       Frame _19___foot2r_end {
        

        FrameTransformMatrix {
         1.000000,-0.000000,0.000000,0.000000,0.000000,1.000000,0.000000,0.000000,0.000000,0.000000,1.000000,0.000000,0.000000,0.000000,1.000000,1.000000;;
        }
       }
      }
     }
    }
   }

   Frame _6___tail1 {
    

    FrameTransformMatrix {
     -0.879501,-0.000000,0.475898,0.000000,-0.000000,1.000000,0.000000,0.000000,-0.475898,-0.000000,-0.879501,0.000000,-19.574691,-0.000101,9.001694,1.000000;;
    }

    Frame _6___tail1_end {
     

     FrameTransformMatrix {
      1.000000,0.000000,0.000000,0.000000,0.000000,1.000000,0.000000,0.000000,0.000000,0.000000,1.000000,0.000000,0.000031,0.000000,1.000000,1.000000;;
     }
    }
   }
  }

  Frame _2__-footsteps {
   

   FrameTransformMatrix {
    -0.000000,0.000000,-1.000000,0.000000,0.000000,1.000000,0.000000,0.000000,1.000000,0.000000,-0.000000,0.000000,0.000000,-116.395802,0.000000,1.000000;;
   }

   Frame _2__-footsteps_end {
    

    FrameTransformMatrix {
     1.000000,-0.000000,0.000000,0.000000,0.000000,1.000000,0.000000,0.000000,0.000000,-0.000000,1.000000,0.000000,-0.000000,0.000000,1.000000,1.000000;;
    }
   }
  }
 }
}

AnimTicksPerSecond  {
 4800;
}

AnimationSet Dummy {
 

 Animation {
  
  { ARM_bear_framework }

  AnimationKey  {
   4;
   2;
   0;16;-0.003937,0.000000,-0.000000,0.000000,-0.000000,-0.000000,0.003937,0.000000,-0.000000,0.003937,0.000000,0.000000,0.000000,0.000000,0.000000,1.000000;;,
   160;16;-0.003937,0.000000,-0.000000,0.000000,-0.000000,-0.000000,0.003937,0.000000,-0.000000,0.003937,0.000000,0.000000,0.000000,0.000000,0.000000,1.000000;;;
  }
 }

 Animation {
  
  { _0__-com }

  AnimationKey  {
   4;
   2;
   0;16;1.000000,0.000000,0.000000,0.000000,-0.000000,-0.000000,1.000000,0.000000,0.000000,-1.000000,-0.000000,0.000000,-0.000000,0.000100,116.451405,1.000000;;,
   160;16;1.000000,0.000000,0.000000,0.000000,-0.000000,-0.000000,1.000000,0.000000,0.000000,-1.000000,-0.000000,0.000000,-0.000000,0.000100,116.451405,1.000000;;;
  }
 }

 Animation {
  
  { _1___body }

  AnimationKey  {
   4;
   2;
   0;16;-0.000000,0.000000,1.000000,0.000000,1.000000,-0.000000,0.000000,0.000000,0.000000,1.000000,0.000000,0.000000,0.000000,0.000008,-66.887904,1.000000;;,
   160;16;-0.000000,0.000000,1.000000,0.000000,1.000000,-0.000000,0.000000,0.000000,0.000000,1.000000,0.000000,0.000000,0.000000,0.000008,-66.887904,1.000000;;;
  }
 }

 Animation {
  
  { _3___chest }

  AnimationKey  {
   4;
   2;
   0;16;-0.127299,-0.000000,-0.991865,0.000000,-0.000000,1.000000,-0.000000,0.000000,0.991865,0.000000,-0.127299,0.000000,56.306509,0.000102,21.821403,1.000000;;,
   160;16;-0.127299,-0.000000,-0.991865,0.000000,-0.000000,1.000000,-0.000000,0.000000,0.991865,0.000000,-0.127299,0.000000,56.306509,0.000102,21.821403,1.000000;;;
  }
 }

 Animation {
  
  { _7___neck1 }

  AnimationKey  {
   4;
   2;
   0;16;0.975937,0.000000,-0.218052,0.000000,-0.000000,1.000000,-0.000000,0.000000,0.218052,0.000000,0.975937,0.000000,-0.022598,0.000200,102.566163,1.000000;;,
   160;16;0.975937,0.000000,-0.218052,0.000000,-0.000000,1.000000,-0.000000,0.000000,0.218052,0.000000,0.975937,0.000000,-0.022598,0.000200,102.566163,1.000000;;;
  }
 }

 Animation {
  
  { _10___claviclel }

  AnimationKey  {
   4;
   2;
   0;16;-0.497511,0.860249,-0.111600,0.000000,-0.615864,-0.259678,0.743827,0.000000,0.610896,0.438792,0.658989,0.000000,-17.165558,16.125597,-30.900234,1.000000;;,
   160;16;-0.497511,0.860249,-0.111600,0.000000,-0.615864,-0.259678,0.743827,0.000000,0.610896,0.438792,0.658989,0.000000,-17.165558,16.125597,-30.900234,1.000000;;;
  }
 }

 Animation {
  
  { _15___arm1l }

  AnimationKey  {
   4;
   2;
   0;16;0.239146,-0.569102,-0.786723,0.000000,0.855600,-0.259572,0.447853,0.000000,-0.459085,-0.780222,0.424847,0.000000,0.001236,0.001404,50.676147,1.000000;;,
   160;16;0.239146,-0.569102,-0.786723,0.000000,0.855600,-0.259572,0.447853,0.000000,-0.459085,-0.780222,0.424847,0.000000,0.001236,0.001404,50.676147,1.000000;;;
  }
 }

 Animation {
  
  { _20___arm2l }

  AnimationKey  {
   4;
   2;
   0;16;0.576554,-0.000038,0.817059,0.000000,0.000009,1.000000,0.000040,0.000000,-0.817059,-0.000016,0.576554,0.000000,0.000744,-0.000504,57.364570,1.000000;;,
   160;16;0.576554,-0.000038,0.817059,0.000000,0.000009,1.000000,0.000040,0.000000,-0.817059,-0.000016,0.576554,0.000000,0.000744,-0.000504,57.364570,1.000000;;;
  }
 }

 Animation {
  
  { _23___hand1l }

  AnimationKey  {
   4;
   2;
   0;16;0.356919,0.006403,0.934113,0.000000,-0.004646,0.999976,-0.005079,0.000000,-0.934124,-0.002527,0.356940,0.000000,-0.003494,0.001297,60.929766,1.000000;;,
   160;16;0.356919,0.006403,0.934113,0.000000,-0.004646,0.999976,-0.005079,0.000000,-0.934124,-0.002527,0.356940,0.000000,-0.003494,0.001297,60.929766,1.000000;;;
  }
 }

 Animation {
  
  { _25___hand2l }

  AnimationKey  {
   4;
   2;
   0;16;0.999983,-0.000800,0.005701,0.000000,0.000800,1.000000,0.000022,0.000000,-0.005701,-0.000018,0.999983,0.000000,2.006606,0.005417,18.800370,1.000000;;,
   160;16;0.999983,-0.000800,0.005701,0.000000,0.000800,1.000000,0.000022,0.000000,-0.005701,-0.000018,0.999983,0.000000,2.006606,0.005417,18.800370,1.000000;;;
  }
 }

 Animation {
  
  { _25___hand2l_end }

  AnimationKey  {
   4;
   2;
   0;16;1.000000,0.000000,0.000000,0.000000,0.000000,1.000000,0.000000,0.000000,0.000000,-0.000000,1.000000,0.000000,0.000000,-0.000004,1.000015,1.000000;;,
   160;16;1.000000,0.000000,0.000000,0.000000,0.000000,1.000000,0.000000,0.000000,0.000000,-0.000000,1.000000,0.000000,0.000000,-0.000004,1.000015,1.000000;;;
  }
 }

 Animation {
  
  { _11___clavicler }

  AnimationKey  {
   4;
   2;
   0;16;-0.497511,-0.860249,-0.111600,0.000000,0.615864,-0.259678,-0.743827,0.000000,0.610897,-0.438792,0.658989,0.000000,-17.165573,-16.125706,-30.900237,1.000000;;,
   160;16;-0.497511,-0.860249,-0.111600,0.000000,0.615864,-0.259678,-0.743827,0.000000,0.610897,-0.438792,0.658989,0.000000,-17.165573,-16.125706,-30.900237,1.000000;;;
  }
 }

 Animation {
  
  { _16___arm1r }

  AnimationKey  {
   4;
   2;
   0;16;0.239145,0.569103,-0.786722,0.000000,-0.855600,-0.259571,-0.447853,0.000000,-0.459085,0.780221,0.424849,0.000000,0.001266,-0.001511,50.676138,1.000000;;,
   160;16;0.239145,0.569103,-0.786722,0.000000,-0.855600,-0.259571,-0.447853,0.000000,-0.459085,0.780221,0.424849,0.000000,0.001266,-0.001511,50.676138,1.000000;;;
  }
 }

 Animation {
  
  { _21___arm2r }

  AnimationKey  {
   4;
   2;
   0;16;0.576555,0.000038,0.817058,0.000000,-0.000009,1.000000,-0.000040,0.000000,-0.817058,0.000016,0.576555,0.000000,0.000862,0.000538,57.364531,1.000000;;,
   160;16;0.576555,0.000038,0.817058,0.000000,-0.000009,1.000000,-0.000040,0.000000,-0.817058,0.000016,0.576555,0.000000,0.000862,0.000538,57.364531,1.000000;;;
  }
 }

 Animation {
  
  { _24___hand1r }

  AnimationKey  {
   4;
   2;
   0;16;0.356918,-0.006402,0.934114,0.000000,0.004739,0.999976,0.005043,0.000000,-0.934124,0.002627,0.356939,0.000000,-0.003410,-0.001400,60.929766,1.000000;;,
   160;16;0.356918,-0.006402,0.934114,0.000000,0.004739,0.999976,0.005043,0.000000,-0.934124,0.002627,0.356939,0.000000,-0.003410,-0.001400,60.929766,1.000000;;;
  }
 }

 Animation {
  
  { _26___hand2r }

  AnimationKey  {
   4;
   2;
   0;16;0.999984,0.000799,0.005699,0.000000,-0.000799,1.000000,0.000077,0.000000,-0.005699,-0.000082,0.999984,0.000000,2.006654,-0.007172,18.800370,1.000000;;,
   160;16;0.999984,0.000799,0.005699,0.000000,-0.000799,1.000000,0.000077,0.000000,-0.005699,-0.000082,0.999984,0.000000,2.006654,-0.007172,18.800370,1.000000;;;
  }
 }

 Animation {
  
  { _26___hand2r_end }

  AnimationKey  {
   4;
   2;
   0;16;1.000000,0.000000,0.000000,0.000000,-0.000000,1.000000,0.000000,0.000000,0.000000,0.000000,1.000000,0.000000,0.000000,-0.000004,1.000023,1.000000;;,
   160;16;1.000000,0.000000,0.000000,0.000000,-0.000000,1.000000,0.000000,0.000000,0.000000,0.000000,1.000000,0.000000,0.000000,-0.000004,1.000023,1.000000;;;
  }
 }

 Animation {
  
  { _12___neck2 }

  AnimationKey  {
   4;
   2;
   0;16;0.980000,-0.000000,0.198997,0.000000,0.000000,1.000000,0.000000,0.000000,-0.198997,-0.000000,0.980000,0.000000,-0.020187,-0.000000,26.398827,1.000000;;,
   160;16;0.980000,-0.000000,0.198997,0.000000,0.000000,1.000000,0.000000,0.000000,-0.198997,-0.000000,0.980000,0.000000,-0.020187,-0.000000,26.398827,1.000000;;;
  }
 }

 Animation {
  
  { _17___head }

  AnimationKey  {
   4;
   2;
   0;16;0.061327,-0.000000,0.998118,0.000000,-0.000000,1.000000,0.000000,0.000000,-0.998118,-0.000000,0.061327,0.000000,-0.000961,0.000000,25.879035,1.000000;;,
   160;16;0.061327,-0.000000,0.998118,0.000000,-0.000000,1.000000,0.000000,0.000000,-0.998118,-0.000000,0.061327,0.000000,-0.000961,0.000000,25.879035,1.000000;;;
  }
 }

 Animation {
  
  { _22___head2 }

  AnimationKey  {
   4;
   2;
   0;16;0.167589,-0.000000,-0.985857,0.000000,-0.000000,1.000000,-0.000000,0.000000,0.985857,0.000000,0.167589,0.000000,22.449394,0.000001,-18.315704,1.000000;;,
   160;16;0.167589,-0.000000,-0.985857,0.000000,-0.000000,1.000000,-0.000000,0.000000,0.985857,0.000000,0.167589,0.000000,22.449394,0.000001,-18.315704,1.000000;;;
  }
 }

 Animation {
  
  { _22___head2_end }

  AnimationKey  {
   4;
   2;
   0;16;1.000000,0.000000,0.000000,0.000000,0.000000,1.000000,-0.000000,0.000000,0.000000,-0.000000,1.000000,0.000000,0.000000,-0.000000,1.000031,1.000000;;,
   160;16;1.000000,0.000000,0.000000,0.000000,0.000000,1.000000,-0.000000,0.000000,0.000000,-0.000000,1.000000,0.000000,0.000000,-0.000000,1.000031,1.000000;;;
  }
 }

 Animation {
  
  { _4___leg1l }

  AnimationKey  {
   4;
   2;
   0;16;0.943838,-0.000000,0.330411,0.000000,-0.000000,-1.000000,-0.000000,0.000000,0.330411,0.000000,-0.943838,0.000000,0.000000,34.857498,0.000008,1.000000;;,
   160;16;0.943838,-0.000000,0.330411,0.000000,-0.000000,-1.000000,-0.000000,0.000000,0.330411,0.000000,-0.943838,0.000000,0.000000,34.857498,0.000008,1.000000;;;
  }
 }

 Animation {
  
  { _8___leg2l }

  AnimationKey  {
   4;
   2;
   0;16;0.850725,-0.000000,0.525610,0.000000,0.000000,1.000000,-0.000000,0.000000,-0.525610,0.000000,0.850725,0.000000,-0.000954,-0.000111,58.025344,1.000000;;,
   160;16;0.850725,-0.000000,0.525610,0.000000,0.000000,1.000000,-0.000000,0.000000,-0.525610,0.000000,0.850725,0.000000,-0.000954,-0.000111,58.025344,1.000000;;;
  }
 }

 Animation {
  
  { _13___foot1l }

  AnimationKey  {
   4;
   2;
   0;16;0.976614,-0.000000,-0.215001,0.000000,0.000000,1.000000,-0.000000,0.000000,0.215002,0.000000,0.976614,0.000000,0.002644,-0.000004,55.121197,1.000000;;,
   160;16;0.976614,-0.000000,-0.215001,0.000000,0.000000,1.000000,-0.000000,0.000000,0.215002,0.000000,0.976614,0.000000,0.002644,-0.000004,55.121197,1.000000;;;
  }
 }

 Animation {
  
  { _18___foot2l }

  AnimationKey  {
   4;
   2;
   0;16;0.000001,0.000000,-1.000000,0.000000,-0.000000,1.000000,0.000000,0.000000,1.000000,0.000000,0.000001,0.000000,14.379986,0.000000,7.796302,1.000000;;,
   160;16;0.000001,0.000000,-1.000000,0.000000,-0.000000,1.000000,0.000000,0.000000,1.000000,0.000000,0.000001,0.000000,14.379986,0.000000,7.796302,1.000000;;;
  }
 }

 Animation {
  
  { _18___foot2l_end }

  AnimationKey  {
   4;
   2;
   0;16;1.000000,0.000000,0.000000,0.000000,0.000000,1.000000,0.000000,0.000000,0.000000,0.000000,1.000000,0.000000,0.000000,0.000000,0.999996,1.000000;;,
   160;16;1.000000,0.000000,0.000000,0.000000,0.000000,1.000000,0.000000,0.000000,0.000000,0.000000,1.000000,0.000000,0.000000,0.000000,0.999996,1.000000;;;
  }
 }

 Animation {
  
  { _5___leg1r }

  AnimationKey  {
   4;
   2;
   0;16;0.943838,-0.000000,0.330411,0.000000,-0.000000,-1.000000,-0.000000,0.000000,0.330411,0.000000,-0.943838,0.000000,0.000107,-34.857606,0.000008,1.000000;;,
   160;16;0.943838,-0.000000,0.330411,0.000000,-0.000000,-1.000000,-0.000000,0.000000,0.330411,0.000000,-0.943838,0.000000,0.000107,-34.857606,0.000008,1.000000;;;
  }
 }

 Animation {
  
  { _9___leg2r }

  AnimationKey  {
   4;
   2;
   0;16;0.850725,-0.000000,0.525611,0.000000,0.000000,1.000000,-0.000000,0.000000,-0.525611,0.000000,0.850725,0.000000,-0.000963,0.000000,58.025331,1.000000;;,
   160;16;0.850725,-0.000000,0.525611,0.000000,0.000000,1.000000,-0.000000,0.000000,-0.525611,0.000000,0.850725,0.000000,-0.000963,0.000000,58.025331,1.000000;;;
  }
 }

 Animation {
  
  { _14___foot1r }

  AnimationKey  {
   4;
   2;
   0;16;0.976614,-0.000000,-0.215003,0.000000,0.000000,1.000000,0.000000,0.000000,0.215003,-0.000000,0.976614,0.000000,0.002655,-0.000004,55.121184,1.000000;;,
   160;16;0.976614,-0.000000,-0.215003,0.000000,0.000000,1.000000,0.000000,0.000000,0.215003,-0.000000,0.976614,0.000000,0.002655,-0.000004,55.121184,1.000000;;;
  }
 }

 Animation {
  
  { _19___foot2r }

  AnimationKey  {
   4;
   2;
   0;16;0.000001,-0.000000,-1.000000,0.000000,-0.000000,1.000000,-0.000000,0.000000,1.000000,0.000000,0.000001,0.000000,14.379982,0.000000,7.796315,1.000000;;,
   160;16;0.000001,-0.000000,-1.000000,0.000000,-0.000000,1.000000,-0.000000,0.000000,1.000000,0.000000,0.000001,0.000000,14.379982,0.000000,7.796315,1.000000;;;
  }
 }

 Animation {
  
  { _19___foot2r_end }

  AnimationKey  {
   4;
   2;
   0;16;1.000000,-0.000000,0.000000,0.000000,0.000000,1.000000,0.000000,0.000000,0.000000,0.000000,1.000000,0.000000,0.000000,0.000000,1.000000,1.000000;;,
   160;16;1.000000,-0.000000,0.000000,0.000000,0.000000,1.000000,0.000000,0.000000,0.000000,0.000000,1.000000,0.000000,0.000000,0.000000,1.000000,1.000000;;;
  }
 }

 Animation {
  
  { _6___tail1 }

  AnimationKey  {
   4;
   2;
   0;16;-0.879501,-0.000000,0.475898,0.000000,-0.000000,1.000000,0.000000,0.000000,-0.475898,-0.000000,-0.879501,0.000000,-19.574691,-0.000101,9.001694,1.000000;;,
   160;16;-0.879501,-0.000000,0.475898,0.000000,-0.000000,1.000000,0.000000,0.000000,-0.475898,-0.000000,-0.879501,0.000000,-19.574691,-0.000101,9.001694,1.000000;;;
  }
 }

 Animation {
  
  { _6___tail1_end }

  AnimationKey  {
   4;
   2;
   0;16;1.000000,0.000000,0.000000,0.000000,0.000000,1.000000,0.000000,0.000000,0.000000,0.000000,1.000000,0.000000,0.000031,0.000000,1.000000,1.000000;;,
   160;16;1.000000,0.000000,0.000000,0.000000,0.000000,1.000000,0.000000,0.000000,0.000000,0.000000,1.000000,0.000000,0.000031,0.000000,1.000000,1.000000;;;
  }
 }

 Animation {
  
  { _2__-footsteps }

  AnimationKey  {
   4;
   2;
   0;16;-0.000000,0.000000,-1.000000,0.000000,0.000000,1.000000,0.000000,0.000000,1.000000,0.000000,-0.000000,0.000000,0.000000,-116.395802,0.000000,1.000000;;,
   160;16;-0.000000,0.000000,-1.000000,0.000000,0.000000,1.000000,0.000000,0.000000,1.000000,0.000000,-0.000000,0.000000,0.000000,-116.395802,0.000000,1.000000;;;
  }
 }

 Animation {
  
  { _2__-footsteps_end }

  AnimationKey  {
   4;
   2;
   0;16;1.000000,-0.000000,0.000000,0.000000,0.000000,1.000000,0.000000,0.000000,0.000000,-0.000000,1.000000,0.000000,-0.000000,0.000000,1.000000,1.000000;;,
   160;16;1.000000,-0.000000,0.000000,0.000000,0.000000,1.000000,0.000000,0.000000,0.000000,-0.000000,1.000000,0.000000,-0.000000,0.000000,1.000000,1.000000;;;
  }
 }
}