xof 0303txt 0032
template Frame {
 <3d82ab46-62da-11cf-ab39-0020af71e433>
 [...]
}

template Matrix4x4 {
 <f6f23f45-7686-11cf-8f52-0040333594a3>
 array FLOAT matrix[16];
}

template FrameTransformMatrix {
 <f6f23f41-7686-11cf-8f52-0040333594a3>
 Matrix4x4 frameMatrix;
}

template AnimTicksPerSecond {
 <9e415a43-7ba6-4a73-8743-b73d47e88476>
 DWORD AnimTicksPerSecond;
}

template Animation {
 <3d82ab4f-62da-11cf-ab39-0020af71e433>
 [...]
}

template AnimationSet {
 <3d82ab50-62da-11cf-ab39-0020af71e433>
 [Animation <3d82ab4f-62da-11cf-ab39-0020af71e433>]
}

template FloatKeys {
 <10dd46a9-775b-11cf-8f52-0040333594a3>
 DWORD nValues;
 array FLOAT values[nValues];
}

template TimedFloatKeys {
 <f406b180-7b3b-11cf-8f52-0040333594a3>
 DWORD time;
 FloatKeys tfkeys;
}

template AnimationKey {
 <10dd46a8-775b-11cf-8f52-0040333594a3>
 DWORD keyType;
 DWORD nKeys;
 array TimedFloatKeys keys[nKeys];
}


Frame ARM_bear_framework {
 

 FrameTransformMatrix {
  -0.003937,0.000000,-0.000000,0.000000,-0.000000,-0.000000,0.003937,0.000000,-0.000000,0.003937,0.000000,0.000000,0.000000,0.000000,0.000000,1.000000;;
 }

 Frame _0__-com {
  

  FrameTransformMatrix {
   0.958512,-0.283135,-0.032925,0.000000,0.285043,0.952101,0.110678,0.000000,0.000011,-0.115472,0.993308,0.000000,-0.000100,9.157800,142.071706,1.000000;;
  }

  Frame _1___body {
   

   FrameTransformMatrix {
    0.000000,-0.000000,1.000000,0.000000,1.000000,-0.000000,-0.000000,0.000000,0.000000,1.000000,0.000000,0.000000,-0.000773,0.002594,-66.889165,1.000000;;
   }

   Frame _3___chest {
    

    FrameTransformMatrix {
     -0.392024,0.121803,-0.911857,0.000000,0.042313,0.992535,0.114388,0.000000,0.918982,0.006260,-0.394251,0.000000,56.327981,-0.009899,21.814792,1.000000;;
    }

    Frame _7___neck1 {
     

     FrameTransformMatrix {
      0.524273,-0.000085,-0.851549,0.000000,-0.109063,0.991758,-0.067246,0.000000,0.844536,0.128128,0.519943,0.000000,-0.011017,-0.000001,102.579488,1.000000;;
     }

     Frame _10___claviclel {
      

      FrameTransformMatrix {
       -0.231568,0.937857,-0.258462,0.000000,-0.791548,-0.027196,0.610502,0.000000,0.565534,0.345957,0.748656,0.000000,10.181183,20.332702,-31.521296,1.000000;;
      }

      Frame _15___arm1l {
       

       FrameTransformMatrix {
        0.432926,-0.503682,-0.747582,0.000000,0.901424,0.239042,0.360962,0.000000,-0.003107,-0.830159,0.557518,0.000000,-0.001823,0.002045,50.674637,1.000000;;
       }

       Frame _20___arm2l {
        

        FrameTransformMatrix {
         0.173415,0.000000,0.984848,0.000000,-0.000000,1.000000,-0.000000,0.000000,-0.984848,-0.000000,0.173415,0.000000,0.001560,0.000633,57.367270,1.000000;;
        }

        Frame _23___hand1l {
         

         FrameTransformMatrix {
          0.484341,-0.277306,-0.829769,0.000000,0.740463,0.635081,0.219970,0.000000,0.465971,-0.720954,0.512930,0.000000,-0.001678,0.001678,60.926368,1.000000;;
         }

         Frame _25___hand2l {
          

          FrameTransformMatrix {
           0.801199,-0.000639,0.598398,0.000000,0.000798,1.000000,-0.000001,0.000000,-0.598398,0.000478,0.801200,0.000000,2.006287,0.006882,18.801026,1.000000;;
          }

          Frame _25___hand2l_end {
           

           FrameTransformMatrix {
            1.000000,0.000000,0.000000,0.000000,-0.000000,1.000000,0.000000,0.000000,-0.000000,0.000000,1.000000,0.000000,0.000000,-0.000004,1.000015,1.000000;;
           }
          }
         }
        }
       }
      }
     }

     Frame _11___clavicler {
      

      FrameTransformMatrix {
       -0.231325,-0.841417,-0.488370,0.000000,0.791569,0.129058,-0.597295,0.000000,0.565603,-0.524749,0.636186,0.000000,10.184586,-11.652703,-35.653296,1.000000;;
      }

      Frame _16___arm1r {
       

       FrameTransformMatrix {
        0.126207,0.538156,-0.833343,0.000000,-0.988556,0.138215,-0.060457,0.000000,0.082645,0.831436,0.549441,0.000000,-0.000938,0.000641,50.676742,1.000000;;
       }

       Frame _21___arm2r {
        

        FrameTransformMatrix {
         0.398606,0.000000,0.917123,0.000000,-0.000000,1.000000,-0.000000,0.000000,-0.917122,0.000000,0.398606,0.000000,0.000687,-0.000534,57.363706,1.000000;;
        }

        Frame _24___hand1r {
         

         FrameTransformMatrix {
          0.450372,0.571560,-0.685919,0.000000,-0.802375,0.596059,-0.030155,0.000000,0.391613,0.563944,0.727054,0.000000,0.002663,-0.002838,60.929856,1.000000;;
         }

         Frame _26___hand2r {
          

          FrameTransformMatrix {
           0.585338,0.000483,-0.810790,0.000000,-0.000815,1.000000,0.000007,0.000000,0.810789,0.000656,0.585338,0.000000,2.006859,-0.005733,18.800106,1.000000;;
          }

          Frame _26___hand2r_end {
           

           FrameTransformMatrix {
            1.000000,0.000000,-0.000000,0.000000,0.000000,1.000000,0.000000,0.000000,0.000000,0.000000,1.000000,0.000000,-0.000004,0.000000,1.000038,1.000000;;
           }
          }
         }
        }
       }
      }
     }

     Frame _12___neck2 {
      

      FrameTransformMatrix {
       0.938857,0.000000,-0.344306,0.000000,0.000000,1.000000,-0.000000,0.000000,0.344306,-0.000000,0.938857,0.000000,-0.019424,-0.000000,26.410102,1.000000;;
      }

      Frame _17___head {
       

       FrameTransformMatrix {
        0.244865,0.046520,0.968441,0.000000,0.182652,0.978751,-0.093198,0.000000,-0.952197,0.199708,0.231165,0.000000,0.000977,0.000911,25.879246,1.000000;;
       }

       Frame _22___head2 {
        

        FrameTransformMatrix {
         0.036088,-0.000000,-0.999348,0.000000,-0.000000,1.000000,-0.000000,0.000000,0.999348,-0.000000,0.036088,0.000000,22.452107,0.000000,-18.316086,1.000000;;
        }

        Frame _22___head2_end {
         

         FrameTransformMatrix {
          1.000000,0.000000,-0.000000,0.000000,0.000000,1.000000,-0.000000,0.000000,-0.000000,-0.000000,1.000000,0.000000,0.000000,0.000000,1.000008,1.000000;;
         }
        }
       }
      }
     }
    }
   }

   Frame _4___leg1l {
    

    FrameTransformMatrix {
     0.962386,-0.089553,-0.256503,0.000000,-0.216716,-0.822425,-0.525972,0.000000,-0.163852,0.561776,-0.810897,0.000000,-0.000443,34.857478,0.001446,1.000000;;
    }

    Frame _8___leg2l {
     

     FrameTransformMatrix {
      -0.021302,-0.000000,0.999772,0.000000,-0.000000,1.000000,0.000000,0.000000,-0.999772,-0.000000,-0.021302,0.000000,-0.002026,0.001919,58.025984,1.000000;;
     }

     Frame _13___foot1l {
      

      FrameTransformMatrix {
       0.951774,-0.173389,-0.253107,0.000000,0.097935,0.953530,-0.284937,0.000000,0.290750,0.246408,0.924525,0.000000,0.001747,0.000957,55.121107,1.000000;;
      }

      Frame _18___foot2l {
       

       FrameTransformMatrix {
        -0.000042,-0.000002,-1.000042,0.000000,-0.083058,0.996545,0.000002,0.000000,0.996586,0.083061,-0.000042,0.000000,14.380848,-0.000397,7.796200,1.000000;;
       }

       Frame _18___foot2l_end {
        

        FrameTransformMatrix {
         1.000000,0.000000,0.000000,0.000000,0.000000,1.000000,0.000000,0.000000,-0.000000,0.000000,1.000000,0.000000,-0.000000,-0.000004,1.000000,1.000000;;
        }
       }
      }
     }
    }
   }

   Frame _5___leg1r {
    

    FrameTransformMatrix {
     0.886661,0.056500,-0.458956,0.000000,0.190120,-0.949283,0.250433,0.000000,-0.421530,-0.309306,-0.852434,0.000000,0.000458,-34.857498,-0.001366,1.000000;;
    }

    Frame _9___leg2r {
     

     FrameTransformMatrix {
      -0.182967,0.000000,0.983120,0.000000,-0.000000,1.000000,-0.000000,0.000000,-0.983120,-0.000000,-0.182968,0.000000,-0.002029,0.000404,58.024493,1.000000;;
     }

     Frame _14___foot1r {
      

      FrameTransformMatrix {
       0.727190,-0.088527,-0.680703,0.000000,0.232668,0.964735,0.123091,0.000000,0.645802,-0.247889,0.722143,0.000000,0.001266,-0.001503,55.122976,1.000000;;
      }

      Frame _19___foot2r {
       

       FrameTransformMatrix {
        -0.000011,-0.000000,-1.000011,0.000000,-0.055348,0.998467,0.000000,0.000000,0.998478,0.055348,-0.000011,0.000000,14.380904,0.000259,7.796199,1.000000;;
       }

       Frame _19___foot2r_end {
        

        FrameTransformMatrix {
         1.000000,-0.000000,0.000000,0.000000,0.000000,1.000000,0.000000,0.000000,-0.000000,0.000000,1.000000,0.000000,0.000000,0.000004,1.000004,1.000000;;
        }
       }
      }
     }
    }
   }

   Frame _6___tail1 {
    

    FrameTransformMatrix {
     0.794325,-0.000000,0.607492,0.000000,0.000000,1.000000,-0.000000,0.000000,-0.607492,0.000000,0.794325,0.000000,-19.609200,-0.000001,8.998902,1.000000;;
    }

    Frame _6___tail1_end {
     

     FrameTransformMatrix {
      1.000000,0.000000,-0.000000,0.000000,-0.000000,1.000000,-0.000000,0.000000,0.000000,0.000000,1.000000,0.000000,-0.000004,0.000000,1.000002,1.000000;;
     }
    }
   }
  }

  Frame _2__-footsteps {
   

   FrameTransformMatrix {
    -0.283144,0.952098,-0.115463,0.000000,-0.032916,0.110672,0.993310,0.000000,0.958510,0.285051,0.000003,0.000000,4.675397,-15.720595,-141.121702,1.000000;;
   }

   Frame _2__-footsteps_end {
    

    FrameTransformMatrix {
     1.000000,0.000000,0.000000,0.000000,0.000000,1.000000,-0.000000,0.000000,-0.000000,0.000000,1.000000,0.000000,0.000000,0.000000,1.000000,1.000000;;
    }
   }
  }
 }
}

AnimTicksPerSecond  {
 4800;
}

AnimationSet Dummy {
 

 Animation {
  
  { ARM_bear_framework }

  AnimationKey  {
   4;
   2;
   0;16;-0.003937,0.000000,-0.000000,0.000000,-0.000000,-0.000000,0.003937,0.000000,-0.000000,0.003937,0.000000,0.000000,0.000000,0.000000,0.000000,1.000000;;,
   136000;16;-0.003937,0.000000,-0.000000,0.000000,-0.000000,-0.000000,0.003937,0.000000,-0.000000,0.003937,0.000000,0.000000,0.000000,0.000000,0.000000,1.000000;;;
  }
 }

 Animation {
  
  { _0__-com }

  AnimationKey  {
   4;
   851;
   0;16;0.958512,-0.283135,-0.032925,0.000000,0.285043,0.952101,0.110678,0.000000,0.000011,-0.115472,0.993308,0.000000,-0.000100,9.157800,142.071706,1.000000;;,
   160;16;0.958512,-0.283135,-0.032925,0.000000,0.285043,0.952090,0.110777,0.000000,-0.000017,-0.115566,0.993297,0.000000,-0.000100,9.148408,142.091482,1.000000;;,
   320;16;0.958512,-0.283135,-0.032925,0.000000,0.285043,0.952078,0.110875,0.000000,-0.000046,-0.115660,0.993286,0.000000,-0.000100,9.127343,142.111194,1.000000;;,
   480;16;0.958512,-0.283135,-0.032925,0.000000,0.285043,0.952056,0.111064,0.000000,-0.000100,-0.115841,0.993265,0.000000,-0.000100,9.102690,142.130957,1.000000;;,
   640;16;0.958512,-0.283135,-0.032925,0.000000,0.285043,0.952022,0.111362,0.000000,-0.000185,-0.116127,0.993232,0.000000,-0.000100,9.079534,142.150669,1.000000;;,
   800;16;0.958512,-0.283135,-0.032925,0.000000,0.285043,0.951981,0.111710,0.000000,-0.000285,-0.116461,0.993193,0.000000,-0.000100,9.059967,142.170394,1.000000;;,
   960;16;0.958512,-0.283135,-0.032925,0.000000,0.285043,0.951926,0.112180,0.000000,-0.000420,-0.116911,0.993140,0.000000,-0.000100,9.040399,142.190157,1.000000;;,
   1120;16;0.958512,-0.283135,-0.032925,0.000000,0.285042,0.951858,0.112756,0.000000,-0.000586,-0.117463,0.993074,0.000000,-0.000100,9.020832,142.209894,1.000000;;,
   1280;16;0.958512,-0.283135,-0.032925,0.000000,0.285042,0.951780,0.113413,0.000000,-0.000774,-0.118093,0.993000,0.000000,-0.000100,9.001267,142.229645,1.000000;;,
   1440;16;0.958512,-0.283135,-0.032925,0.000000,0.285041,0.951692,0.114151,0.000000,-0.000986,-0.118800,0.992915,0.000000,-0.000100,8.981700,142.249344,1.000000;;,
   1600;16;0.958512,-0.283135,-0.032925,0.000000,0.285040,0.951591,0.114994,0.000000,-0.001228,-0.119609,0.992818,0.000000,-0.000100,8.962134,142.269094,1.000000;;,
   1760;16;0.958512,-0.283135,-0.032925,0.000000,0.285039,0.951470,0.115990,0.000000,-0.001514,-0.120563,0.992702,0.000000,-0.000100,8.942566,142.288832,1.000000;;,
   1920;16;0.958512,-0.283135,-0.032925,0.000000,0.285037,0.951335,0.117096,0.000000,-0.001832,-0.121623,0.992572,0.000000,-0.000100,8.924978,142.308582,1.000000;;,
   2080;16;0.958512,-0.283135,-0.032925,0.000000,0.285035,0.951185,0.118317,0.000000,-0.002182,-0.122794,0.992427,0.000000,-0.000100,8.908218,142.328320,1.000000;;,
   2240;16;0.958512,-0.283135,-0.032925,0.000000,0.285032,0.951023,0.119615,0.000000,-0.002555,-0.124037,0.992272,0.000000,-0.000100,8.889478,142.348058,1.000000;;,
   2400;16;0.958512,-0.283135,-0.032925,0.000000,0.285028,0.950861,0.120903,0.000000,-0.002925,-0.125272,0.992116,0.000000,-0.000100,8.864300,142.367782,1.000000;;,
   2560;16;0.958512,-0.283135,-0.032925,0.000000,0.285024,0.950714,0.122066,0.000000,-0.003259,-0.126387,0.991973,0.000000,-0.000100,8.831435,142.387507,1.000000;;,
   2720;16;0.958512,-0.283135,-0.032925,0.000000,0.285021,0.950572,0.123173,0.000000,-0.003577,-0.127447,0.991837,0.000000,-0.000100,8.793901,142.434010,1.000000;;,
   2880;16;0.958512,-0.283135,-0.032925,0.000000,0.285016,0.950424,0.124320,0.000000,-0.003907,-0.128547,0.991693,0.000000,-0.000100,8.751878,142.489408,1.000000;;,
   3040;16;0.958512,-0.283135,-0.032925,0.000000,0.285011,0.950259,0.125590,0.000000,-0.004272,-0.129764,0.991533,0.000000,-0.000100,8.706245,142.544781,1.000000;;,
   3200;16;0.958512,-0.283135,-0.032925,0.000000,0.285004,0.950067,0.127052,0.000000,-0.004692,-0.131165,0.991347,0.000000,-0.000100,8.658576,142.600179,1.000000;;,
   3360;16;0.958512,-0.283135,-0.032925,0.000000,0.284996,0.949833,0.128803,0.000000,-0.005196,-0.132843,0.991121,0.000000,-0.000100,8.607281,142.655578,1.000000;;,
   3520;16;0.958512,-0.283135,-0.032925,0.000000,0.284985,0.949568,0.130769,0.000000,-0.005761,-0.134727,0.990864,0.000000,-0.000100,8.551897,142.710938,1.000000;;,
   3680;16;0.958512,-0.283135,-0.032925,0.000000,0.284972,0.949286,0.132826,0.000000,-0.006353,-0.136698,0.990590,0.000000,-0.000100,8.495254,142.770419,1.000000;;,
   3840;16;0.958512,-0.283135,-0.032925,0.000000,0.284958,0.948998,0.134901,0.000000,-0.006950,-0.138687,0.990310,0.000000,-0.000100,8.439137,142.833984,1.000000;;,
   4000;16;0.958512,-0.283135,-0.032925,0.000000,0.284943,0.948706,0.136969,0.000000,-0.007545,-0.140669,0.990026,0.000000,-0.000100,8.384275,142.897536,1.000000;;,
   4160;16;0.958512,-0.283135,-0.032925,0.000000,0.284926,0.948402,0.139091,0.000000,-0.008156,-0.142702,0.989730,0.000000,-0.000100,8.329415,142.961075,1.000000;;,
   4320;16;0.958512,-0.283135,-0.032925,0.000000,0.284908,0.948100,0.141171,0.000000,-0.008754,-0.144695,0.989435,0.000000,-0.000100,8.274556,143.024627,1.000000;;,
   4480;16;0.958512,-0.283135,-0.032925,0.000000,0.284890,0.947797,0.143228,0.000000,-0.009347,-0.146666,0.989140,0.000000,-0.000100,8.218095,143.093824,1.000000;;,
   4640;16;0.958512,-0.283135,-0.032925,0.000000,0.284870,0.947493,0.145264,0.000000,-0.009933,-0.148616,0.988842,0.000000,-0.000100,8.159930,143.168691,1.000000;;,
   4800;16;0.958512,-0.283135,-0.032925,0.000000,0.284849,0.947190,0.147266,0.000000,-0.010510,-0.150535,0.988546,0.000000,-0.000100,8.101466,143.243533,1.000000;;,
   4960;16;0.958512,-0.283135,-0.032925,0.000000,0.284829,0.946914,0.149070,0.000000,-0.011030,-0.152264,0.988276,0.000000,-0.000100,8.053414,143.318400,1.000000;;,
   5120;16;0.958512,-0.283135,-0.032925,0.000000,0.284810,0.946646,0.150800,0.000000,-0.011529,-0.153921,0.988013,0.000000,-0.000100,8.014136,143.393229,1.000000;;,
   5280;16;0.958512,-0.283135,-0.032925,0.000000,0.284790,0.946393,0.152414,0.000000,-0.011994,-0.155468,0.987766,0.000000,-0.000100,7.982938,143.494451,1.000000;;,
   5440;16;0.958512,-0.283135,-0.032925,0.000000,0.284773,0.946169,0.153835,0.000000,-0.012404,-0.156829,0.987545,0.000000,-0.000100,7.957502,143.621914,1.000000;;,
   5600;16;0.958512,-0.283135,-0.032925,0.000000,0.284759,0.945990,0.154953,0.000000,-0.012726,-0.157901,0.987371,0.000000,-0.000100,7.933900,143.749453,1.000000;;,
   5760;16;0.958512,-0.283135,-0.032925,0.000000,0.284748,0.945858,0.155781,0.000000,-0.012965,-0.158694,0.987240,0.000000,-0.000100,7.905882,143.833050,1.000000;;,
   5920;16;0.958512,-0.283135,-0.032925,0.000000,0.284740,0.945758,0.156398,0.000000,-0.013143,-0.159285,0.987143,0.000000,-0.000100,7.876624,143.916621,1.000000;;,
   6080;16;0.958512,-0.283135,-0.032925,0.000000,0.284735,0.945703,0.156743,0.000000,-0.013242,-0.159615,0.987088,0.000000,-0.000100,7.851122,144.000218,1.000000;;,
   6240;16;0.958512,-0.283135,-0.032925,0.000000,0.284733,0.945680,0.156885,0.000000,-0.013283,-0.159751,0.987066,0.000000,-0.000100,7.833377,144.096115,1.000000;;,
   6400;16;0.958512,-0.283135,-0.032925,0.000000,0.284731,0.945657,0.157027,0.000000,-0.013324,-0.159887,0.987043,0.000000,-0.000100,7.826400,144.229171,1.000000;;,
   6560;16;0.958512,-0.283135,-0.032925,0.000000,0.284733,0.945674,0.156921,0.000000,-0.013294,-0.159786,0.987060,0.000000,0.000022,7.839530,144.362189,1.000000;;,
   6720;16;0.958512,-0.283135,-0.032925,0.000000,0.284737,0.945728,0.156587,0.000000,-0.013198,-0.159466,0.987113,0.000000,0.000294,7.868969,144.532941,1.000000;;,
   6880;16;0.958512,-0.283135,-0.032925,0.000000,0.284744,0.945815,0.156048,0.000000,-0.013042,-0.158950,0.987198,0.000000,0.000614,7.903426,144.716211,1.000000;;,
   7040;16;0.958512,-0.283135,-0.032925,0.000000,0.284754,0.945929,0.155336,0.000000,-0.012837,-0.158267,0.987310,0.000000,0.000905,7.934501,144.895885,1.000000;;,
   7200;16;0.958512,-0.283135,-0.032925,0.000000,0.284764,0.946064,0.154496,0.000000,-0.012594,-0.157462,0.987442,0.000000,0.001123,7.956707,145.064525,1.000000;;,
   7360;16;0.958512,-0.283135,-0.032925,0.000000,0.284778,0.946239,0.153391,0.000000,-0.012276,-0.156403,0.987615,0.000000,0.001337,7.978266,145.233165,1.000000;;,
   7520;16;0.958512,-0.283135,-0.032925,0.000000,0.284794,0.946436,0.152144,0.000000,-0.011916,-0.155209,0.987807,0.000000,0.001636,8.012362,145.416640,1.000000;;,
   7680;16;0.958512,-0.283135,-0.032925,0.000000,0.284810,0.946647,0.150794,0.000000,-0.011527,-0.153916,0.988014,0.000000,0.002032,8.060732,145.605043,1.000000;;,
   7840;16;0.958512,-0.283135,-0.032925,0.000000,0.284826,0.946872,0.149340,0.000000,-0.011108,-0.152523,0.988235,0.000000,0.002524,8.123373,145.798387,1.000000;;,
   8000;16;0.958512,-0.283135,-0.032925,0.000000,0.284844,0.947118,0.147741,0.000000,-0.010647,-0.150990,0.988476,0.000000,0.003101,8.198551,146.006541,1.000000;;,
   8160;16;0.958512,-0.283135,-0.032925,0.000000,0.284862,0.947382,0.146001,0.000000,-0.010146,-0.149324,0.988734,0.000000,0.003674,8.273084,146.214682,1.000000;;,
   8320;16;0.958512,-0.283135,-0.032925,0.000000,0.284881,0.947658,0.144166,0.000000,-0.009617,-0.147565,0.989003,0.000000,0.004227,8.344671,146.422618,1.000000;;,
   8480;16;0.958512,-0.283135,-0.032925,0.000000,0.284899,0.947946,0.142224,0.000000,-0.009058,-0.145704,0.989284,0.000000,0.004775,8.415350,146.630528,1.000000;;,
   8640;16;0.958512,-0.283135,-0.032925,0.000000,0.284917,0.948239,0.140219,0.000000,-0.008480,-0.143782,0.989571,0.000000,0.005316,8.485120,146.834074,1.000000;;,
   8800;16;0.958512,-0.283135,-0.032925,0.000000,0.284933,0.948524,0.138246,0.000000,-0.007912,-0.141892,0.989848,0.000000,0.005833,8.551934,147.024781,1.000000;;,
   8960;16;0.958512,-0.283135,-0.032925,0.000000,0.284948,0.948792,0.136363,0.000000,-0.007370,-0.140088,0.990109,0.000000,0.006321,8.614794,147.215475,1.000000;;,
   9120;16;0.958512,-0.283135,-0.032925,0.000000,0.284961,0.949052,0.134511,0.000000,-0.006837,-0.138313,0.990363,0.000000,0.006790,8.675343,147.392320,1.000000;;,
   9280;16;0.958512,-0.283135,-0.032925,0.000000,0.284973,0.949306,0.132683,0.000000,-0.006311,-0.136561,0.990609,0.000000,0.007244,8.733904,147.564557,1.000000;;,
   9440;16;0.958512,-0.283135,-0.032925,0.000000,0.284984,0.949554,0.130869,0.000000,-0.005790,-0.134823,0.990850,0.000000,0.007686,8.791005,147.735514,1.000000;;,
   9600;16;0.958512,-0.283135,-0.032925,0.000000,0.284994,0.949799,0.129059,0.000000,-0.005269,-0.133089,0.991088,0.000000,0.008123,8.847392,147.902758,1.000000;;,
   9760;16;0.958512,-0.283135,-0.032925,0.000000,0.285003,0.950044,0.127224,0.000000,-0.004742,-0.131330,0.991325,0.000000,0.008568,8.904734,148.069990,1.000000;;,
   9920;16;0.958512,-0.283135,-0.032925,0.000000,0.285012,0.950290,0.125354,0.000000,-0.004204,-0.129538,0.991563,0.000000,0.009026,8.963902,148.247066,1.000000;;,
   10080;16;0.958512,-0.283135,-0.032925,0.000000,0.285019,0.950537,0.123446,0.000000,-0.003656,-0.127709,0.991803,0.000000,0.009501,9.025222,148.427405,1.000000;;,
   10240;16;0.958512,-0.283135,-0.032925,0.000000,0.285026,0.950788,0.121484,0.000000,-0.003092,-0.125829,0.992045,0.000000,0.009996,9.089072,148.613235,1.000000;;,
   10400;16;0.958512,-0.283135,-0.032925,0.000000,0.285032,0.951045,0.119441,0.000000,-0.002505,-0.123871,0.992293,0.000000,0.010514,9.155885,148.815552,1.000000;;,
   10560;16;0.958512,-0.283135,-0.032925,0.000000,0.285037,0.951308,0.117313,0.000000,-0.001894,-0.121831,0.992547,0.000000,0.011062,9.226642,149.017869,1.000000;;,
   10720;16;0.958512,-0.283135,-0.032925,0.000000,0.285040,0.951558,0.115265,0.000000,-0.001306,-0.119868,0.992787,0.000000,0.011610,9.297282,149.226048,1.000000;;,
   10880;16;0.958512,-0.283135,-0.032925,0.000000,0.285042,0.951794,0.113292,0.000000,-0.000739,-0.117977,0.993014,0.000000,0.012218,9.369853,149.436224,1.000000;;,
   11040;16;0.958512,-0.283135,-0.032925,0.000000,0.285043,0.952018,0.111391,0.000000,-0.000194,-0.116155,0.993229,0.000000,0.012891,9.444554,149.643802,1.000000;;,
   11200;16;0.958512,-0.283135,-0.032925,0.000000,0.285043,0.952230,0.109564,0.000000,0.000331,-0.114404,0.993432,0.000000,0.013577,9.519738,149.843584,1.000000;;,
   11360;16;0.958512,-0.283135,-0.032925,0.000000,0.285042,0.952419,0.107912,0.000000,0.000804,-0.112821,0.993613,0.000000,0.013835,9.578188,150.043354,1.000000;;,
   11520;16;0.958512,-0.283135,-0.032925,0.000000,0.285040,0.952598,0.106327,0.000000,0.001259,-0.111301,0.993784,0.000000,0.013854,9.622111,150.200230,1.000000;;,
   11680;16;0.958512,-0.283135,-0.032925,0.000000,0.285038,0.952763,0.104847,0.000000,0.001684,-0.109882,0.993941,0.000000,0.013745,9.652880,150.342758,1.000000;;,
   11840;16;0.958512,-0.283135,-0.032925,0.000000,0.285035,0.952908,0.103526,0.000000,0.002063,-0.108616,0.994079,0.000000,0.013592,9.674815,150.477734,1.000000;;,
   12000;16;0.958512,-0.283135,-0.032925,0.000000,0.285033,0.953027,0.102431,0.000000,0.002377,-0.107566,0.994193,0.000000,0.013450,9.695200,150.589965,1.000000;;,
   12160;16;0.958512,-0.283135,-0.032925,0.000000,0.285031,0.953128,0.101492,0.000000,0.002646,-0.106666,0.994289,0.000000,0.013397,9.721890,150.702234,1.000000;;,
   12320;16;0.958512,-0.283135,-0.032925,0.000000,0.285028,0.953215,0.100672,0.000000,0.002881,-0.105881,0.994372,0.000000,0.013344,9.749761,150.814541,1.000000;;,
   12480;16;0.958512,-0.283135,-0.032925,0.000000,0.285026,0.953281,0.100054,0.000000,0.003058,-0.105287,0.994435,0.000000,0.013279,9.774054,150.915226,1.000000;;,
   12640;16;0.958512,-0.283135,-0.032925,0.000000,0.285025,0.953318,0.099702,0.000000,0.003159,-0.104950,0.994470,0.000000,0.013177,9.789688,151.004339,1.000000;;,
   12800;16;0.958512,-0.283135,-0.032925,0.000000,0.285025,0.953322,0.099669,0.000000,0.003168,-0.104919,0.994473,0.000000,0.013000,9.791267,151.093414,1.000000;;,
   12960;16;0.958512,-0.283135,-0.032925,0.000000,0.285025,0.953325,0.099636,0.000000,0.003178,-0.104887,0.994477,0.000000,0.012619,9.792844,151.182515,1.000000;;,
   13120;16;0.958512,-0.283135,-0.032925,0.000000,0.285025,0.953329,0.099604,0.000000,0.003187,-0.104856,0.994480,0.000000,0.011983,9.780974,151.188685,1.000000;;,
   13280;16;0.958512,-0.283135,-0.032925,0.000000,0.285025,0.953332,0.099571,0.000000,0.003196,-0.104825,0.994483,0.000000,0.011174,9.757359,151.167270,1.000000;;,
   13440;16;0.958512,-0.283135,-0.032925,0.000000,0.285025,0.953326,0.099625,0.000000,0.003181,-0.104877,0.994478,0.000000,0.010261,9.724325,151.145843,1.000000;;,
   13600;16;0.958512,-0.283135,-0.032925,0.000000,0.285026,0.953294,0.099938,0.000000,0.003091,-0.105176,0.994447,0.000000,0.009304,9.684821,151.124390,1.000000;;,
   13760;16;0.958512,-0.283135,-0.032925,0.000000,0.285029,0.953184,0.100972,0.000000,0.002795,-0.106167,0.994342,0.000000,0.008165,9.630952,151.102963,1.000000;;,
   13920;16;0.958512,-0.283135,-0.032925,0.000000,0.285033,0.953040,0.102308,0.000000,0.002412,-0.107449,0.994205,0.000000,0.006872,9.564334,151.081549,1.000000;;,
   14080;16;0.958512,-0.283135,-0.032925,0.000000,0.285036,0.952889,0.103702,0.000000,0.002012,-0.108784,0.994061,0.000000,0.005539,9.493314,151.060109,1.000000;;,
   14240;16;0.958512,-0.283135,-0.032925,0.000000,0.285038,0.952729,0.105147,0.000000,0.001598,-0.110170,0.993909,0.000000,0.004170,9.418257,151.038656,1.000000;;,
   14400;16;0.958512,-0.283135,-0.032925,0.000000,0.285041,0.952536,0.106880,0.000000,0.001101,-0.111831,0.993724,0.000000,0.002662,9.331550,151.017229,1.000000;;,
   14560;16;0.958512,-0.283135,-0.032925,0.000000,0.285043,0.952198,0.109840,0.000000,0.000252,-0.114668,0.993402,0.000000,0.000452,9.192550,150.995802,1.000000;;,
   14720;16;0.958512,-0.283135,-0.032925,0.000000,0.285042,0.951750,0.113664,0.000000,-0.000846,-0.118334,0.992971,0.000000,-0.002275,9.016143,150.974336,1.000000;;,
   14880;16;0.958512,-0.283135,-0.032925,0.000000,0.285034,0.951176,0.118383,0.000000,-0.002201,-0.122857,0.992420,0.000000,-0.005524,8.801325,150.825472,1.000000;;,
   15040;16;0.958512,-0.283135,-0.032925,0.000000,0.285018,0.950483,0.123867,0.000000,-0.003777,-0.128113,0.991750,0.000000,-0.009198,8.554022,150.531648,1.000000;;,
   15200;16;0.958512,-0.283135,-0.032925,0.000000,0.284990,0.949695,0.129827,0.000000,-0.005490,-0.133825,0.990987,0.000000,-0.013100,8.287100,150.185498,1.000000;;,
   15360;16;0.958512,-0.283135,-0.032925,0.000000,0.284953,0.948890,0.135667,0.000000,-0.007170,-0.139421,0.990205,0.000000,-0.016856,8.026756,149.830259,1.000000;;,
   15520;16;0.958512,-0.283135,-0.032925,0.000000,0.284904,0.948035,0.141615,0.000000,-0.008882,-0.145121,0.989372,0.000000,-0.020626,7.762583,149.454221,1.000000;;,
   15680;16;0.958512,-0.283135,-0.032925,0.000000,0.284840,0.947059,0.148129,0.000000,-0.010759,-0.151362,0.988417,0.000000,-0.024704,7.474299,149.024000,1.000000;;,
   15840;16;0.958512,-0.283135,-0.032925,0.000000,0.284751,0.945897,0.155534,0.000000,-0.012893,-0.158457,0.987279,0.000000,-0.029312,7.147046,148.517504,1.000000;;,
   16000;16;0.958512,-0.283135,-0.032925,0.000000,0.284629,0.944498,0.164030,0.000000,-0.015345,-0.166597,0.985903,0.000000,-0.034600,6.771401,147.923802,1.000000;;,
   16160;16;0.958512,-0.283135,-0.032925,0.000000,0.284456,0.942728,0.174198,0.000000,-0.018282,-0.176337,0.984158,0.000000,-0.040969,6.319309,147.201139,1.000000;;,
   16320;16;0.958512,-0.283135,-0.032925,0.000000,0.284222,0.940596,0.185724,0.000000,-0.021616,-0.187377,0.982048,0.000000,-0.048177,5.806587,146.365466,1.000000;;,
   16480;16;0.958512,-0.283135,-0.032925,0.000000,0.283934,0.938216,0.197807,0.000000,-0.025115,-0.198949,0.979686,0.000000,-0.055673,5.272033,145.473459,1.000000;;,
   16640;16;0.958512,-0.283135,-0.032925,0.000000,0.283600,0.935672,0.209964,0.000000,-0.028641,-0.210591,0.977152,0.000000,-0.063107,4.740164,144.561421,1.000000;;,
   16800;16;0.958512,-0.283135,-0.032925,0.000000,0.283224,0.932997,0.222028,0.000000,-0.032145,-0.222142,0.974482,0.000000,-0.070336,4.221217,143.645350,1.000000;;,
   16960;16;0.958512,-0.283135,-0.032925,0.000000,0.282793,0.930100,0.234390,0.000000,-0.035740,-0.233977,0.971583,0.000000,-0.077623,3.695887,142.686080,1.000000;;,
   17120;16;0.958512,-0.283135,-0.032925,0.000000,0.282326,0.927113,0.246473,0.000000,-0.039260,-0.245543,0.968588,0.000000,-0.084908,3.170742,141.728064,1.000000;;,
   17280;16;0.958512,-0.283135,-0.032925,0.000000,0.281823,0.924029,0.258345,0.000000,-0.042723,-0.256906,0.965489,0.000000,-0.092287,2.639170,140.766362,1.000000;;,
   17440;16;0.958512,-0.283135,-0.032925,0.000000,0.281285,0.920850,0.270018,0.000000,-0.046133,-0.268078,0.962290,0.000000,-0.099767,2.100638,139.799795,1.000000;;,
   17600;16;0.958512,-0.283135,-0.032925,0.000000,0.280716,0.917595,0.281450,0.000000,-0.049477,-0.279017,0.959008,0.000000,-0.107267,1.560697,138.831232,1.000000;;,
   17760;16;0.958512,-0.283135,-0.032925,0.000000,0.280157,0.914482,0.291942,0.000000,-0.052550,-0.289055,0.955867,0.000000,-0.114093,1.069339,137.932736,1.000000;;,
   17920;16;0.958512,-0.283135,-0.032925,0.000000,0.279581,0.911350,0.302112,0.000000,-0.055532,-0.298784,0.952701,0.000000,-0.120605,0.600839,137.057331,1.000000;;,
   18080;16;0.958512,-0.283135,-0.032925,0.000000,0.279005,0.908280,0.311738,0.000000,-0.058359,-0.307992,0.949595,0.000000,-0.126699,0.162476,136.221286,1.000000;;,
   18240;16;0.958512,-0.283135,-0.032925,0.000000,0.278458,0.905419,0.320426,0.000000,-0.060913,-0.316301,0.946699,0.000000,-0.132169,-0.230926,135.459917,1.000000;;,
   18400;16;0.958512,-0.283135,-0.032925,0.000000,0.277987,0.902990,0.327610,0.000000,-0.063027,-0.323172,0.944237,0.000000,-0.136700,-0.557000,134.827610,1.000000;;,
   18560;16;0.958512,-0.283135,-0.032925,0.000000,0.277617,0.901101,0.333079,0.000000,-0.064638,-0.328401,0.942322,0.000000,-0.140196,-0.808978,134.344013,1.000000;;,
   18720;16;0.958512,-0.283135,-0.032925,0.000000,0.277324,0.899614,0.337315,0.000000,-0.065886,-0.332452,0.940813,0.000000,-0.142925,-1.005952,133.965542,1.000000;;,
   18880;16;0.958512,-0.283135,-0.032925,0.000000,0.277091,0.898444,0.340610,0.000000,-0.066857,-0.335603,0.939626,0.000000,-0.145044,-1.159130,133.670490,1.000000;;,
   19040;16;0.958512,-0.283135,-0.032925,0.000000,0.276893,0.897452,0.343375,0.000000,-0.067673,-0.338247,0.938619,0.000000,-0.146794,-1.285775,133.425498,1.000000;;,
   19200;16;0.958512,-0.283135,-0.032925,0.000000,0.276692,0.896449,0.346147,0.000000,-0.068491,-0.340897,0.937600,0.000000,-0.148500,-1.409200,133.185715,1.000000;;,
   19360;16;0.958512,-0.283135,-0.032925,0.000000,0.276491,0.895450,0.348881,0.000000,-0.069298,-0.343511,0.936586,0.000000,-0.150081,-1.523413,132.962138,1.000000;;,
   19520;16;0.958512,-0.283135,-0.032925,0.000000,0.276317,0.894591,0.351216,0.000000,-0.069987,-0.345743,0.935713,0.000000,-0.151347,-1.614968,132.779981,1.000000;;,
   19680;16;0.958512,-0.283135,-0.032925,0.000000,0.276156,0.893795,0.353362,0.000000,-0.070621,-0.347795,0.934905,0.000000,-0.152517,-1.699555,132.611648,1.000000;;,
   19840;16;0.958512,-0.283135,-0.032925,0.000000,0.275996,0.893010,0.355465,0.000000,-0.071242,-0.349806,0.934107,0.000000,-0.153727,-1.787049,132.438656,1.000000;;,
   20000;16;0.958512,-0.283135,-0.032925,0.000000,0.275833,0.892207,0.357602,0.000000,-0.071874,-0.351848,0.933291,0.000000,-0.155033,-1.881511,132.251917,1.000000;;,
   20160;16;0.958512,-0.283135,-0.032925,0.000000,0.275677,0.891446,0.359614,0.000000,-0.072469,-0.353772,0.932518,0.000000,-0.156340,-1.975973,132.065190,1.000000;;,
   20320;16;0.958512,-0.283135,-0.032925,0.000000,0.275527,0.890713,0.361539,0.000000,-0.073038,-0.355612,0.931773,0.000000,-0.157647,-2.070436,131.875674,1.000000;;,
   20480;16;0.958512,-0.283135,-0.032925,0.000000,0.275380,0.890001,0.363401,0.000000,-0.073588,-0.357392,0.931049,0.000000,-0.158989,-2.167322,131.685222,1.000000;;,
   20640;16;0.958512,-0.283135,-0.032925,0.000000,0.275237,0.889309,0.365199,0.000000,-0.074120,-0.359110,0.930345,0.000000,-0.160370,-2.266785,131.496602,1.000000;;,
   20800;16;0.958512,-0.283135,-0.032925,0.000000,0.275101,0.888647,0.366910,0.000000,-0.074626,-0.360746,0.929671,0.000000,-0.161757,-2.366704,131.313549,1.000000;;,
   20960;16;0.958512,-0.283135,-0.032925,0.000000,0.274972,0.888026,0.368506,0.000000,-0.075099,-0.362272,0.929039,0.000000,-0.162911,-2.450861,131.130458,1.000000;;,
   21120;16;0.958512,-0.283135,-0.032925,0.000000,0.274845,0.887414,0.370071,0.000000,-0.075562,-0.363768,0.928417,0.000000,-0.163871,-2.522000,130.984026,1.000000;;,
   21280;16;0.958512,-0.283135,-0.032925,0.000000,0.274723,0.886825,0.371570,0.000000,-0.076006,-0.365200,0.927819,0.000000,-0.164650,-2.581023,130.849766,1.000000;;,
   21440;16;0.958512,-0.283135,-0.032925,0.000000,0.274608,0.886277,0.372961,0.000000,-0.076418,-0.366530,0.927260,0.000000,-0.165299,-2.631060,130.722458,1.000000;;,
   21600;16;0.958512,-0.283134,-0.032925,0.000000,0.274506,0.885788,0.374194,0.000000,-0.076783,-0.367708,0.926763,0.000000,-0.165900,-2.677467,130.616077,1.000000;;,
   21760;16;0.958512,-0.283135,-0.032925,0.000000,0.274420,0.885376,0.375233,0.000000,-0.077091,-0.368702,0.926343,0.000000,-0.166480,-2.721642,130.509670,1.000000;;,
   21920;16;0.958512,-0.283135,-0.032925,0.000000,0.274346,0.885019,0.376128,0.000000,-0.077356,-0.369557,0.925980,0.000000,-0.167000,-2.761224,130.413722,1.000000;;,
   22080;16;0.958512,-0.283135,-0.032925,0.000000,0.274278,0.884697,0.376933,0.000000,-0.077594,-0.370327,0.925653,0.000000,-0.167500,-2.799276,130.321229,1.000000;;,
   22240;16;0.958512,-0.283134,-0.032925,0.000000,0.274213,0.884384,0.377714,0.000000,-0.077826,-0.371073,0.925334,0.000000,-0.168020,-2.838858,130.228710,1.000000;;,
   22400;16;0.958512,-0.283135,-0.032925,0.000000,0.274143,0.884051,0.378545,0.000000,-0.078072,-0.371867,0.924995,0.000000,-0.168600,-2.883034,130.136230,1.000000;;,
   22560;16;0.958512,-0.283135,-0.032925,0.000000,0.274064,0.883677,0.379473,0.000000,-0.078347,-0.372754,0.924614,0.000000,-0.169325,-2.937992,130.004595,1.000000;;,
   22720;16;0.958512,-0.283135,-0.032925,0.000000,0.273984,0.883296,0.380417,0.000000,-0.078627,-0.373656,0.924226,0.000000,-0.170109,-2.997387,129.872909,1.000000;;,
   22880;16;0.958512,-0.283135,-0.032925,0.000000,0.273907,0.882930,0.381321,0.000000,-0.078895,-0.374520,0.923854,0.000000,-0.170827,-3.052135,129.762778,1.000000;;,
   23040;16;0.958512,-0.283135,-0.032925,0.000000,0.273835,0.882591,0.382157,0.000000,-0.079143,-0.375319,0.923508,0.000000,-0.171401,-3.096702,129.674112,1.000000;;,
   23200;16;0.958512,-0.283135,-0.032925,0.000000,0.273769,0.882278,0.382925,0.000000,-0.079370,-0.376053,0.923190,0.000000,-0.171805,-3.129107,129.585421,1.000000;;,
   23360;16;0.958512,-0.283135,-0.032925,0.000000,0.273711,0.882000,0.383607,0.000000,-0.079573,-0.376705,0.922907,0.000000,-0.172043,-3.149471,129.496755,1.000000;;,
   23520;16;0.958512,-0.283135,-0.032925,0.000000,0.273656,0.881741,0.384241,0.000000,-0.079761,-0.377310,0.922643,0.000000,-0.172281,-3.170185,129.422579,1.000000;;,
   23680;16;0.958512,-0.283135,-0.032925,0.000000,0.273606,0.881502,0.384824,0.000000,-0.079934,-0.377868,0.922400,0.000000,-0.172547,-3.192867,129.353165,1.000000;;,
   23840;16;0.958512,-0.283135,-0.032925,0.000000,0.273558,0.881277,0.385374,0.000000,-0.080097,-0.378393,0.922171,0.000000,-0.172840,-3.217400,129.283814,1.000000;;,
   24000;16;0.958512,-0.283134,-0.032925,0.000000,0.273510,0.881051,0.385923,0.000000,-0.080260,-0.378918,0.921941,0.000000,-0.173133,-3.241933,129.214464,1.000000;;,
   24160;16;0.958512,-0.283135,-0.032925,0.000000,0.273472,0.880874,0.386355,0.000000,-0.080388,-0.379331,0.921760,0.000000,-0.173427,-3.266467,129.136051,1.000000;;,
   24320;16;0.958512,-0.283135,-0.032925,0.000000,0.273435,0.880696,0.386786,0.000000,-0.080516,-0.379743,0.921579,0.000000,-0.173774,-3.295023,129.057664,1.000000;;,
   24480;16;0.958512,-0.283135,-0.032925,0.000000,0.273402,0.880543,0.387157,0.000000,-0.080626,-0.380097,0.921423,0.000000,-0.174143,-3.325258,128.979238,1.000000;;,
   24640;16;0.958512,-0.283135,-0.032925,0.000000,0.273375,0.880416,0.387466,0.000000,-0.080718,-0.380393,0.921293,0.000000,-0.174420,-3.351471,128.915789,1.000000;;,
   24800;16;0.958512,-0.283135,-0.032925,0.000000,0.273348,0.880288,0.387776,0.000000,-0.080809,-0.380689,0.921163,0.000000,-0.174404,-3.364600,128.897139,1.000000;;,
   24960;16;0.958512,-0.283135,-0.032925,0.000000,0.273336,0.880230,0.387916,0.000000,-0.080851,-0.380823,0.921104,0.000000,-0.174388,-3.365721,128.878438,1.000000;;,
   25120;16;0.958512,-0.283135,-0.032925,0.000000,0.273323,0.880172,0.388056,0.000000,-0.080893,-0.380957,0.921045,0.000000,-0.174371,-3.366842,128.859750,1.000000;;,
   25280;16;0.958512,-0.283135,-0.032925,0.000000,0.273311,0.880114,0.388196,0.000000,-0.080934,-0.381090,0.920986,0.000000,-0.174355,-3.367963,128.841126,1.000000;;,
   25440;16;0.958512,-0.283135,-0.032925,0.000000,0.273299,0.880056,0.388336,0.000000,-0.080976,-0.381224,0.920927,0.000000,-0.174339,-3.369084,128.822438,1.000000;;,
   25600;16;0.958512,-0.283135,-0.032925,0.000000,0.273287,0.879998,0.388476,0.000000,-0.081017,-0.381358,0.920868,0.000000,-0.174323,-3.370205,128.803814,1.000000;;,
   25760;16;0.958512,-0.283135,-0.032925,0.000000,0.273274,0.879940,0.388616,0.000000,-0.081059,-0.381492,0.920809,0.000000,-0.174307,-3.371326,128.785114,1.000000;;,
   25920;16;0.958512,-0.283135,-0.032925,0.000000,0.273276,0.879949,0.388596,0.000000,-0.081053,-0.381472,0.920817,0.000000,-0.174290,-3.372446,128.766477,1.000000;;,
   26080;16;0.958512,-0.283135,-0.032925,0.000000,0.273283,0.879979,0.388522,0.000000,-0.081031,-0.381401,0.920849,0.000000,-0.174274,-3.373689,128.747814,1.000000;;,
   26240;16;0.958512,-0.283135,-0.032925,0.000000,0.273289,0.880010,0.388448,0.000000,-0.081009,-0.381331,0.920880,0.000000,-0.174258,-3.375052,128.729126,1.000000;;,
   26400;16;0.958512,-0.283135,-0.032925,0.000000,0.273296,0.880041,0.388374,0.000000,-0.080987,-0.381260,0.920911,0.000000,-0.174242,-3.376416,128.710477,1.000000;;,
   26560;16;0.958512,-0.283135,-0.032925,0.000000,0.273302,0.880071,0.388300,0.000000,-0.080965,-0.381189,0.920942,0.000000,-0.174226,-3.377780,128.691802,1.000000;;,
   26720;16;0.958512,-0.283135,-0.032925,0.000000,0.273309,0.880102,0.388226,0.000000,-0.080943,-0.381118,0.920974,0.000000,-0.174209,-3.379144,128.673152,1.000000;;,
   26880;16;0.958512,-0.283135,-0.032925,0.000000,0.273315,0.880133,0.388152,0.000000,-0.080921,-0.381048,0.921005,0.000000,-0.174193,-3.379542,128.654490,1.000000;;,
   27040;16;0.958512,-0.283135,-0.032925,0.000000,0.273322,0.880163,0.388078,0.000000,-0.080899,-0.380977,0.921036,0.000000,-0.174177,-3.378976,128.646886,1.000000;;,
   27200;16;0.958512,-0.283135,-0.032925,0.000000,0.273328,0.880194,0.388004,0.000000,-0.080877,-0.380906,0.921067,0.000000,-0.174161,-3.378409,128.672333,1.000000;;,
   27360;16;0.958512,-0.283135,-0.032925,0.000000,0.273335,0.880224,0.387929,0.000000,-0.080855,-0.380836,0.921098,0.000000,-0.174144,-3.377842,128.697818,1.000000;;,
   27520;16;0.958512,-0.283135,-0.032925,0.000000,0.273341,0.880255,0.387856,0.000000,-0.080833,-0.380765,0.921130,0.000000,-0.174128,-3.377276,128.723302,1.000000;;,
   27680;16;0.958512,-0.283135,-0.032925,0.000000,0.273348,0.880286,0.387781,0.000000,-0.080811,-0.380694,0.921161,0.000000,-0.174112,-3.376710,128.748762,1.000000;;,
   27840;16;0.958512,-0.283135,-0.032925,0.000000,0.273357,0.880329,0.387677,0.000000,-0.080780,-0.380595,0.921205,0.000000,-0.174096,-3.376144,128.774272,1.000000;;,
   28000;16;0.958512,-0.283135,-0.032925,0.000000,0.273374,0.880409,0.387483,0.000000,-0.080722,-0.380409,0.921286,0.000000,-0.174080,-3.375577,128.799757,1.000000;;,
   28160;16;0.958512,-0.283135,-0.032925,0.000000,0.273391,0.880489,0.387288,0.000000,-0.080665,-0.380223,0.921368,0.000000,-0.174063,-3.369622,128.825229,1.000000;;,
   28320;16;0.958512,-0.283135,-0.032925,0.000000,0.273408,0.880570,0.387093,0.000000,-0.080607,-0.380037,0.921450,0.000000,-0.174011,-3.362428,128.850688,1.000000;;,
   28480;16;0.958512,-0.283135,-0.032925,0.000000,0.273425,0.880650,0.386899,0.000000,-0.080549,-0.379850,0.921532,0.000000,-0.173947,-3.354110,128.876173,1.000000;;,
   28640;16;0.958512,-0.283135,-0.032925,0.000000,0.273442,0.880732,0.386701,0.000000,-0.080490,-0.379661,0.921615,0.000000,-0.173883,-3.344810,128.901658,1.000000;;,
   28800;16;0.958512,-0.283135,-0.032925,0.000000,0.273461,0.880818,0.386492,0.000000,-0.080428,-0.379462,0.921702,0.000000,-0.173818,-3.334704,128.927130,1.000000;;,
   28960;16;0.958512,-0.283135,-0.032925,0.000000,0.273479,0.880903,0.386283,0.000000,-0.080366,-0.379262,0.921790,0.000000,-0.173754,-3.323956,128.952640,1.000000;;,
