xof 0303txt 0032
template Frame {
 <3d82ab46-62da-11cf-ab39-0020af71e433>
 [...]
}

template Matrix4x4 {
 <f6f23f45-7686-11cf-8f52-0040333594a3>
 array FLOAT matrix[16];
}

template FrameTransformMatrix {
 <f6f23f41-7686-11cf-8f52-0040333594a3>
 Matrix4x4 frameMatrix;
}

template AnimTicksPerSecond {
 <9e415a43-7ba6-4a73-8743-b73d47e88476>
 DWORD AnimTicksPerSecond;
}

template Animation {
 <3d82ab4f-62da-11cf-ab39-0020af71e433>
 [...]
}

template AnimationSet {
 <3d82ab50-62da-11cf-ab39-0020af71e433>
 [Animation <3d82ab4f-62da-11cf-ab39-0020af71e433>]
}

template FloatKeys {
 <10dd46a9-775b-11cf-8f52-0040333594a3>
 DWORD nValues;
 array FLOAT values[nValues];
}

template TimedFloatKeys {
 <f406b180-7b3b-11cf-8f52-0040333594a3>
 DWORD time;
 FloatKeys tfkeys;
}

template AnimationKey {
 <10dd46a8-775b-11cf-8f52-0040333594a3>
 DWORD keyType;
 DWORD nKeys;
 array TimedFloatKeys keys[nKeys];
}


Frame ARM_bear_framework {
 

 FrameTransformMatrix {
  -0.003937,0.000000,-0.000000,0.000000,-0.000000,-0.000000,0.003937,0.000000,-0.000000,0.003937,0.000000,0.000000,0.000000,0.000000,0.000000,1.000000;;
 }

 Frame _0__-com {
  

  FrameTransformMatrix {
   0.958514,-0.283135,-0.032925,0.000000,0.285043,0.952103,0.110679,0.000000,0.000011,-0.115472,0.993310,0.000000,-0.000100,9.157800,142.071706,1.000000;;
  }

  Frame _1___body {
   

   FrameTransformMatrix {
    0.000055,0.000118,1.000000,0.000000,1.000000,0.000055,-0.000055,0.000000,-0.000055,1.000000,-0.000118,0.000000,-0.000773,0.002594,-66.889197,1.000000;;
   }

   Frame _3___chest {
    

    FrameTransformMatrix {
     -0.392023,0.121802,-0.911856,0.000000,0.042313,0.992535,0.114388,0.000000,0.918982,0.006260,-0.394250,0.000000,56.327994,-0.009900,21.814800,1.000000;;
    }

    Frame _7___neck1 {
     

     FrameTransformMatrix {
      0.524273,-0.000085,-0.851550,0.000000,-0.109063,0.991758,-0.067246,0.000000,0.844537,0.128128,0.519943,0.000000,-0.010986,0.000000,102.579469,1.000000;;
     }

     Frame _10___claviclel {
      

      FrameTransformMatrix {
       -0.231568,0.937856,-0.258461,0.000000,-0.791548,-0.027196,0.610502,0.000000,0.565534,0.345957,0.748656,0.000000,10.181214,20.332702,-31.521293,1.000000;;
      }

      Frame _15___arm1l {
       

       FrameTransformMatrix {
        0.432926,-0.503682,-0.747582,0.000000,0.901424,0.239041,0.360962,0.000000,-0.003107,-0.830159,0.557518,0.000000,-0.001793,0.002014,50.674554,1.000000;;
       }

       Frame _20___arm2l {
        

        FrameTransformMatrix {
         0.173415,-0.000000,0.984848,0.000000,-0.000000,1.000000,0.000000,0.000000,-0.984848,0.000000,0.173415,0.000000,0.001468,0.000664,57.367277,1.000000;;
        }

        Frame _23___hand1l {
         

         FrameTransformMatrix {
          0.484341,-0.277306,-0.829769,0.000000,0.740463,0.635081,0.219971,0.000000,0.465971,-0.720953,0.512930,0.000000,-0.001648,0.001663,60.926336,1.000000;;
         }

         Frame _25___hand2l {
          

          FrameTransformMatrix {
           0.801199,-0.000639,0.598398,0.000000,0.000798,1.000000,-0.000001,0.000000,-0.598397,0.000478,0.801199,0.000000,2.006302,0.006874,18.801034,1.000000;;
          }

          Frame _25___hand2l_end {
           

           FrameTransformMatrix {
            1.000000,-0.000000,-0.000000,0.000000,0.000000,1.000000,0.000000,0.000000,-0.000000,-0.000000,1.000000,0.000000,0.000000,0.000000,1.000023,1.000000;;
           }
          }
         }
        }
       }
      }
     }

     Frame _11___clavicler {
      

      FrameTransformMatrix {
       -0.231326,-0.841417,-0.488370,0.000000,0.791569,0.129057,-0.597295,0.000000,0.565602,-0.524749,0.636186,0.000000,10.184601,-11.652798,-35.653290,1.000000;;
      }

      Frame _16___arm1r {
       

       FrameTransformMatrix {
        0.126207,0.538156,-0.833343,0.000000,-0.988555,0.138215,-0.060457,0.000000,0.082645,0.831435,0.549441,0.000000,-0.000946,0.000610,50.676736,1.000000;;
       }

       Frame _21___arm2r {
        

        FrameTransformMatrix {
         0.398606,0.000000,0.917122,0.000000,-0.000000,1.000000,-0.000000,0.000000,-0.917122,0.000000,0.398606,0.000000,0.000692,-0.000542,57.363706,1.000000;;
        }

        Frame _24___hand1r {
         

         FrameTransformMatrix {
          0.450372,0.571560,-0.685918,0.000000,-0.802374,0.596059,-0.030155,0.000000,0.391612,0.563944,0.727053,0.000000,0.002670,-0.002831,60.929856,1.000000;;
         }

         Frame _26___hand2r {
          

          FrameTransformMatrix {
           0.585337,0.000483,-0.810790,0.000000,-0.000814,1.000000,0.000007,0.000000,0.810789,0.000656,0.585338,0.000000,2.006836,-0.005707,18.800106,1.000000;;
          }

          Frame _26___hand2r_end {
           

           FrameTransformMatrix {
            1.000000,-0.000000,0.000000,0.000000,-0.000000,1.000000,0.000000,0.000000,0.000000,0.000000,1.000000,0.000000,0.000000,0.000000,1.000023,1.000000;;
           }
          }
         }
        }
       }
      }
     }

     Frame _12___neck2 {
      

      FrameTransformMatrix {
       0.938857,0.000000,-0.344306,0.000000,0.000000,1.000000,-0.000000,0.000000,0.344306,0.000000,0.938857,0.000000,-0.019424,-0.000000,26.410091,1.000000;;
      }

      Frame _17___head {
       

       FrameTransformMatrix {
        0.244865,0.046520,0.968440,0.000000,0.182652,0.978751,-0.093198,0.000000,-0.952197,0.199708,0.231164,0.000000,0.000992,0.000911,25.879253,1.000000;;
       }

       Frame _22___head2 {
        

        FrameTransformMatrix {
         0.036089,0.000000,-0.999349,0.000000,-0.000000,1.000000,0.000000,0.000000,0.999349,0.000000,0.036088,0.000000,22.452094,-0.000008,-18.316056,1.000000;;
        }

        Frame _22___head2_end {
         

         FrameTransformMatrix {
          1.000000,0.000000,-0.000000,0.000000,0.000000,1.000000,-0.000000,0.000000,0.000000,0.000000,1.000000,0.000000,0.000015,0.000008,1.000023,1.000000;;
         }
        }
       }
      }
     }
    }
   }

   Frame _4___leg1l {
    

    FrameTransformMatrix {
     0.962386,-0.089553,-0.256503,0.000000,-0.216716,-0.822427,-0.525973,0.000000,-0.163852,0.561778,-0.810900,0.000000,-0.000443,34.857482,0.001446,1.000000;;
    }

    Frame _8___leg2l {
     

     FrameTransformMatrix {
      -0.021302,0.000000,0.999773,0.000000,0.000000,1.000000,0.000000,0.000000,-0.999773,0.000000,-0.021302,0.000000,-0.002026,0.001930,58.025984,1.000000;;
     }

     Frame _13___foot1l {
      

      FrameTransformMatrix {
       0.951774,-0.173389,-0.253107,0.000000,0.097935,0.953530,-0.284937,0.000000,0.290750,0.246408,0.924525,0.000000,0.001755,0.000961,55.121101,1.000000;;
      }

      Frame _18___foot2l {
       

       FrameTransformMatrix {
        -0.000042,-0.000002,-1.000042,0.000000,-0.083058,0.996545,0.000002,0.000000,0.996586,0.083061,-0.000042,0.000000,14.380859,-0.000397,7.796200,1.000000;;
       }

       Frame _18___foot2l_end {
        

        FrameTransformMatrix {
         1.000000,-0.000000,-0.000000,0.000000,0.000000,1.000000,0.000000,0.000000,0.000000,0.000000,1.000000,0.000000,0.000000,0.000000,0.999996,1.000000;;
        }
       }
      }
     }
    }
   }

   Frame _5___leg1r {
    

    FrameTransformMatrix {
     0.886661,0.056500,-0.458956,0.000000,0.190120,-0.949282,0.250433,0.000000,-0.421529,-0.309306,-0.852433,0.000000,0.000465,-34.857501,-0.001366,1.000000;;
    }

    Frame _9___leg2r {
     

     FrameTransformMatrix {
      -0.182967,0.000000,0.983119,0.000000,0.000000,1.000000,-0.000000,0.000000,-0.983119,0.000000,-0.182967,0.000000,-0.002037,0.000412,58.024493,1.000000;;
     }

     Frame _14___foot1r {
      

      FrameTransformMatrix {
       0.727190,-0.088527,-0.680703,0.000000,0.232668,0.964735,0.123091,0.000000,0.645801,-0.247889,0.722143,0.000000,0.001272,-0.001488,55.122976,1.000000;;
      }

      Frame _19___foot2r {
       

       FrameTransformMatrix {
        -0.000011,-0.000000,-1.000012,0.000000,-0.055348,0.998467,0.000000,0.000000,0.998479,0.055348,-0.000011,0.000000,14.380902,0.000256,7.796201,1.000000;;
       }

       Frame _19___foot2r_end {
        

        FrameTransformMatrix {
         1.000000,0.000000,0.000000,0.000000,0.000000,1.000000,-0.000000,0.000000,0.000000,0.000000,1.000000,0.000000,0.000000,0.000004,1.000004,1.000000;;
        }
       }
      }
     }
    }
   }

   Frame _6___tail1 {
    

    FrameTransformMatrix {
     0.794326,-0.000000,0.607493,0.000000,0.000000,1.000000,0.000000,0.000000,-0.607492,-0.000000,0.794326,0.000000,-19.609203,0.000000,8.998898,1.000000;;
    }

    Frame _6___tail1_end {
     

     FrameTransformMatrix {
      1.000000,-0.000000,0.000000,0.000000,-0.000000,1.000000,-0.000000,0.000000,0.000000,-0.000000,1.000000,0.000000,-0.000004,-0.000001,1.000002,1.000000;;
     }
    }
   }
  }

  Frame _2__-footsteps {
   

   FrameTransformMatrix {
    -0.283145,0.952102,-0.115463,0.000000,-0.032916,0.110672,0.993312,0.000000,0.958512,0.285052,0.000003,0.000000,4.675398,-15.720592,-141.121702,1.000000;;
   }

   Frame _2__-footsteps_end {
    

    FrameTransformMatrix {
     1.000000,0.000000,0.000000,0.000000,-0.000000,1.000000,0.000000,0.000000,-0.000000,-0.000000,1.000000,0.000000,0.000000,-0.000000,1.000000,1.000000;;
    }
   }
  }
 }
}

AnimTicksPerSecond  {
 4800;
}

AnimationSet Dummy {
 

 Animation {
  
  { ARM_bear_framework }

  AnimationKey  {
   4;
   2;
   0;16;-0.003937,0.000000,-0.000000,0.000000,-0.000000,-0.000000,0.003937,0.000000,-0.000000,0.003937,0.000000,0.000000,0.000000,0.000000,0.000000,1.000000;;,
   41600;16;-0.003937,0.000000,-0.000000,0.000000,-0.000000,-0.000000,0.003937,0.000000,-0.000000,0.003937,0.000000,0.000000,0.000000,0.000000,0.000000,1.000000;;;
  }
 }

 Animation {
  
  { _0__-com }

  AnimationKey  {
   4;
   246;
   0;16;0.958514,-0.283135,-0.032925,0.000000,0.285043,0.952103,0.110679,0.000000,0.000011,-0.115472,0.993310,0.000000,-0.000100,9.157800,142.071706,1.000000;;,
   160;16;0.959503,-0.279825,-0.032418,0.000000,0.281696,0.953174,0.110025,0.000000,0.000113,-0.114702,0.993399,0.000000,0.213988,9.129718,142.298330,1.000000;;,
   320;16;0.961708,-0.272283,-0.031279,0.000000,0.274074,0.955564,0.108532,0.000000,0.000338,-0.112949,0.993600,0.000000,0.704753,9.069426,142.816102,1.000000;;,
   480;16;0.964256,-0.263272,-0.029931,0.000000,0.264967,0.958332,0.106735,0.000000,0.000583,-0.110850,0.993837,0.000000,1.295750,9.003030,143.436966,1.000000;;,
   640;16;0.966632,-0.254561,-0.028644,0.000000,0.256166,0.960914,0.104982,0.000000,0.000800,-0.108817,0.994061,0.000000,1.875453,8.946830,144.042112,1.000000;;,
   800;16;0.968644,-0.246919,-0.027530,0.000000,0.248447,0.963107,0.103433,0.000000,0.000974,-0.107030,0.994255,0.000000,2.397264,8.907354,144.582080,1.000000;;,
   960;16;0.970667,-0.238970,-0.026391,0.000000,0.240420,0.965314,0.101812,0.000000,0.001145,-0.105171,0.994453,0.000000,2.949405,8.875478,145.149184,1.000000;;,
   1120;16;0.972660,-0.230855,-0.025243,0.000000,0.232228,0.967492,0.100147,0.000000,0.001303,-0.103272,0.994652,0.000000,3.500667,8.843384,145.715482,1.000000;;,
   1280;16;0.974609,-0.222608,-0.024093,0.000000,0.223903,0.969626,0.098446,0.000000,0.001446,-0.101341,0.994850,0.000000,4.045028,8.809560,146.275776,1.000000;;,
   1440;16;0.976514,-0.214226,-0.022939,0.000000,0.215445,0.971715,0.096708,0.000000,0.001573,-0.099379,0.995048,0.000000,4.582659,8.774046,146.830157,1.000000;;,
   1600;16;0.978378,-0.205670,-0.021779,0.000000,0.206813,0.973764,0.094924,0.000000,0.001684,-0.097376,0.995246,0.000000,5.119923,8.738441,147.384218,1.000000;;,
   1760;16;0.980185,-0.197005,-0.020626,0.000000,0.198074,0.975754,0.093111,0.000000,0.001783,-0.095351,0.995442,0.000000,5.669825,8.706008,147.948762,1.000000;;,
   1920;16;0.981961,-0.188077,-0.019457,0.000000,0.189071,0.977715,0.091234,0.000000,0.001865,-0.093267,0.995639,0.000000,6.244318,8.675842,148.536230,1.000000;;,
   2080;16;0.983682,-0.178982,-0.018284,0.000000,0.179903,0.979621,0.089313,0.000000,0.001927,-0.091145,0.995835,0.000000,6.834431,8.647970,149.137728,1.000000;;,
   2240;16;0.985290,-0.170022,-0.017147,0.000000,0.170873,0.981408,0.087411,0.000000,0.001966,-0.089055,0.996024,0.000000,7.417591,8.622260,149.730931,1.000000;;,
   2400;16;0.986706,-0.161710,-0.016108,0.000000,0.162498,0.982985,0.085640,0.000000,0.001985,-0.087119,0.996196,0.000000,7.957634,8.598434,150.280269,1.000000;;,
   2560;16;0.987869,-0.154537,-0.015229,0.000000,0.155272,0.984284,0.084108,0.000000,0.001991,-0.085453,0.996340,0.000000,8.419732,8.577058,150.750976,1.000000;;,
   2720;16;0.988869,-0.148080,-0.014446,0.000000,0.148769,0.985405,0.082725,0.000000,0.001986,-0.083954,0.996467,0.000000,8.833782,8.557905,151.172749,1.000000;;,
   2880;16;0.989788,-0.141879,-0.013704,0.000000,0.142525,0.986438,0.081393,0.000000,0.001970,-0.082516,0.996587,0.000000,9.231822,8.539494,151.578202,1.000000;;,
   3040;16;0.990697,-0.135466,-0.012946,0.000000,0.136069,0.987463,0.080013,0.000000,0.001945,-0.081031,0.996709,0.000000,9.645871,8.520342,151.999974,1.000000;;,
   3200;16;0.991652,-0.128366,-0.012118,0.000000,0.128923,0.988544,0.078481,0.000000,0.001904,-0.079389,0.996841,0.000000,10.107967,8.498967,152.470643,1.000000;;,
   3360;16;0.992692,-0.120146,-0.011177,0.000000,0.120650,0.989727,0.076705,0.000000,0.001847,-0.077493,0.996991,0.000000,10.650340,8.475726,153.022618,1.000000;;,
   3520;16;0.993732,-0.111319,-0.010185,0.000000,0.111770,0.990915,0.074791,0.000000,0.001766,-0.075461,0.997147,0.000000,11.236050,8.450656,153.618726,1.000000;;,
   3680;16;0.994700,-0.102405,-0.009199,0.000000,0.102804,0.992030,0.072854,0.000000,0.001665,-0.073413,0.997300,0.000000,11.825000,8.422488,154.218893,1.000000;;,
   3840;16;0.995565,-0.093707,-0.008254,0.000000,0.094057,0.993034,0.070959,0.000000,0.001547,-0.071421,0.997445,0.000000,12.394001,8.390950,154.799795,1.000000;;,
   4000;16;0.996327,-0.085307,-0.007357,0.000000,0.085612,0.993927,0.069125,0.000000,0.001416,-0.069501,0.997580,0.000000,12.936801,8.356742,155.354816,1.000000;;,
   4160;16;0.997001,-0.077102,-0.006502,0.000000,0.077365,0.994726,0.067333,0.000000,0.001276,-0.067635,0.997709,0.000000,13.460267,8.317685,155.891597,1.000000;;,
   4320;16;0.997592,-0.069114,-0.005683,0.000000,0.069338,0.995434,0.065588,0.000000,0.001124,-0.065824,0.997830,0.000000,13.967254,8.274489,156.413325,1.000000;;,
   4480;16;0.998108,-0.061281,-0.004892,0.000000,0.061468,0.996063,0.063873,0.000000,0.000959,-0.064053,0.997946,0.000000,14.462786,8.228413,156.924698,1.000000;;,
   4640;16;0.998553,-0.053602,-0.004131,0.000000,0.053755,0.996615,0.062190,0.000000,0.000783,-0.062323,0.998055,0.000000,14.946955,8.179478,157.425690,1.000000;;,
   4800;16;0.998929,-0.046135,-0.003402,0.000000,0.046257,0.997092,0.060554,0.000000,0.000599,-0.060646,0.998159,0.000000,15.414938,8.126476,157.911859,1.000000;;,
   4960;16;0.999232,-0.039073,-0.002728,0.000000,0.039166,0.997488,0.059011,0.000000,0.000416,-0.059073,0.998253,0.000000,15.853469,8.066096,158.371354,1.000000;;,
   5120;16;0.999483,-0.032081,-0.002071,0.000000,0.032148,0.997828,0.057485,0.000000,0.000223,-0.057522,0.998344,0.000000,16.285253,8.000126,158.826112,1.000000;;,
   5280;16;0.999678,-0.025302,-0.001444,0.000000,0.025343,0.998108,0.056008,0.000000,0.000025,-0.056027,0.998429,0.000000,16.700923,7.928492,159.266880,1.000000;;,
   5440;16;0.999819,-0.018963,-0.000867,0.000000,0.018982,0.998326,0.054630,0.000000,-0.000171,-0.054637,0.998506,0.000000,17.086237,7.853151,159.678669,1.000000;;,
   5600;16;0.999910,-0.013381,-0.000366,0.000000,0.013382,0.998482,0.053422,0.000000,-0.000350,-0.053422,0.998571,0.000000,17.422102,7.778101,160.041101,1.000000;;,
   5760;16;0.999961,-0.008720,0.000046,0.000000,0.008706,0.998587,0.052416,0.000000,-0.000503,-0.052413,0.998625,0.000000,17.700670,7.710670,160.343654,1.000000;;,
   5920;16;0.999988,-0.004715,0.000396,0.000000,0.004688,0.998659,0.051554,0.000000,-0.000639,-0.051551,0.998670,0.000000,17.937896,7.647142,160.591757,1.000000;;,
   6080;16;0.999998,-0.001168,0.000703,0.000000,0.001130,0.998708,0.050798,0.000000,-0.000762,-0.050798,0.998708,0.000000,18.143928,7.580538,160.821722,1.000000;;,
   6240;16;0.999997,0.002175,0.000990,0.000000,-0.002222,0.998742,0.050097,0.000000,-0.000880,-0.050099,0.998744,0.000000,18.333019,7.504922,161.052800,1.000000;;,
   6400;16;0.999983,0.005624,0.001284,0.000000,-0.005681,0.998763,0.049382,0.000000,-0.001005,-0.049388,0.998779,0.000000,18.523600,7.415401,161.287322,1.000000;;,
   6560;16;0.999954,0.009423,0.001604,0.000000,-0.009489,0.998773,0.048601,0.000000,-0.001144,-0.048614,0.998816,0.000000,18.729890,7.307808,161.521869,1.000000;;,
   6720;16;0.999911,0.013150,0.001915,0.000000,-0.013227,0.998766,0.047849,0.000000,-0.001284,-0.047871,0.998852,0.000000,18.925488,7.184826,161.742310,1.000000;;,
   6880;16;0.999861,0.016491,0.002192,0.000000,-0.016576,0.998748,0.047195,0.000000,-0.001411,-0.047225,0.998883,0.000000,19.091309,7.050462,161.958003,1.000000;;,
   7040;16;0.999809,0.019360,0.002428,0.000000,-0.019452,0.998721,0.046665,0.000000,-0.001522,-0.046703,0.998907,0.000000,19.218931,6.922617,162.155008,1.000000;;,
   7200;16;0.999756,0.021899,0.002636,0.000000,-0.021998,0.998688,0.046241,0.000000,-0.001619,-0.046287,0.998927,0.000000,19.310648,6.833082,162.295910,1.000000;;,
   7360;16;0.999713,0.023759,0.002787,0.000000,-0.023862,0.998656,0.045989,0.000000,-0.001690,-0.046042,0.998937,0.000000,19.350701,6.737866,162.436749,1.000000;;,
   7520;16;0.999691,0.024652,0.002859,0.000000,-0.024757,0.998640,0.045879,0.000000,-0.001724,-0.045935,0.998942,0.000000,19.364963,6.495024,162.499174,1.000000;;,
   7680;16;0.999807,0.019444,0.002428,0.000000,-0.019537,0.998692,0.047247,0.000000,-0.001507,-0.047285,0.998880,0.000000,18.950800,6.097614,162.159590,1.000000;;,
   7840;16;0.999994,0.003036,0.001016,0.000000,-0.003085,0.998672,0.051411,0.000000,-0.000859,-0.051414,0.998677,0.000000,17.707174,5.539093,161.088832,1.000000;;,
   8000;16;0.999558,-0.029628,-0.001909,0.000000,0.029689,0.997781,0.059585,0.000000,0.000140,-0.059615,0.998221,0.000000,15.234688,4.813331,158.952051,1.000000;;,
   8160;16;0.997611,-0.068819,-0.005870,0.000000,0.069061,0.995205,0.069259,0.000000,0.001075,-0.069499,0.997581,0.000000,12.280458,3.959386,156.369203,1.000000;;,
   8320;16;0.992942,-0.118039,-0.011431,0.000000,0.118579,0.989620,0.081186,0.000000,0.001729,-0.081968,0.996633,0.000000,8.579974,2.843490,153.100454,1.000000;;,
   8480;16;0.984452,-0.174665,-0.018566,0.000000,0.175641,0.979898,0.094600,0.000000,0.001670,-0.096390,0.995342,0.000000,4.304521,1.555786,149.304819,1.000000;;,
   8640;16;0.973802,-0.225959,-0.025511,0.000000,0.227394,0.967976,0.106361,0.000000,0.000661,-0.109376,0.994000,0.000000,0.396012,0.391432,145.826931,1.000000;;,
   8800;16;0.967880,-0.249727,-0.029040,0.000000,0.251410,0.961407,0.111753,0.000000,0.000011,-0.115464,0.993311,0.000000,-1.433000,-0.149400,144.196902,1.000000;;,
   11360;16;0.967880,-0.249727,-0.029040,0.000000,0.251410,0.961407,0.111753,0.000000,0.000011,-0.115464,0.993311,0.000000,-1.433000,-0.149400,144.196902,1.000000;;,
   11520;16;0.964096,-0.263773,-0.030676,0.000000,0.265551,0.957647,0.111325,0.000000,0.000012,-0.115474,0.993310,0.000000,-1.735532,-0.885250,143.424730,1.000000;;,
   11680;16;0.954535,-0.296098,-0.034460,0.000000,0.298097,0.948145,0.110265,0.000000,0.000024,-0.115525,0.993304,0.000000,-2.436413,-2.590005,141.639578,1.000000;;,
   11840;16;0.939762,-0.339538,-0.039492,0.000000,0.341827,0.933474,0.108533,0.000000,0.000014,-0.115494,0.993308,0.000000,-3.390240,-4.910010,139.216384,1.000000;;,
   12000;16;0.925464,-0.376300,-0.043745,0.000000,0.378835,0.919274,0.106858,0.000000,0.000003,-0.115466,0.993311,0.000000,-4.210400,-6.904900,137.146010,1.000000;;,
   12160;16;0.915681,-0.399214,-0.046415,0.000000,0.401903,0.909556,0.105739,0.000000,0.000005,-0.115478,0.993309,0.000000,-4.731348,-8.170245,135.804582,1.000000;;,
   12320;16;0.906773,-0.418796,-0.048691,0.000000,0.421617,0.900707,0.104711,0.000000,0.000003,-0.115478,0.993310,0.000000,-5.183398,-9.266695,134.613235,1.000000;;,
   12480;16;0.899400,-0.434200,-0.050476,0.000000,0.437125,0.893384,0.103855,0.000000,0.000000,-0.115472,0.993310,0.000000,-5.541393,-10.135447,133.698150,1.000000;;,
   12640;16;0.893885,-0.445297,-0.051761,0.000000,0.448295,0.887906,0.103215,0.000000,-0.000002,-0.115467,0.993311,0.000000,-5.797077,-10.758448,133.190106,1.000000;;,
   12800;16;0.890143,-0.452633,-0.052613,0.000000,0.455681,0.884189,0.102782,0.000000,-0.000003,-0.115465,0.993311,0.000000,-5.959100,-11.158399,133.224691,1.000000;;,
   12960;16;0.888065,-0.456642,-0.053079,0.000000,0.459716,0.882125,0.102543,0.000000,-0.000003,-0.115466,0.993311,0.000000,-6.042104,-11.366730,133.259251,1.000000;;,
   13120;16;0.887036,-0.458611,-0.053307,0.000000,0.461699,0.881102,0.102437,0.000000,-0.000009,-0.115477,0.993309,0.000000,-6.082442,-11.467977,133.293798,1.000000;;,
   13280;16;0.886365,-0.459888,-0.053456,0.000000,0.462985,0.880433,0.102378,0.000000,-0.000018,-0.115493,0.993307,0.000000,-6.109662,-11.536293,133.328371,1.000000;;,
   13440;16;0.885606,-0.461330,-0.053623,0.000000,0.464436,0.879678,0.102295,0.000000,-0.000021,-0.115498,0.993307,0.000000,-6.142860,-11.619406,133.362918,1.000000;;,
   13600;16;0.884560,-0.463305,-0.053853,0.000000,0.466425,0.878644,0.102138,0.000000,-0.000004,-0.115465,0.993311,0.000000,-6.190695,-11.738628,133.397491,1.000000;;,
   13760;16;0.883577,-0.465152,-0.054067,0.000000,0.468284,0.877668,0.102021,0.000000,-0.000002,-0.115462,0.993311,0.000000,-6.238784,-11.858384,133.432064,1.000000;;,
   13920;16;0.882637,-0.466910,-0.054271,0.000000,0.470054,0.876734,0.101914,0.000000,-0.000003,-0.115464,0.993311,0.000000,-6.281943,-11.967810,133.466624,1.000000;;,
   14080;16;0.881728,-0.468601,-0.054468,0.000000,0.471756,0.875831,0.101809,0.000000,-0.000003,-0.115464,0.993311,0.000000,-6.319490,-12.065478,133.501184,1.000000;;,
   14240;16;0.880851,-0.470226,-0.054657,0.000000,0.473392,0.874960,0.101706,0.000000,-0.000002,-0.115462,0.993312,0.000000,-6.351423,-12.151384,133.535757,1.000000;;,
   14400;16;0.880018,-0.471762,-0.054835,0.000000,0.474938,0.874132,0.101614,0.000000,-0.000004,-0.115465,0.993311,0.000000,-6.378428,-12.226962,133.570291,1.000000;;,
   14560;16;0.879241,-0.473190,-0.055001,0.000000,0.476376,0.873360,0.101523,0.000000,-0.000004,-0.115464,0.993311,0.000000,-6.405686,-12.303072,133.686630,1.000000;;,
   14720;16;0.878475,-0.474592,-0.055164,0.000000,0.477787,0.872599,0.101435,0.000000,-0.000004,-0.115465,0.993311,0.000000,-6.436313,-12.386840,133.802970,1.000000;;,
   14880;16;0.877739,-0.475933,-0.055320,0.000000,0.479138,0.871869,0.101343,0.000000,-0.000001,-0.115459,0.993312,0.000000,-6.468219,-12.473535,133.918323,1.000000;;,
   15040;16;0.877058,-0.477171,-0.055463,0.000000,0.480384,0.871194,0.101253,0.000000,0.000004,-0.115448,0.993313,0.000000,-6.498272,-12.555753,134.032653,1.000000;;,
   15200;16;0.876459,-0.478255,-0.055589,0.000000,0.481475,0.870599,0.101184,0.000000,0.000004,-0.115449,0.993313,0.000000,-6.522300,-12.623401,134.147008,1.000000;;,
   15360;16;0.875961,-0.479155,-0.055694,0.000000,0.482381,0.870102,0.101142,0.000000,-0.000003,-0.115462,0.993312,0.000000,-6.537577,-12.669576,134.267878,1.000000;;,
   15520;16;0.875537,-0.479919,-0.055783,0.000000,0.483150,0.869681,0.101095,0.000000,-0.000004,-0.115464,0.993311,0.000000,-6.546259,-12.702167,134.388749,1.000000;;,
   15680;16;0.875156,-0.480604,-0.055861,0.000000,0.483839,0.869303,0.101053,0.000000,-0.000007,-0.115465,0.993311,0.000000,-6.552745,-12.727046,134.518323,1.000000;;,
   15840;16;0.874793,-0.481255,-0.055935,0.000000,0.484495,0.868941,0.101015,0.000000,-0.000010,-0.115468,0.993311,0.000000,-6.559628,-12.750839,134.656576,1.000000;;,
   16000;16;0.874429,-0.481907,-0.056014,0.000000,0.485152,0.868580,0.100975,0.000000,-0.000008,-0.115471,0.993310,0.000000,-6.567700,-12.780934,134.794829,1.000000;;,
   16160;16;0.874010,-0.482656,-0.056101,0.000000,0.485906,0.868164,0.100921,0.000000,-0.000005,-0.115466,0.993311,0.000000,-6.579020,-12.820212,134.964966,1.000000;;,
   16320;16;0.873591,-0.483404,-0.056188,0.000000,0.486659,0.867750,0.100861,0.000000,0.000000,-0.115456,0.993312,0.000000,-6.591242,-12.862624,135.135091,1.000000;;,
   16480;16;0.873209,-0.484086,-0.056270,0.000000,0.487345,0.867371,0.100806,0.000000,0.000008,-0.115448,0.993313,0.000000,-6.603743,-12.905998,135.306445,1.000000;;,
   16640;16;0.872863,-0.484700,-0.056343,0.000000,0.487964,0.867028,0.100762,0.000000,0.000012,-0.115445,0.993313,0.000000,-6.616867,-12.951537,135.479002,1.000000;;,
   16800;16;0.872518,-0.485315,-0.056402,0.000000,0.488581,0.866684,0.100726,0.000000,-0.000001,-0.115442,0.993314,0.000000,-6.631935,-13.003822,135.651597,1.000000;;,
   16960;16;0.872268,-0.485756,-0.056467,0.000000,0.489027,0.866436,0.100700,0.000000,0.000009,-0.115451,0.993313,0.000000,-6.647375,-13.057396,135.827162,1.000000;;,
   17120;16;0.872019,-0.486197,-0.056513,0.000000,0.489470,0.866187,0.100685,0.000000,-0.000001,-0.115461,0.993311,0.000000,-6.651792,-13.065997,136.002726,1.000000;;,
   17280;16;0.871822,-0.486544,-0.056557,0.000000,0.489821,0.865993,0.100648,0.000000,0.000009,-0.115450,0.993313,0.000000,-6.652532,-13.059614,136.193894,1.000000;;,
   17440;16;0.871679,-0.486798,-0.056588,0.000000,0.490076,0.865855,0.100597,0.000000,0.000027,-0.115421,0.993316,0.000000,-6.650214,-13.053222,136.405171,1.000000;;,
   17600;16;0.871538,-0.487052,-0.056568,0.000000,0.490326,0.865716,0.100573,0.000000,-0.000012,-0.115391,0.993320,0.000000,-6.638713,-13.046834,136.630144,1.000000;;,
   17760;16;0.871397,-0.487306,-0.056549,0.000000,0.490576,0.865577,0.100550,0.000000,-0.000051,-0.115361,0.993323,0.000000,-6.627490,-13.040446,136.854426,1.000000;;,
   17920;16;0.871402,-0.487299,-0.056538,0.000000,0.490568,0.865583,0.100544,0.000000,-0.000056,-0.115350,0.993325,0.000000,-6.617700,-13.034057,137.079501,1.000000;;,
   18080;16;0.871455,-0.487205,-0.056531,0.000000,0.490474,0.865636,0.100543,0.000000,-0.000049,-0.115346,0.993325,0.000000,-6.608389,-13.024498,137.305318,1.000000;;,
   18240;16;0.871508,-0.487111,-0.056524,0.000000,0.490379,0.865690,0.100542,0.000000,-0.000043,-0.115342,0.993325,0.000000,-6.599444,-13.011766,137.522522,1.000000;;,
   18400;16;0.871562,-0.487016,-0.056517,0.000000,0.490285,0.865743,0.100541,0.000000,-0.000036,-0.115337,0.993326,0.000000,-6.591595,-12.999034,137.712845,1.000000;;,
   18560;16;0.871615,-0.486922,-0.056510,0.000000,0.490190,0.865797,0.100540,0.000000,-0.000029,-0.115333,0.993326,0.000000,-6.583745,-12.989578,137.903181,1.000000;;,
   18720;16;0.871668,-0.486828,-0.056503,0.000000,0.490096,0.865850,0.100539,0.000000,-0.000023,-0.115329,0.993327,0.000000,-6.577088,-12.980122,138.064627,1.000000;;,
   18880;16;0.871721,-0.486733,-0.056495,0.000000,0.490001,0.865904,0.100539,0.000000,-0.000016,-0.115324,0.993327,0.000000,-6.570829,-12.970666,138.216397,1.000000;;,
   19040;16;0.871774,-0.486639,-0.056488,0.000000,0.489907,0.865958,0.100538,0.000000,-0.000009,-0.115320,0.993328,0.000000,-6.564171,-12.960761,138.377805,1.000000;;,
   19200;16;0.871827,-0.486545,-0.056481,0.000000,0.489812,0.866011,0.100537,0.000000,-0.000002,-0.115316,0.993329,0.000000,-6.556322,-12.949508,138.568141,1.000000;;,
   19360;16;0.871880,-0.486450,-0.056474,0.000000,0.489718,0.866065,0.100536,0.000000,0.000004,-0.115312,0.993329,0.000000,-6.548473,-12.938254,138.758502,1.000000;;,
   19520;16;0.871933,-0.486356,-0.056467,0.000000,0.489623,0.866118,0.100535,0.000000,0.000011,-0.115307,0.993329,0.000000,-6.539528,-12.925428,138.975718,1.000000;;,
   19680;16;0.872077,-0.486099,-0.056466,0.000000,0.489367,0.866262,0.100545,0.000000,0.000039,-0.115315,0.993328,0.000000,-6.530216,-12.912080,139.201498,1.000000;;,
   19840;16;0.872312,-0.485678,-0.056455,0.000000,0.488948,0.866495,0.100573,0.000000,0.000071,-0.115335,0.993326,0.000000,-6.520979,-12.898835,139.425190,1.000000;;,
   20000;16;0.872550,-0.485257,-0.056397,0.000000,0.488523,0.866728,0.100628,0.000000,0.000050,-0.115354,0.993324,0.000000,-6.511962,-12.885906,139.643840,1.000000;;,
   20160;16;0.872854,-0.484716,-0.056343,0.000000,0.487980,0.867027,0.100691,0.000000,0.000045,-0.115383,0.993321,0.000000,-6.502944,-12.872978,139.862490,1.000000;;,
   20320;16;0.873159,-0.484175,-0.056280,0.000000,0.487435,0.867326,0.100759,0.000000,0.000028,-0.115411,0.993318,0.000000,-6.494404,-12.861864,140.082112,1.000000;;,
   20480;16;0.873485,-0.483593,-0.056212,0.000000,0.486850,0.867646,0.100832,0.000000,0.000011,-0.115442,0.993314,0.000000,-6.486022,-12.851354,140.302029,1.000000;;,
   20640;16;0.873833,-0.482972,-0.056142,0.000000,0.486224,0.867989,0.100898,0.000000,-0.000000,-0.115466,0.993311,0.000000,-6.477841,-12.841605,140.521318,1.000000;;,
   20800;16;0.874182,-0.482350,-0.056065,0.000000,0.485598,0.868336,0.100931,0.000000,-0.000001,-0.115458,0.993312,0.000000,-6.470255,-12.834125,140.738752,1.000000;;,
   20960;16;0.874574,-0.481649,-0.055984,0.000000,0.484891,0.868725,0.100974,0.000000,0.000001,-0.115455,0.993312,0.000000,-6.458531,-12.810906,140.956160,1.000000;;,
   21120;16;0.874991,-0.480899,-0.055897,0.000000,0.484137,0.869140,0.101023,0.000000,0.000000,-0.115456,0.993312,0.000000,-6.442611,-12.772226,141.164774,1.000000;;,
   21280;16;0.875433,-0.480105,-0.055805,0.000000,0.483338,0.869578,0.101079,0.000000,-0.000002,-0.115461,0.993312,0.000000,-6.423187,-12.720427,141.370534,1.000000;;,
   21440;16;0.875884,-0.479294,-0.055710,0.000000,0.482521,0.870025,0.101138,0.000000,-0.000006,-0.115467,0.993311,0.000000,-6.402176,-12.662111,141.567590,1.000000;;,
   21600;16;0.876314,-0.478516,-0.055620,0.000000,0.481738,0.870452,0.101196,0.000000,-0.000010,-0.115474,0.993310,0.000000,-6.382734,-12.608166,141.738688,1.000000;;,
   21760;16;0.876671,-0.477871,-0.055540,0.000000,0.481088,0.870807,0.101238,0.000000,-0.000015,-0.115472,0.993310,0.000000,-6.367075,-12.565848,141.909811,1.000000;;,
   21920;16;0.877028,-0.477226,-0.055467,0.000000,0.480439,0.871161,0.101275,0.000000,-0.000010,-0.115470,0.993311,0.000000,-6.353044,-12.527928,142.055654,1.000000;;,
   22080;16;0.877384,-0.476579,-0.055395,0.000000,0.479788,0.871515,0.101312,0.000000,-0.000006,-0.115467,0.993311,0.000000,-6.339558,-12.491476,142.193114,1.000000;;,
   22240;16;0.877759,-0.475898,-0.055316,0.000000,0.479102,0.871888,0.101350,0.000000,-0.000003,-0.115463,0.993311,0.000000,-6.325526,-12.453554,142.340198,1.000000;;,
   22400;16;0.878187,-0.475118,-0.055225,0.000000,0.478317,0.872314,0.101389,0.000000,0.000002,-0.115453,0.993312,0.000000,-6.309867,-12.411234,142.516134,1.000000;;,
   22560;16;0.878692,-0.474195,-0.055118,0.000000,0.477387,0.872817,0.101447,0.000000,0.000002,-0.115454,0.993312,0.000000,-6.291676,-12.364112,142.692058,1.000000;;,
   22720;16;0.879252,-0.473170,-0.054999,0.000000,0.476355,0.873372,0.101520,0.000000,-0.000002,-0.115461,0.993312,0.000000,-6.272036,-12.313256,142.886720,1.000000;;,
   22880;16;0.879838,-0.472094,-0.054874,0.000000,0.475273,0.873953,0.101593,0.000000,-0.000005,-0.115465,0.993311,0.000000,-6.251986,-12.258048,143.087629,1.000000;;,
   23040;16;0.880430,-0.471004,-0.054747,0.000000,0.474176,0.874541,0.101661,0.000000,-0.000004,-0.115465,0.993311,0.000000,-6.232176,-12.198180,143.274176,1.000000;;,
   23200;16;0.881016,-0.469920,-0.054621,0.000000,0.473084,0.875124,0.101727,0.000000,-0.000004,-0.115464,0.993311,0.000000,-6.212875,-12.133691,143.417651,1.000000;;,
   23360;16;0.881621,-0.468800,-0.054491,0.000000,0.471956,0.875725,0.101798,0.000000,-0.000004,-0.115465,0.993311,0.000000,-6.193647,-12.062770,143.561114,1.000000;;,
   23520;16;0.882239,-0.467652,-0.054357,0.000000,0.470800,0.876338,0.101869,0.000000,-0.000004,-0.115464,0.993311,0.000000,-6.174416,-11.992037,143.699238,1.000000;;,
   23680;16;0.882866,-0.466483,-0.054222,0.000000,0.469624,0.876961,0.101940,0.000000,-0.000003,-0.115463,0.993311,0.000000,-6.155174,-11.922356,143.835597,1.000000;;,
   23840;16;0.883502,-0.465293,-0.054083,0.000000,0.468426,0.877593,0.102014,0.000000,-0.000003,-0.115464,0.993311,0.000000,-6.135921,-11.853662,143.972826,1.000000;;,
   24000;16;0.884151,-0.464076,-0.053942,0.000000,0.467200,0.878237,0.102091,0.000000,-0.000004,-0.115465,0.993311,0.000000,-6.116667,-11.784967,144.112768,1.000000;;,
   24160;16;0.884817,-0.462821,-0.053796,0.000000,0.465938,0.878899,0.102163,0.000000,-0.000002,-0.115462,0.993312,0.000000,-6.097414,-11.716274,144.252672,1.000000;;,
   24320;16;0.885510,-0.461511,-0.053644,0.000000,0.464618,0.879588,0.102243,0.000000,-0.000001,-0.115461,0.993312,0.000000,-6.077500,-11.647097,144.401587,1.000000;;,
   24480;16;0.886223,-0.460160,-0.053487,0.000000,0.463258,0.880295,0.102327,0.000000,-0.000002,-0.115463,0.993311,0.000000,-6.057311,-11.577722,144.553472,1.000000;;,
   24640;16;0.886927,-0.458820,-0.053332,0.000000,0.461909,0.880994,0.102415,0.000000,-0.000005,-0.115469,0.993311,0.000000,-6.037782,-11.508829,144.686886,1.000000;;,
   24800;16;0.887577,-0.457578,-0.053187,0.000000,0.460658,0.881638,0.102507,0.000000,-0.000013,-0.115484,0.993309,0.000000,-6.020400,-11.441501,144.764698,1.000000;;,
   24960;16;0.888108,-0.456560,-0.053069,0.000000,0.459634,0.882165,0.102567,0.000000,-0.000012,-0.115483,0.993309,0.000000,-6.006429,-11.378446,144.842547,1.000000;;,
   25120;16;0.888563,-0.455685,-0.052967,0.000000,0.458753,0.882619,0.102608,0.000000,-0.000007,-0.115473,0.993310,0.000000,-5.994639,-11.318303,144.920410,1.000000;;,
   25280;16;0.889012,-0.454820,-0.052867,0.000000,0.457882,0.883067,0.102641,0.000000,0.000002,-0.115456,0.993312,0.000000,-5.983843,-11.257814,144.985651,1.000000;;,
   25440;16;0.889519,-0.453841,-0.052753,0.000000,0.456897,0.883573,0.102684,0.000000,0.000009,-0.115442,0.993314,0.000000,-5.972786,-11.194022,145.038310,1.000000;;,
   25600;16;0.890142,-0.452633,-0.052613,0.000000,0.455681,0.884192,0.102757,0.000000,0.000009,-0.115443,0.993314,0.000000,-5.960150,-11.124301,145.091008,1.000000;;,
   25760;16;0.890904,-0.451153,-0.052441,0.000000,0.454191,0.884946,0.102865,0.000000,-0.000001,-0.115461,0.993312,0.000000,-5.945416,-11.051845,145.143680,1.000000;;,
   25920;16;0.891777,-0.449447,-0.052242,0.000000,0.452473,0.885813,0.102964,0.000000,-0.000000,-0.115459,0.993312,0.000000,-5.929509,-10.973706,145.196339,1.000000;;,
   26080;16;0.892754,-0.447530,-0.052019,0.000000,0.450543,0.886783,0.103077,0.000000,-0.000000,-0.115459,0.993312,0.000000,-5.912777,-10.883057,145.249011,1.000000;;,
   26240;16;0.893816,-0.445433,-0.051776,0.000000,0.448432,0.887838,0.103204,0.000000,-0.000002,-0.115464,0.993311,0.000000,-5.895450,-10.775919,145.279066,1.000000;;,
   26400;16;0.894938,-0.443205,-0.051517,0.000000,0.446189,0.888953,0.103325,0.000000,0.000002,-0.115456,0.993312,0.000000,-5.877646,-10.651192,145.241178,1.000000;;,
   26560;16;0.896190,-0.440701,-0.051226,0.000000,0.443669,0.890196,0.103478,0.000000,-0.000002,-0.115464,0.993311,0.000000,-5.858910,-10.504899,145.203277,1.000000;;,
   26720;16;0.897522,-0.438018,-0.050914,0.000000,0.440967,0.891520,0.103631,0.000000,-0.000001,-0.115463,0.993311,0.000000,-5.840200,-10.359231,145.165466,1.000000;;,
   26880;16;0.898912,-0.435197,-0.050586,0.000000,0.438128,0.892900,0.103792,0.000000,-0.000001,-0.115463,0.993311,0.000000,-5.822101,-10.220470,145.127578,1.000000;;,
   27040;16;0.900358,-0.432238,-0.050243,0.000000,0.435149,0.894336,0.103962,0.000000,-0.000002,-0.115466,0.993311,0.000000,-5.804630,-10.088619,145.089702,1.000000;;,
   27200;16;0.901880,-0.429095,-0.049877,0.000000,0.431984,0.895848,0.104137,0.000000,-0.000002,-0.115465,0.993311,0.000000,-5.787245,-9.957407,145.051814,1.000000;;,
   27360;16;0.903483,-0.425756,-0.049489,0.000000,0.428623,0.897440,0.104322,0.000000,-0.000002,-0.115466,0.993311,0.000000,-5.766889,-9.804201,145.013978,1.000000;;,
   27520;16;0.905159,-0.422228,-0.049080,0.000000,0.425071,0.899105,0.104516,0.000000,-0.000002,-0.115466,0.993311,0.000000,-5.743249,-9.626627,144.976077,1.000000;;,
   27680;16;0.906899,-0.418528,-0.048650,0.000000,0.421346,0.900833,0.104717,0.000000,-0.000001,-0.115466,0.993311,0.000000,-5.716982,-9.429558,144.938253,1.000000;;,
   27840;16;0.908642,-0.414781,-0.048215,0.000000,0.417574,0.902565,0.104918,0.000000,-0.000001,-0.115466,0.993311,0.000000,-5.689850,-9.226157,144.890138,1.000000;;,
   28000;16;0.910279,-0.411225,-0.047801,0.000000,0.413994,0.904191,0.105107,0.000000,-0.000001,-0.115466,0.993311,0.000000,-5.664734,-9.037866,144.811392,1.000000;;,
   28160;16;0.911695,-0.408117,-0.047440,0.000000,0.410865,0.905596,0.105282,0.000000,-0.000006,-0.115477,0.993309,0.000000,-5.643874,-8.881415,144.732672,1.000000;;,
   28320;16;0.912984,-0.405266,-0.047109,0.000000,0.407994,0.906877,0.105425,0.000000,-0.000003,-0.115471,0.993310,0.000000,-5.625184,-8.741233,144.653926,1.000000;;,
   28480;16;0.914247,-0.402447,-0.046782,0.000000,0.405157,0.908132,0.105565,0.000000,-0.000000,-0.115466,0.993311,0.000000,-5.607217,-8.606471,144.575194,1.000000;;,
   28640;16;0.915578,-0.399448,-0.046433,0.000000,0.402138,0.909455,0.105718,0.000000,-0.000000,-0.115466,0.993311,0.000000,-5.588526,-8.466286,144.496538,1.000000;;,
   28800;16;0.917066,-0.396068,-0.046040,0.000000,0.398735,0.910932,0.105890,0.000000,0.000000,-0.115466,0.993311,0.000000,-5.567667,-8.309834,144.417843,1.000000;;,
   28960;16;0.918789,-0.392106,-0.045580,0.000000,0.394747,0.912644,0.106089,0.000000,0.000001,-0.115466,0.993311,0.000000,-5.545932,-8.132629,144.339187,1.000000;;,
   29120;16;0.920656,-0.387762,-0.045076,0.000000,0.390373,0.914498,0.106305,0.000000,0.000001,-0.115466,0.993311,0.000000,-5.522500,-7.941354,144.260480,1.000000;;,
   29280;16;0.922561,-0.383269,-0.044554,0.000000,0.385850,0.916390,0.106524,0.000000,0.000001,-0.115467,0.993311,0.000000,-5.494541,-7.738746,144.163942,1.000000;;,
   29440;16;0.924439,-0.378777,-0.044032,0.000000,0.381328,0.918256,0.106741,0.000000,0.000001,-0.115466,0.993311,0.000000,-5.460397,-7.526730,144.049498,1.000000;;,
   29600;16;0.926266,-0.374348,-0.043517,0.000000,0.376869,0.920071,0.106952,0.000000,0.000001,-0.115466,0.993311,0.000000,-5.419583,-7.306451,143.935078,1.000000;;,
   29760;16;0.928091,-0.369861,-0.042995,0.000000,0.372352,0.921884,0.107163,0.000000,0.000001,-0.115466,0.993311,0.000000,-5.370747,-7.072127,143.820646,1.000000;;,
   29920;16;0.929893,-0.365367,-0.042473,0.000000,0.367828,0.923674,0.107371,0.000000,0.000001,-0.115466,0.993311,0.000000,-5.322143,-6.838210,143.699341,1.000000;;,
   30080;16;0.931673,-0.360865,-0.041949,0.000000,0.363295,0.925442,0.107577,0.000000,0.000001,-0.115466,0.993311,0.000000,-5.274852,-6.606590,143.575795,1.000000;;,
   30240;16;0.933432,-0.356354,-0.041425,0.000000,0.358753,0.927189,0.107779,0.000000,0.000001,-0.115466,0.993311,0.000000,-5.228793,-6.377129,143.452621,1.000000;;,
   30400;16;0.935168,-0.351832,-0.040899,0.000000,0.354202,0.928914,0.107979,0.000000,0.000001,-0.115466,0.993311,0.000000,-5.182734,-6.147667,143.330842,1.000000;;,
   30560;16;0.936864,-0.347352,-0.040379,0.000000,0.349691,0.930598,0.108175,0.000000,0.000002,-0.115466,0.993311,0.000000,-5.136675,-5.918205,143.209050,1.000000;;,
   30720;16;0.938565,-0.342790,-0.039850,0.000000,0.345099,0.932288,0.108372,0.000000,0.000002,-0.115466,0.993311,0.000000,-5.089560,-5.683483,143.084275,1.000000;;,
   30880;16;0.940248,-0.338211,-0.039317,0.000000,0.340489,0.933959,0.108566,0.000000,0.000003,-0.115466,0.993311,0.000000,-5.042006,-5.446566,142.958502,1.000000;;,
   31040;16;0.941856,-0.333767,-0.038801,0.000000,0.336014,0.935556,0.108755,0.000000,0.000002,-0.115469,0.993310,0.000000,-4.995506,-5.214910,142.839488,1.000000;;,
   31200;16;0.943307,-0.329698,-0.038328,0.000000,0.331919,0.936996,0.108937,0.000000,-0.000003,-0.115483,0.993309,0.000000,-4.952440,-5.000360,142.740621,1.000000;;,
