xof 0303txt 0032
template Frame {
 <3d82ab46-62da-11cf-ab39-0020af71e433>
 [...]
}

template Matrix4x4 {
 <f6f23f45-7686-11cf-8f52-0040333594a3>
 array FLOAT matrix[16];
}

template FrameTransformMatrix {
 <f6f23f41-7686-11cf-8f52-0040333594a3>
 Matrix4x4 frameMatrix;
}

template AnimTicksPerSecond {
 <9e415a43-7ba6-4a73-8743-b73d47e88476>
 DWORD AnimTicksPerSecond;
}

template Animation {
 <3d82ab4f-62da-11cf-ab39-0020af71e433>
 [...]
}

template AnimationSet {
 <3d82ab50-62da-11cf-ab39-0020af71e433>
 [Animation <3d82ab4f-62da-11cf-ab39-0020af71e433>]
}

template FloatKeys {
 <10dd46a9-775b-11cf-8f52-0040333594a3>
 DWORD nValues;
 array FLOAT values[nValues];
}

template TimedFloatKeys {
 <f406b180-7b3b-11cf-8f52-0040333594a3>
 DWORD time;
 FloatKeys tfkeys;
}

template AnimationKey {
 <10dd46a8-775b-11cf-8f52-0040333594a3>
 DWORD keyType;
 DWORD nKeys;
 array TimedFloatKeys keys[nKeys];
}


Frame ARM_bear_framework {
 

 FrameTransformMatrix {
  -0.003937,0.000000,-0.000000,0.000000,-0.000000,-0.000000,0.003937,0.000000,-0.000000,0.003937,0.000000,0.000000,0.000000,0.000000,0.000000,1.000000;;
 }

 Frame _0__-com {
  

  FrameTransformMatrix {
   0.823489,-0.563541,-0.065471,0.000000,0.565951,0.824044,0.025531,0.000000,0.039564,-0.058078,0.997528,0.000000,-2.696400,55.038502,127.832205,1.000000;;
  }

  Frame _1___body {
   

   FrameTransformMatrix {
    -0.000000,0.000000,1.000000,0.000000,1.000000,-0.000000,0.000000,0.000000,0.000000,1.000000,-0.000000,0.000000,0.001560,0.000965,-66.889523,1.000000;;
   }

   Frame _3___chest {
    

    FrameTransformMatrix {
     -0.659740,-0.289384,-0.693541,0.000000,-0.180993,0.956905,-0.227101,0.000000,0.729372,-0.024302,-0.683685,0.000000,56.349901,0.023590,21.796997,1.000000;;
    }

    Frame _7___neck1 {
     

     FrameTransformMatrix {
      0.524263,0.000000,-0.851556,0.000000,-0.020270,0.999717,-0.012479,0.000000,0.851315,0.023803,0.524115,0.000000,-0.010994,-0.000008,102.579501,1.000000;;
     }

     Frame _10___claviclel {
      

      FrameTransformMatrix {
       -0.231422,0.905692,-0.355198,0.000000,-0.791601,0.036932,0.609921,0.000000,0.565519,0.422324,0.708400,0.000000,10.182678,16.925598,-33.473898,1.000000;;
      }

      Frame _15___arm1l {
       

       FrameTransformMatrix {
        -0.104130,-0.978169,-0.179838,0.000000,0.873659,-0.003556,-0.486526,0.000000,0.475265,-0.207780,0.854957,0.000000,0.001275,0.001404,50.675722,1.000000;;
       }

       Frame _20___arm2l {
        

        FrameTransformMatrix {
         0.470711,-0.000000,0.882288,0.000000,0.000000,1.000000,-0.000000,0.000000,-0.882288,0.000000,0.470711,0.000000,-0.001144,-0.000641,57.363949,1.000000;;
        }

        Frame _23___hand1l {
         

         FrameTransformMatrix {
          0.231668,0.049326,0.971544,0.000000,0.122647,0.989264,-0.079471,0.000000,-0.965033,0.137568,0.223131,0.000000,0.001610,-0.003242,60.927379,1.000000;;
         }

         Frame _25___hand2l {
          

          FrameTransformMatrix {
           0.957555,-0.000761,0.288250,0.000000,0.000795,1.000000,-0.000001,0.000000,-0.288250,0.000230,0.957555,0.000000,2.007423,0.006077,18.800606,1.000000;;
          }

          Frame _25___hand2l_end {
           

           FrameTransformMatrix {
            1.000000,0.000000,-0.000000,0.000000,0.000000,1.000000,-0.000000,0.000000,0.000000,0.000000,1.000000,0.000000,0.000000,0.000000,1.000031,1.000000;;
           }
          }
         }
        }
       }
      }
     }

     Frame _11___clavicler {
      

      FrameTransformMatrix {
       -0.231373,-0.887797,-0.397849,0.000000,0.791538,0.065975,-0.607549,0.000000,0.565628,-0.455482,0.687460,0.000000,10.183395,-15.316498,-34.239885,1.000000;;
      }

      Frame _16___arm1r {
       

       FrameTransformMatrix {
        0.221379,0.755597,-0.616493,0.000000,-0.975108,0.163471,-0.149801,0.000000,-0.012411,0.634310,0.772979,0.000000,0.001724,0.000977,50.674102,1.000000;;
       }

       Frame _21___arm2r {
        

        FrameTransformMatrix {
         0.428197,-0.000000,0.903686,0.000000,-0.000000,1.000000,0.000000,0.000000,-0.903686,-0.000000,0.428197,0.000000,0.000475,-0.000595,57.364256,1.000000;;
        }

        Frame _24___hand1r {
         

         FrameTransformMatrix {
          0.450372,0.571560,-0.685919,0.000000,-0.802374,0.596059,-0.030155,0.000000,0.391613,0.563944,0.727054,0.000000,0.000549,0.001907,60.932448,1.000000;;
         }

         Frame _26___hand2r {
          

          FrameTransformMatrix {
           0.585338,0.000483,-0.810789,0.000000,-0.000814,1.000000,0.000008,0.000000,0.810789,0.000656,0.585338,0.000000,2.006134,-0.007069,18.800742,1.000000;;
          }

          Frame _26___hand2r_end {
           

           FrameTransformMatrix {
            1.000000,-0.000000,0.000000,0.000000,0.000000,1.000000,0.000000,0.000000,0.000000,0.000000,1.000000,0.000000,0.000004,0.000000,1.000031,1.000000;;
           }
          }
         }
        }
       }
      }
     }

     Frame _12___neck2 {
      

      FrameTransformMatrix {
       0.938853,-0.000209,-0.344318,0.000000,-0.083110,0.970294,-0.227205,0.000000,0.334138,0.241928,0.910946,0.000000,-0.019318,0.000000,26.410091,1.000000;;
      }

      Frame _17___head {
       

       FrameTransformMatrix {
        -0.109023,0.612042,0.783275,0.000000,0.290245,0.773234,-0.563797,0.000000,-0.950722,0.165875,-0.261943,0.000000,-0.000854,0.000431,25.879616,1.000000;;
       }

       Frame _22___head2 {
        

        FrameTransformMatrix {
         -0.405663,-0.000000,-0.914023,0.000000,-0.000000,1.000000,0.000000,0.000000,0.914023,0.000000,-0.405663,0.000000,22.462902,0.000000,-18.318192,1.000000;;
        }

        Frame _22___head2_end {
         

         FrameTransformMatrix {
          1.000000,-0.000000,0.000000,0.000000,0.000000,1.000000,0.000000,0.000000,-0.000000,-0.000000,1.000000,0.000000,-0.000008,0.000000,1.000000,1.000000;;
         }
        }
       }
      }
     }
    }
   }

   Frame _4___leg1l {
    

    FrameTransformMatrix {
     0.918755,-0.288172,-0.269902,0.000000,-0.393002,-0.601772,-0.695285,0.000000,0.037942,0.744868,-0.666132,0.000000,0.000301,34.858026,-0.000355,1.000000;;
    }

    Frame _8___leg2l {
     

     FrameTransformMatrix {
      0.291406,0.000000,0.956599,0.000000,-0.000000,1.000000,0.000000,0.000000,-0.956599,-0.000000,0.291406,0.000000,-0.000690,-0.000881,58.024589,1.000000;;
     }

     Frame _13___foot1l {
      

      FrameTransformMatrix {
       0.925251,-0.188219,0.329370,0.000000,0.290716,0.909585,-0.296882,0.000000,-0.243711,0.370443,0.896313,0.000000,0.002708,-0.000305,55.122592,1.000000;;
      }

      Frame _18___foot2l {
       

       FrameTransformMatrix {
        0.000021,0.000001,-0.999999,0.000000,-0.082997,0.996550,-0.000001,0.000000,0.996549,0.082997,0.000021,0.000000,14.380845,-0.000389,7.796199,1.000000;;
       }

       Frame _18___foot2l_end {
        

        FrameTransformMatrix {
         1.000000,0.000000,0.000000,0.000000,0.000000,1.000000,0.000000,0.000000,-0.000000,0.000000,1.000000,0.000000,0.000000,-0.000004,1.000000,1.000000;;
        }
       }
      }
     }
    }
   }

   Frame _5___leg1r {
    

    FrameTransformMatrix {
     0.890703,0.289798,-0.350237,0.000000,0.354381,-0.925202,0.135699,0.000000,-0.284715,-0.244985,-0.926779,0.000000,-0.000328,-34.858013,0.000332,1.000000;;
    }

    Frame _9___leg2r {
     

     FrameTransformMatrix {
      -0.353962,-0.000000,0.935260,0.000000,0.000000,1.000000,0.000000,0.000000,-0.935260,0.000000,-0.353962,0.000000,0.001951,0.000824,58.025466,1.000000;;
     }

     Frame _14___foot1r {
      

      FrameTransformMatrix {
       0.656004,-0.274331,-0.703136,0.000000,0.486079,0.866245,0.115528,0.000000,0.577396,-0.417566,0.701607,0.000000,0.000759,0.002174,55.120806,1.000000;;
      }

      Frame _19___foot2r {
       

       FrameTransformMatrix {
        -0.000036,-0.000001,-1.000000,0.000000,-0.055403,0.998464,0.000001,0.000000,0.998464,0.055403,-0.000036,0.000000,14.380901,0.000252,7.796202,1.000000;;
       }

       Frame _19___foot2r_end {
        

        FrameTransformMatrix {
         1.000000,0.000000,0.000000,0.000000,0.000000,1.000000,-0.000000,0.000000,0.000000,-0.000000,1.000000,0.000000,-0.000000,0.000008,1.000000,1.000000;;
        }
       }
      }
     }
    }
   }

   Frame _6___tail1 {
    

    FrameTransformMatrix {
     -0.454886,0.498059,0.738252,0.000000,0.304008,0.866033,-0.396946,0.000000,-0.837053,0.043869,-0.545360,0.000000,-19.583504,-0.010204,8.996296,1.000000;;
    }

    Frame _6___tail1_end {
     

     FrameTransformMatrix {
      1.000000,0.000000,-0.000000,0.000000,-0.000000,1.000000,0.000000,0.000000,0.000000,0.000000,1.000000,0.000000,0.000004,0.000000,1.000008,1.000000;;
     }
    }
   }
  }

  Frame _2__-footsteps {
   

   FrameTransformMatrix {
    -0.563491,0.824074,-0.058133,0.000000,-0.065527,0.025562,0.997523,0.000000,0.823519,0.565904,0.039595,0.000000,8.371898,-3.265499,-127.515776,1.000000;;
   }

   Frame _2__-footsteps_end {
    

    FrameTransformMatrix {
     1.000000,-0.000000,-0.000000,0.000000,0.000000,1.000000,-0.000000,0.000000,-0.000000,-0.000000,1.000000,0.000000,0.000000,0.000000,1.000000,1.000000;;
    }
   }
  }
 }
}

AnimTicksPerSecond  {
 4800;
}

AnimationSet Dummy {
 

 Animation {
  
  { ARM_bear_framework }

  AnimationKey  {
   4;
   2;
   0;16;-0.003937,0.000000,-0.000000,0.000000,-0.000000,-0.000000,0.003937,0.000000,-0.000000,0.003937,0.000000,0.000000,0.000000,0.000000,0.000000,1.000000;;,
   35200;16;-0.003937,0.000000,-0.000000,0.000000,-0.000000,-0.000000,0.003937,0.000000,-0.000000,0.003937,0.000000,0.000000,0.000000,0.000000,0.000000,1.000000;;;
  }
 }

 Animation {
  
  { _0__-com }

  AnimationKey  {
   4;
   221;
   0;16;0.823489,-0.563541,-0.065471,0.000000,0.565951,0.824044,0.025531,0.000000,0.039564,-0.058078,0.997528,0.000000,-2.696400,55.038502,127.832205,1.000000;;,
   160;16;0.823686,-0.563256,-0.065457,0.000000,0.565665,0.824239,0.025549,0.000000,0.039561,-0.058071,0.997528,0.000000,-2.689443,55.007821,127.888166,1.000000;;,
   320;16;0.823882,-0.562970,-0.065442,0.000000,0.565379,0.824435,0.025568,0.000000,0.039559,-0.058064,0.997529,0.000000,-2.669734,54.977126,127.944128,1.000000;;,
   480;16;0.824079,-0.562684,-0.065427,0.000000,0.565092,0.824631,0.025586,0.000000,0.039556,-0.058057,0.997529,0.000000,-2.640293,54.946432,128.000077,1.000000;;,
   640;16;0.824336,-0.562309,-0.065417,0.000000,0.564717,0.824887,0.025612,0.000000,0.039560,-0.058055,0.997529,0.000000,-2.603199,54.906118,128.056077,1.000000;;,
   800;16;0.824774,-0.561665,-0.065421,0.000000,0.564075,0.825325,0.025659,0.000000,0.039582,-0.058065,0.997528,0.000000,-2.559590,54.836979,128.112026,1.000000;;,
   960;16;0.825214,-0.561021,-0.065393,0.000000,0.563432,0.825762,0.025727,0.000000,0.039565,-0.058075,0.997528,0.000000,-2.504342,54.767840,128.168000,1.000000;;,
   1120;16;0.825713,-0.560290,-0.065369,0.000000,0.562702,0.826258,0.025788,0.000000,0.039563,-0.058077,0.997528,0.000000,-2.449432,54.694944,128.248781,1.000000;;,
   1280;16;0.826240,-0.559515,-0.065345,0.000000,0.561927,0.826783,0.025848,0.000000,0.039564,-0.058076,0.997528,0.000000,-2.396425,54.620794,128.337818,1.000000;;,
   1440;16;0.826784,-0.558714,-0.065319,0.000000,0.561126,0.827324,0.025912,0.000000,0.039563,-0.058076,0.997528,0.000000,-2.345207,54.547264,128.426880,1.000000;;,
   1600;16;0.827351,-0.557877,-0.065295,0.000000,0.560290,0.827889,0.025979,0.000000,0.039564,-0.058078,0.997528,0.000000,-2.293989,54.475629,128.515942,1.000000;;,
   1760;16;0.827861,-0.557122,-0.065271,0.000000,0.559536,0.828397,0.026040,0.000000,0.039563,-0.058079,0.997528,0.000000,-2.242771,54.403987,128.613952,1.000000;;,
   1920;16;0.828371,-0.556367,-0.065248,0.000000,0.558782,0.828904,0.026101,0.000000,0.039562,-0.058080,0.997528,0.000000,-2.184743,54.322202,128.711898,1.000000;;,
   2080;16;0.828799,-0.555730,-0.065236,0.000000,0.558145,0.829331,0.026140,0.000000,0.039575,-0.058076,0.997527,0.000000,-2.123873,54.237037,128.809882,1.000000;;,
   2240;16;0.829147,-0.555212,-0.065236,0.000000,0.557627,0.829679,0.026170,0.000000,0.039595,-0.058076,0.997527,0.000000,-2.069814,54.173914,128.874598,1.000000;;,
   2400;16;0.829494,-0.554692,-0.065237,0.000000,0.557110,0.830024,0.026237,0.000000,0.039594,-0.058108,0.997525,0.000000,-2.037900,54.176947,128.839654,1.000000;;,
   2560;16;0.829423,-0.554802,-0.065204,0.000000,0.557219,0.829951,0.026256,0.000000,0.039549,-0.058110,0.997526,0.000000,-2.025801,54.179974,128.804736,1.000000;;,
   2720;16;0.829353,-0.554911,-0.065172,0.000000,0.557327,0.829877,0.026274,0.000000,0.039505,-0.058113,0.997528,0.000000,-2.017413,54.183002,128.769766,1.000000;;,
   2880;16;0.829279,-0.555021,-0.065170,0.000000,0.557436,0.829804,0.026272,0.000000,0.039496,-0.058115,0.997528,0.000000,-2.013150,54.186035,128.734797,1.000000;;,
   3040;16;0.829204,-0.555130,-0.065198,0.000000,0.557547,0.829730,0.026250,0.000000,0.039524,-0.058118,0.997527,0.000000,-2.011775,54.189082,128.699866,1.000000;;,
   3200;16;0.829128,-0.555240,-0.065226,0.000000,0.557657,0.829657,0.026228,0.000000,0.039553,-0.058120,0.997526,0.000000,-2.010400,54.192102,128.664922,1.000000;;,
   3360;16;0.829053,-0.555349,-0.065254,0.000000,0.557767,0.829584,0.026205,0.000000,0.039581,-0.058122,0.997524,0.000000,-2.025152,54.195142,128.629978,1.000000;;,
   3520;16;0.828977,-0.555459,-0.065283,0.000000,0.557878,0.829510,0.026183,0.000000,0.039609,-0.058125,0.997523,0.000000,-2.069529,54.198176,128.595034,1.000000;;,
   3680;16;0.828560,-0.556081,-0.065284,0.000000,0.558498,0.829095,0.026120,0.000000,0.039601,-0.058103,0.997525,0.000000,-2.138993,54.258906,128.560090,1.000000;;,
   3840;16;0.827845,-0.557148,-0.065261,0.000000,0.559560,0.828381,0.026023,0.000000,0.039562,-0.058061,0.997529,0.000000,-2.226353,54.374912,128.525146,1.000000;;,
   4000;16;0.827263,-0.558013,-0.065247,0.000000,0.560422,0.827801,0.025943,0.000000,0.039535,-0.058028,0.997532,0.000000,-2.321763,54.483699,128.490202,1.000000;;,
   4160;16;0.826444,-0.559229,-0.065214,0.000000,0.561633,0.826983,0.025835,0.000000,0.039483,-0.057978,0.997537,0.000000,-2.447240,54.631456,128.296282,1.000000;;,
   4320;16;0.824591,-0.561940,-0.065366,0.000000,0.564346,0.825140,0.025642,0.000000,0.039527,-0.058033,0.997532,0.000000,-2.609284,54.890464,127.998438,1.000000;;,
   4480;16;0.821867,-0.565881,-0.065676,0.000000,0.568299,0.822430,0.025413,0.000000,0.039633,-0.058209,0.997517,0.000000,-2.801140,55.241107,127.611430,1.000000;;,
   4640;16;0.818262,-0.571026,-0.066152,0.000000,0.573467,0.818841,0.025190,0.000000,0.039784,-0.058548,0.997491,0.000000,-3.022635,55.681952,127.136090,1.000000;;,
   4800;16;0.813589,-0.577587,-0.066835,0.000000,0.580065,0.814186,0.025011,0.000000,0.039970,-0.059117,0.997451,0.000000,-3.280185,56.229843,126.559386,1.000000;;,
   4960;16;0.806962,-0.586688,-0.067896,0.000000,0.589229,0.807585,0.024812,0.000000,0.040275,-0.060028,0.997384,0.000000,-3.585477,56.961658,125.845005,1.000000;;,
   5120;16;0.798722,-0.597702,-0.069243,0.000000,0.600324,0.799380,0.024567,0.000000,0.040667,-0.061190,0.997297,0.000000,-3.927626,57.836563,125.017523,1.000000;;,
   5280;16;0.788793,-0.610559,-0.070873,0.000000,0.613281,0.789491,0.024277,0.000000,0.041131,-0.062615,0.997190,0.000000,-4.307186,58.854528,124.079462,1.000000;;,
   5440;16;0.777681,-0.624445,-0.072669,0.000000,0.627280,0.778426,0.023942,0.000000,0.041617,-0.064203,0.997069,0.000000,-4.707697,59.959590,123.087130,1.000000;;,
   5600;16;0.766550,-0.637857,-0.074425,0.000000,0.640805,0.767341,0.023584,0.000000,0.042066,-0.065770,0.996948,0.000000,-5.095700,61.039910,122.150707,1.000000;;,
   5760;16;0.756461,-0.649608,-0.076004,0.000000,0.652660,0.757294,0.023254,0.000000,0.042451,-0.067196,0.996836,0.000000,-5.438573,61.998803,121.336499,1.000000;;,
   5920;16;0.746618,-0.660720,-0.077519,0.000000,0.663874,0.747493,0.022920,0.000000,0.042802,-0.068575,0.996727,0.000000,-5.761098,62.914042,120.571942,1.000000;;,
   6080;16;0.736479,-0.671825,-0.079050,0.000000,0.675083,0.737397,0.022559,0.000000,0.043135,-0.069980,0.996615,0.000000,-6.085894,63.839968,119.833702,1.000000;;,
   6240;16;0.725529,-0.683448,-0.080659,0.000000,0.686817,0.726492,0.022146,0.000000,0.043463,-0.071465,0.996495,0.000000,-6.433424,64.824858,119.096051,1.000000;;,
   6400;16;0.713285,-0.696014,-0.082391,0.000000,0.699505,0.714300,0.021647,0.000000,0.043785,-0.073074,0.996365,0.000000,-6.822001,65.911104,118.331008,1.000000;;,
   6560;16;0.698725,-0.710390,-0.084434,0.000000,0.714027,0.699801,0.021040,0.000000,0.044140,-0.074989,0.996207,0.000000,-7.277316,67.178995,117.466893,1.000000;;,
   6720;16;0.682576,-0.725662,-0.086625,0.000000,0.729460,0.683722,0.020327,0.000000,0.044476,-0.077064,0.996034,0.000000,-7.776375,68.558656,116.580442,1.000000;;,
   6880;16;0.666192,-0.740483,-0.088732,0.000000,0.744436,0.667407,0.019545,0.000000,0.044748,-0.079076,0.995864,0.000000,-8.285719,69.938240,115.782106,1.000000;;,
   7040;16;0.650312,-0.754237,-0.090671,0.000000,0.758336,0.651594,0.018735,0.000000,0.044950,-0.080942,0.995705,0.000000,-8.786306,71.260314,115.117555,1.000000;;,
   7200;16;0.634991,-0.766967,-0.092454,0.000000,0.771203,0.636338,0.017911,0.000000,0.045095,-0.082674,0.995556,0.000000,-9.273522,72.521920,114.567667,1.000000;;,
   7360;16;0.620390,-0.778627,-0.094103,0.000000,0.782990,0.621800,0.017095,0.000000,0.045202,-0.084288,0.995416,0.000000,-9.755358,73.720518,114.197504,1.000000;;,
   7520;16;0.607277,-0.788735,-0.095453,0.000000,0.793201,0.608742,0.016303,0.000000,0.045248,-0.085614,0.995300,0.000000,-10.218587,74.804678,114.131994,1.000000;;,
   7680;16;0.594790,-0.798050,-0.096645,0.000000,0.802606,0.596307,0.015521,0.000000,0.045244,-0.086799,0.995198,0.000000,-10.668188,75.809267,114.168077,1.000000;;,
   7840;16;0.582908,-0.806646,-0.097677,0.000000,0.811280,0.584471,0.014750,0.000000,0.045191,-0.087842,0.995109,0.000000,-11.104522,76.736173,114.344909,1.000000;;,
   8000;16;0.572492,-0.813977,-0.098461,0.000000,0.818669,0.574095,0.014029,0.000000,0.045107,-0.088638,0.995042,0.000000,-11.523334,77.554502,114.944013,1.000000;;,
   8160;16;0.568728,-0.816617,-0.098410,0.000000,0.821290,0.570351,0.013538,0.000000,0.045073,-0.088523,0.995054,0.000000,-11.899387,78.108019,115.795930,1.000000;;,
   8320;16;0.567963,-0.817181,-0.098144,0.000000,0.821817,0.569597,0.013223,0.000000,0.045097,-0.088167,0.995084,0.000000,-12.259349,78.509978,116.817766,1.000000;;,
   8480;16;0.568223,-0.817057,-0.097676,0.000000,0.821640,0.569859,0.012971,0.000000,0.045064,-0.087625,0.995134,0.000000,-12.593575,78.757958,118.033152,1.000000;;,
   8640;16;0.568531,-0.816933,-0.096922,0.000000,0.821436,0.570160,0.012687,0.000000,0.044897,-0.086829,0.995211,0.000000,-12.888627,78.861306,119.355213,1.000000;;,
   8800;16;0.568915,-0.816808,-0.095711,0.000000,0.821188,0.570524,0.012299,0.000000,0.044560,-0.085594,0.995333,0.000000,-13.127300,78.841235,120.586714,1.000000;;,
   8960;16;0.571233,-0.815336,-0.094445,0.000000,0.819592,0.572820,0.012036,0.000000,0.044286,-0.084282,0.995457,0.000000,-13.319878,78.821152,121.647808,1.000000;;,
   9120;16;0.576585,-0.811711,-0.093139,0.000000,0.815846,0.578145,0.012002,0.000000,0.044106,-0.082907,0.995581,0.000000,-13.477533,78.603578,122.657242,1.000000;;,
   9280;16;0.585843,-0.805240,-0.091521,0.000000,0.809232,0.587364,0.012176,0.000000,0.043951,-0.081195,0.995729,0.000000,-13.589366,78.138682,123.602176,1.000000;;,
   9440;16;0.599130,-0.795650,-0.089355,0.000000,0.799457,0.600594,0.012486,0.000000,0.043732,-0.078916,0.995922,0.000000,-13.649382,77.410554,124.480909,1.000000;;,
   9600;16;0.615833,-0.783117,-0.086472,0.000000,0.786683,0.617224,0.012808,0.000000,0.043342,-0.075914,0.996172,0.000000,-13.656509,76.437299,125.303104,1.000000;;,
   9760;16;0.628915,-0.772850,-0.084668,0.000000,0.776309,0.630197,0.013995,0.000000,0.042541,-0.074530,0.996311,0.000000,-13.663634,75.702970,126.189504,1.000000;;,
   9920;16;0.646151,-0.758768,-0.082220,0.000000,0.762077,0.647305,0.015357,0.000000,0.041569,-0.072581,0.996496,0.000000,-13.628320,74.670509,127.003802,1.000000;;,
   10080;16;0.678770,-0.730361,-0.076453,0.000000,0.733221,0.679816,0.015393,0.000000,0.040732,-0.066506,0.996954,0.000000,-13.543435,72.495872,127.537434,1.000000;;,
   10240;16;0.744233,-0.664838,-0.064092,0.000000,0.666772,0.745150,0.012941,0.000000,0.039155,-0.052366,0.997860,0.000000,-12.594910,66.273971,127.579302,1.000000;;,
   10400;16;0.854226,-0.518542,-0.037582,0.000000,0.519009,0.854763,0.003215,0.000000,0.030457,-0.022252,0.999288,0.000000,-9.161748,51.038605,126.916070,1.000000;;,
   10560;16;0.980525,-0.196390,-0.001250,0.000000,0.196356,0.980438,-0.013617,0.000000,0.003900,0.013107,0.999906,0.000000,-2.023192,17.864968,125.100134,1.000000;;,
   10720;16;0.991293,0.128342,0.029445,0.000000,-0.127406,0.991343,-0.031735,0.000000,-0.033263,0.027707,0.999063,0.000000,2.250399,-14.615139,123.231565,1.000000;;,
   10880;16;0.900492,0.431717,0.052291,0.000000,-0.429126,0.901629,-0.054005,0.000000,-0.070462,0.026191,0.997171,0.000000,2.300685,-47.022234,121.249485,1.000000;;,
   11040;16;0.716550,0.694507,0.064931,0.000000,-0.689305,0.719278,-0.086584,0.000000,-0.106836,0.017284,0.994127,0.000000,-1.848506,-79.721914,119.129843,1.000000;;,
   11200;16;0.445354,0.893425,0.058748,0.000000,-0.883506,0.449153,-0.132964,0.000000,-0.145181,0.007312,0.989378,0.000000,-8.791180,-112.824909,116.885363,1.000000;;,
   11360;16;0.324018,0.944614,0.052118,0.000000,-0.932376,0.328182,-0.151560,0.000000,-0.160270,0.000515,0.987073,0.000000,-12.183356,-126.072422,115.975398,1.000000;;,
   11520;16;0.292854,0.954889,0.049235,0.000000,-0.942021,0.296963,-0.156236,0.000000,-0.163809,-0.000626,0.986492,0.000000,-13.155766,-130.108429,115.733440,1.000000;;,
   11680;16;0.292864,0.954885,0.049237,0.000000,-0.942018,0.296974,-0.156235,0.000000,-0.163809,-0.000626,0.986492,0.000000,-13.266672,-130.754176,115.714163,1.000000;;,
   11840;16;0.292875,0.954882,0.049238,0.000000,-0.942014,0.296984,-0.156235,0.000000,-0.163809,-0.000626,0.986492,0.000000,-13.319909,-131.064154,115.694861,1.000000;;,
   12000;16;0.292885,0.954879,0.049240,0.000000,-0.942011,0.296995,-0.156234,0.000000,-0.163809,-0.000626,0.986492,0.000000,-13.364900,-131.326093,115.675571,1.000000;;,
   12160;16;0.292895,0.954875,0.049242,0.000000,-0.942008,0.297005,-0.156233,0.000000,-0.163809,-0.000626,0.986492,0.000000,-13.428040,-131.693722,115.656294,1.000000;;,
   12320;16;0.292906,0.954872,0.049244,0.000000,-0.942005,0.297016,-0.156233,0.000000,-0.163809,-0.000626,0.986492,0.000000,-13.481286,-132.003763,115.636992,1.000000;;,
   12480;16;0.292916,0.954869,0.049245,0.000000,-0.942001,0.297026,-0.156232,0.000000,-0.163809,-0.000626,0.986492,0.000000,-13.527834,-132.274829,115.617715,1.000000;;,
   12640;16;0.292927,0.954866,0.049247,0.000000,-0.941998,0.297037,-0.156232,0.000000,-0.163809,-0.000626,0.986492,0.000000,-13.571667,-132.530099,115.598426,1.000000;;,
   12800;16;0.292937,0.954862,0.049249,0.000000,-0.941995,0.297047,-0.156231,0.000000,-0.163809,-0.000626,0.986492,0.000000,-13.617602,-132.797619,115.579136,1.000000;;,
   12960;16;0.292947,0.954859,0.049251,0.000000,-0.941992,0.297058,-0.156231,0.000000,-0.163809,-0.000626,0.986492,0.000000,-13.668322,-133.093069,115.559846,1.000000;;,
   13120;16;0.292957,0.954856,0.049252,0.000000,-0.941989,0.297068,-0.156230,0.000000,-0.163809,-0.000626,0.986492,0.000000,-13.718461,-133.385178,115.540557,1.000000;;,
   13280;16;0.292968,0.954853,0.049254,0.000000,-0.941985,0.297079,-0.156230,0.000000,-0.163809,-0.000626,0.986492,0.000000,-13.764982,-133.656192,115.521267,1.000000;;,
   13440;16;0.292978,0.954849,0.049256,0.000000,-0.941982,0.297089,-0.156229,0.000000,-0.163809,-0.000626,0.986492,0.000000,-13.806544,-133.898227,115.507955,1.000000;;,
   13600;16;0.292988,0.954846,0.049258,0.000000,-0.941979,0.297100,-0.156229,0.000000,-0.163809,-0.000626,0.986492,0.000000,-13.843506,-134.113408,115.512525,1.000000;;,
   13760;16;0.292999,0.954843,0.049259,0.000000,-0.941976,0.297110,-0.156228,0.000000,-0.163809,-0.000626,0.986492,0.000000,-13.873814,-134.272832,115.517094,1.000000;;,
   13920;16;0.293009,0.954840,0.049261,0.000000,-0.941973,0.297121,-0.156227,0.000000,-0.163809,-0.000626,0.986492,0.000000,-13.899757,-134.432192,115.521690,1.000000;;,
   14080;16;0.293020,0.954837,0.049263,0.000000,-0.941969,0.297131,-0.156227,0.000000,-0.163809,-0.000626,0.986492,0.000000,-13.921403,-134.566669,115.526259,1.000000;;,
   14240;16;0.293030,0.954833,0.049264,0.000000,-0.941966,0.297142,-0.156226,0.000000,-0.163809,-0.000626,0.986492,0.000000,-13.940205,-134.676122,115.530829,1.000000;;,
   14400;16;0.293040,0.954830,0.049266,0.000000,-0.941963,0.297152,-0.156226,0.000000,-0.163809,-0.000626,0.986492,0.000000,-13.959010,-134.785613,115.535411,1.000000;;,
   14560;16;0.293051,0.954827,0.049268,0.000000,-0.941960,0.297163,-0.156225,0.000000,-0.163809,-0.000627,0.986492,0.000000,-13.955638,-134.754240,115.540019,1.000000;;,
   14720;16;0.293061,0.954823,0.049270,0.000000,-0.941956,0.297173,-0.156225,0.000000,-0.163809,-0.000627,0.986492,0.000000,-13.952264,-134.722880,115.544589,1.000000;;,
   14880;16;0.293071,0.954820,0.049271,0.000000,-0.941953,0.297184,-0.156224,0.000000,-0.163809,-0.000627,0.986492,0.000000,-13.948896,-134.691494,115.549146,1.000000;;,
   15040;16;0.293082,0.954817,0.049273,0.000000,-0.941950,0.297194,-0.156224,0.000000,-0.163809,-0.000627,0.986492,0.000000,-13.945523,-134.660160,115.553728,1.000000;;,
   15200;16;0.293092,0.954813,0.049275,0.000000,-0.941947,0.297205,-0.156223,0.000000,-0.163809,-0.000627,0.986492,0.000000,-13.942152,-134.628800,115.558285,1.000000;;,
   15360;16;0.293103,0.954810,0.049277,0.000000,-0.941943,0.297215,-0.156223,0.000000,-0.163809,-0.000627,0.986492,0.000000,-13.938779,-134.597414,115.562880,1.000000;;,
   15520;16;0.293113,0.954807,0.049278,0.000000,-0.941940,0.297226,-0.156222,0.000000,-0.163809,-0.000627,0.986492,0.000000,-13.935406,-134.566054,115.567462,1.000000;;,
   15680;16;0.293123,0.954804,0.049280,0.000000,-0.941937,0.297236,-0.156221,0.000000,-0.163809,-0.000627,0.986492,0.000000,-13.932035,-134.534694,115.572045,1.000000;;,
   15840;16;0.293134,0.954800,0.049282,0.000000,-0.941934,0.297247,-0.156221,0.000000,-0.163809,-0.000627,0.986492,0.000000,-13.928664,-134.503322,115.576614,1.000000;;,
   16000;16;0.293144,0.954797,0.049284,0.000000,-0.941931,0.297257,-0.156220,0.000000,-0.163809,-0.000627,0.986492,0.000000,-13.925293,-134.471974,115.581197,1.000000;;,
   16160;16;0.293154,0.954794,0.049285,0.000000,-0.941927,0.297268,-0.156220,0.000000,-0.163809,-0.000627,0.986492,0.000000,-13.921920,-134.440602,115.585766,1.000000;;,
   16320;16;0.293165,0.954790,0.049287,0.000000,-0.941924,0.297278,-0.156219,0.000000,-0.163809,-0.000627,0.986492,0.000000,-13.903403,-134.409229,115.590323,1.000000;;,
   16480;16;0.293175,0.954787,0.049289,0.000000,-0.941921,0.297289,-0.156219,0.000000,-0.163809,-0.000627,0.986492,0.000000,-13.879954,-134.329958,115.594931,1.000000;;,
   16640;16;0.293185,0.954784,0.049291,0.000000,-0.941918,0.297299,-0.156218,0.000000,-0.163809,-0.000627,0.986492,0.000000,-13.857381,-134.202765,115.599514,1.000000;;,
   16800;16;0.293196,0.954781,0.049292,0.000000,-0.941914,0.297310,-0.156218,0.000000,-0.163809,-0.000627,0.986492,0.000000,-13.837115,-134.075546,115.604083,1.000000;;,
   16960;16;0.293206,0.954777,0.049294,0.000000,-0.941911,0.297320,-0.156217,0.000000,-0.163809,-0.000627,0.986492,0.000000,-13.816846,-133.946714,115.608653,1.000000;;,
   17120;16;0.293216,0.954774,0.049296,0.000000,-0.941908,0.297331,-0.156217,0.000000,-0.163809,-0.000627,0.986492,0.000000,-13.793731,-133.817830,115.613222,1.000000;;,
   17280;16;0.293227,0.954771,0.049298,0.000000,-0.941905,0.297341,-0.156216,0.000000,-0.163809,-0.000627,0.986492,0.000000,-13.767336,-133.664128,115.617805,1.000000;;,
   17440;16;0.293237,0.954768,0.049299,0.000000,-0.941902,0.297352,-0.156215,0.000000,-0.163809,-0.000627,0.986492,0.000000,-13.737632,-133.485555,115.622387,1.000000;;,
   17600;16;0.293248,0.954764,0.049301,0.000000,-0.941898,0.297362,-0.156215,0.000000,-0.163809,-0.000627,0.986492,0.000000,-13.705029,-133.306982,115.626970,1.000000;;,
   17760;16;0.293258,0.954761,0.049303,0.000000,-0.941895,0.297373,-0.156214,0.000000,-0.163809,-0.000627,0.986492,0.000000,-13.672574,-133.118682,115.631552,1.000000;;,
   17920;16;0.293268,0.954758,0.049304,0.000000,-0.941892,0.297383,-0.156214,0.000000,-0.163809,-0.000627,0.986492,0.000000,-13.640296,-132.930368,115.636134,1.000000;;,
   18080;16;0.293279,0.954755,0.049306,0.000000,-0.941889,0.297394,-0.156213,0.000000,-0.163809,-0.000627,0.986492,0.000000,-13.608019,-132.746598,115.640691,1.000000;;,
   18240;16;0.293289,0.954751,0.049308,0.000000,-0.941886,0.297404,-0.156213,0.000000,-0.163809,-0.000627,0.986492,0.000000,-13.576453,-132.567347,115.645286,1.000000;;,
   18400;16;0.293299,0.954748,0.049310,0.000000,-0.941882,0.297415,-0.156212,0.000000,-0.163809,-0.000627,0.986492,0.000000,-13.547221,-132.388070,115.649843,1.000000;;,
   18560;16;0.293310,0.954745,0.049311,0.000000,-0.941879,0.297425,-0.156212,0.000000,-0.163809,-0.000627,0.986492,0.000000,-13.522027,-132.251571,115.654438,1.000000;;,
   18720;16;0.293320,0.954741,0.049313,0.000000,-0.941876,0.297436,-0.156211,0.000000,-0.163809,-0.000627,0.986492,0.000000,-13.499451,-132.115021,115.659008,1.000000;;,
   18880;16;0.293330,0.954738,0.049315,0.000000,-0.941873,0.297446,-0.156211,0.000000,-0.163809,-0.000627,0.986492,0.000000,-13.477752,-131.978496,115.663578,1.000000;;,
   19040;16;0.293341,0.954735,0.049317,0.000000,-0.941869,0.297457,-0.156210,0.000000,-0.163809,-0.000627,0.986492,0.000000,-13.455176,-131.841984,115.668173,1.000000;;,
   19200;16;0.293351,0.954732,0.049318,0.000000,-0.941866,0.297467,-0.156209,0.000000,-0.163809,-0.000627,0.986492,0.000000,-13.429981,-131.705434,115.672742,1.000000;;,
   19360;16;0.293361,0.954728,0.049320,0.000000,-0.941863,0.297478,-0.156209,0.000000,-0.163809,-0.000627,0.986492,0.000000,-13.400750,-131.526195,115.677325,1.000000;;,
   19520;16;0.293372,0.954725,0.049322,0.000000,-0.941860,0.297488,-0.156208,0.000000,-0.163809,-0.000627,0.986492,0.000000,-13.369186,-131.346918,115.681894,1.000000;;,
   19680;16;0.293382,0.954722,0.049324,0.000000,-0.941856,0.297499,-0.156208,0.000000,-0.163809,-0.000627,0.986492,0.000000,-13.336906,-131.162714,115.686490,1.000000;;,
   19840;16;0.293393,0.954719,0.049325,0.000000,-0.941853,0.297509,-0.156207,0.000000,-0.163809,-0.000627,0.986492,0.000000,-13.304555,-130.973542,115.691059,1.000000;;,
   20000;16;0.293403,0.954715,0.049327,0.000000,-0.941850,0.297520,-0.156207,0.000000,-0.163809,-0.000627,0.986492,0.000000,-13.271803,-130.784410,115.695629,1.000000;;,
   20160;16;0.293413,0.954712,0.049329,0.000000,-0.941847,0.297530,-0.156206,0.000000,-0.163809,-0.000627,0.986492,0.000000,-13.238866,-130.606694,115.700224,1.000000;;,
   20320;16;0.293424,0.954709,0.049331,0.000000,-0.941844,0.297541,-0.156206,0.000000,-0.163809,-0.000627,0.986492,0.000000,-13.209554,-130.428966,115.704794,1.000000;;,
   20480;16;0.293434,0.954705,0.049332,0.000000,-0.941840,0.297551,-0.156205,0.000000,-0.163809,-0.000627,0.986492,0.000000,-13.184369,-130.282330,115.709363,1.000000;;,
   20640;16;0.293444,0.954702,0.049334,0.000000,-0.941837,0.297562,-0.156205,0.000000,-0.163809,-0.000627,0.986492,0.000000,-13.163284,-130.166733,115.713946,1.000000;;,
   20800;16;0.293455,0.954699,0.049336,0.000000,-0.941834,0.297572,-0.156204,0.000000,-0.163809,-0.000627,0.986492,0.000000,-13.145759,-130.051162,115.718528,1.000000;;,
   20960;16;0.293465,0.954696,0.049338,0.000000,-0.941831,0.297583,-0.156203,0.000000,-0.163809,-0.000627,0.986492,0.000000,-13.128231,-129.938266,115.723085,1.000000;;,
   21120;16;0.293475,0.954692,0.049339,0.000000,-0.941827,0.297593,-0.156203,0.000000,-0.163809,-0.000627,0.986492,0.000000,-13.107970,-129.825331,115.727680,1.000000;;,
   21280;16;0.293486,0.954689,0.049341,0.000000,-0.941824,0.297604,-0.156202,0.000000,-0.163809,-0.000627,0.986492,0.000000,-13.086669,-129.716250,115.732250,1.000000;;,
   21440;16;0.293496,0.954686,0.049343,0.000000,-0.941821,0.297614,-0.156202,0.000000,-0.163809,-0.000627,0.986492,0.000000,-13.067868,-129.610957,115.736832,1.000000;;,
   21600;16;0.293506,0.954683,0.049344,0.000000,-0.941818,0.297625,-0.156201,0.000000,-0.163809,-0.000627,0.986492,0.000000,-13.056982,-129.505702,115.741402,1.000000;;,
   21760;16;0.293517,0.954679,0.049346,0.000000,-0.941814,0.297635,-0.156201,0.000000,-0.163809,-0.000627,0.986492,0.000000,-13.046094,-129.481446,115.774016,1.000000;;,
   21920;16;0.293527,0.954676,0.049348,0.000000,-0.941811,0.297646,-0.156200,0.000000,-0.163809,-0.000627,0.986492,0.000000,-13.040979,-129.457165,115.806618,1.000000;;,
   22080;16;0.293538,0.954673,0.049350,0.000000,-0.941808,0.297656,-0.156200,0.000000,-0.163809,-0.000627,0.986492,0.000000,-13.037784,-129.432858,115.839219,1.000000;;,
   22240;16;0.293548,0.954670,0.049351,0.000000,-0.941805,0.297667,-0.156199,0.000000,-0.163809,-0.000628,0.986492,0.000000,-13.034594,-129.408589,115.871821,1.000000;;,
   22400;16;0.293558,0.954666,0.049353,0.000000,-0.941802,0.297677,-0.156199,0.000000,-0.163809,-0.000628,0.986492,0.000000,-13.031402,-129.384294,115.904422,1.000000;;,
   22560;16;0.293538,0.954663,0.049537,0.000000,-0.941776,0.297687,-0.156332,0.000000,-0.163991,-0.000764,0.986462,0.000000,-12.981064,-129.119680,115.937037,1.000000;;,
   22720;16;0.295196,0.954109,0.050359,0.000000,-0.941165,0.299458,-0.156629,0.000000,-0.164522,-0.001160,0.986373,0.000000,-12.856801,-128.478810,116.333875,1.000000;;,
   22880;16;0.298183,0.953108,0.051688,0.000000,-0.940081,0.302624,-0.157053,0.000000,-0.165330,-0.001760,0.986237,0.000000,-12.674971,-127.545933,116.956019,1.000000;;,
   23040;16;0.302178,0.951754,0.053415,0.000000,-0.938623,0.306852,-0.157571,0.000000,-0.166359,-0.002522,0.986062,0.000000,-12.447689,-126.382067,117.720845,1.000000;;,
   23200;16;0.306891,0.950128,0.055442,0.000000,-0.936878,0.311841,-0.158160,0.000000,-0.167561,-0.003405,0.985856,0.000000,-12.182847,-125.025485,118.602163,1.000000;;,
   23360;16;0.313141,0.947929,0.058071,0.000000,-0.934530,0.318448,-0.158886,0.000000,-0.169106,-0.004515,0.985588,0.000000,-11.848611,-123.317056,119.705600,1.000000;;,
   23520;16;0.320390,0.945321,0.060974,0.000000,-0.931769,0.326091,-0.159597,0.000000,-0.170754,-0.005680,0.985297,0.000000,-11.509062,-121.591821,120.800909,1.000000;;,
   23680;16;0.328374,0.942371,0.064090,0.000000,-0.928665,0.334499,-0.160285,0.000000,-0.172486,-0.006884,0.984988,0.000000,-11.164845,-119.850342,121.892762,1.000000;;,
   23840;16;0.337087,0.939056,0.067423,0.000000,-0.925197,0.343668,-0.160946,0.000000,-0.174308,-0.008127,0.984658,0.000000,-10.814800,-118.086413,122.985472,1.000000;;,
   24000;16;0.346780,0.935251,0.071054,0.000000,-0.921238,0.353858,-0.161572,0.000000,-0.176253,-0.009428,0.984300,0.000000,-10.455962,-116.287283,124.083021,1.000000;;,
   24160;16;0.357587,0.930880,0.074790,0.000000,-0.916732,0.365170,-0.162026,0.000000,-0.178138,-0.010624,0.983948,0.000000,-10.147670,-114.770739,124.954611,1.000000;;,
   24320;16;0.369215,0.926008,0.078676,0.000000,-0.911740,0.377320,-0.162358,0.000000,-0.180031,-0.011787,0.983590,0.000000,-9.848211,-113.336986,125.704806,1.000000;;,
   24480;16;0.381672,0.920591,0.082693,0.000000,-0.906220,0.390314,-0.162543,0.000000,-0.181912,-0.012900,0.983230,0.000000,-9.573522,-112.056333,126.308480,1.000000;;,
   24640;16;0.394525,0.914788,0.086673,0.000000,-0.900338,0.403694,-0.162551,0.000000,-0.183689,-0.013904,0.982886,0.000000,-9.362300,-111.093658,126.689318,1.000000;;,
   24800;16;0.406913,0.908993,0.090290,0.000000,-0.894497,0.416551,-0.162358,0.000000,-0.185193,-0.014699,0.982592,0.000000,-9.276000,-110.708608,126.719962,1.000000;;,
   24960;16;0.417812,0.903724,0.093360,0.000000,-0.889203,0.427843,-0.162074,0.000000,-0.186414,-0.015300,0.982352,0.000000,-9.299294,-110.749798,126.750605,1.000000;;,
   25120;16;0.427929,0.898687,0.096119,0.000000,-0.884159,0.438307,-0.161711,0.000000,-0.187457,-0.015783,0.982146,0.000000,-9.377941,-110.924403,126.511386,1.000000;;,
   25280;16;0.438134,0.893478,0.098667,0.000000,-0.878970,0.448818,-0.161167,0.000000,-0.188283,-0.016113,0.981983,0.000000,-9.523835,-111.293722,126.041408,1.000000;;,
   25440;16;0.449187,0.887696,0.101129,0.000000,-0.873242,0.460143,-0.160366,0.000000,-0.188890,-0.016276,0.981863,0.000000,-9.737259,-111.883302,125.384128,1.000000;;,
   25600;16;0.461737,0.880941,0.103645,0.000000,-0.866579,0.472946,-0.159258,0.000000,-0.189315,-0.016282,0.981781,0.000000,-10.006900,-112.683008,124.587315,1.000000;;,
   25760;16;0.476448,0.872737,0.106430,0.000000,-0.858504,0.487922,-0.157803,0.000000,-0.189650,-0.016186,0.981718,0.000000,-10.403717,-113.886746,123.529510,1.000000;;,
   25920;16;0.492663,0.863343,0.109183,0.000000,-0.849289,0.504366,-0.155957,0.000000,-0.189712,-0.015894,0.981711,0.000000,-10.891544,-115.399437,122.235981,1.000000;;,
   26080;16;0.509525,0.853191,0.111575,0.000000,-0.839369,0.521373,-0.153720,0.000000,-0.189325,-0.015329,0.981795,0.000000,-11.354817,-116.917773,120.906342,1.000000;;,
   26240;16;0.526460,0.842594,0.113468,0.000000,-0.829051,0.538354,-0.151161,0.000000,-0.188453,-0.014491,0.981975,0.000000,-11.733196,-118.312461,119.610227,1.000000;;,
   26400;16;0.543160,0.831726,0.114933,0.000000,-0.818492,0.555023,-0.148394,0.000000,-0.187214,-0.013471,0.982227,0.000000,-12.021578,-119.628275,118.287462,1.000000;;,
   26560;16;0.560254,0.820193,0.115754,0.000000,-0.807337,0.571959,-0.145159,0.000000,-0.185265,-0.012126,0.982614,0.000000,-12.210143,-120.794701,117.009958,1.000000;;,
   26720;16;0.577453,0.808164,0.115838,0.000000,-0.795744,0.588865,-0.141526,0.000000,-0.182589,-0.010453,0.983134,0.000000,-12.296533,-121.391821,116.265011,1.000000;;,
   26880;16;0.594009,0.796064,0.115912,0.000000,-0.784066,0.605147,-0.137977,0.000000,-0.179982,-0.008923,0.983629,0.000000,-12.269824,-121.551168,115.950208,1.000000;;,
   27040;16;0.609892,0.783940,0.116056,0.000000,-0.772350,0.620790,-0.134519,0.000000,-0.177501,-0.007594,0.984091,0.000000,-12.050662,-121.308198,115.887962,1.000000;;,
   27200;16;0.625754,0.771412,0.115566,0.000000,-0.760271,0.636307,-0.130771,0.000000,-0.174414,-0.006031,0.984654,0.000000,-11.491283,-120.602611,115.825702,1.000000;;,
   27360;16;0.645664,0.755661,0.109971,0.000000,-0.745372,0.654961,-0.124284,0.000000,-0.165943,-0.001724,0.986134,0.000000,-10.358817,-118.924211,115.763469,1.000000;;,
   27520;16;0.668653,0.736814,0.100037,0.000000,-0.727674,0.676079,-0.115788,0.000000,-0.152947,0.004628,0.988224,0.000000,-8.823135,-116.531840,116.334042,1.000000;;,
   27680;16;0.694064,0.714787,0.085761,0.000000,-0.707050,0.699227,-0.105652,0.000000,-0.135485,0.012692,0.990698,0.000000,-6.859178,-113.405670,117.790502,1.000000;;,
   27840;16;0.720485,0.690123,0.068051,0.000000,-0.683938,0.723367,-0.094705,0.000000,-0.114585,0.021691,0.993177,0.000000,-4.582642,-109.751283,119.938061,1.000000;;,
   28000;16;0.746023,0.664111,0.049049,0.000000,-0.659478,0.747020,-0.083962,0.000000,-0.092401,0.030291,0.995261,0.000000,-2.250000,-105.999802,122.134310,1.000000;;,
   28160;16;0.769138,0.638394,0.029659,0.000000,-0.635246,0.768774,-0.073821,0.000000,-0.069928,0.037938,0.996830,0.000000,-0.050036,-102.567296,123.991296,1.000000;;,
   28320;16;0.790795,0.612021,0.008581,0.000000,-0.610352,0.789536,-0.064065,0.000000,-0.045984,0.045424,0.997909,0.000000,2.174736,-99.163706,125.891482,1.000000;;,
   28480;16;0.811689,0.583941,-0.013201,0.000000,-0.583704,0.810123,-0.054678,0.000000,-0.021234,0.052087,0.998417,0.000000,4.473634,-95.574541,127.869824,1.000000;;,
