xof 0303txt 0032
template Frame {
 <3d82ab46-62da-11cf-ab39-0020af71e433>
 [...]
}

template Matrix4x4 {
 <f6f23f45-7686-11cf-8f52-0040333594a3>
 array FLOAT matrix[16];
}

template FrameTransformMatrix {
 <f6f23f41-7686-11cf-8f52-0040333594a3>
 Matrix4x4 frameMatrix;
}

template AnimTicksPerSecond {
 <9e415a43-7ba6-4a73-8743-b73d47e88476>
 DWORD AnimTicksPerSecond;
}

template Animation {
 <3d82ab4f-62da-11cf-ab39-0020af71e433>
 [...]
}

template AnimationSet {
 <3d82ab50-62da-11cf-ab39-0020af71e433>
 [Animation <3d82ab4f-62da-11cf-ab39-0020af71e433>]
}

template FloatKeys {
 <10dd46a9-775b-11cf-8f52-0040333594a3>
 DWORD nValues;
 array FLOAT values[nValues];
}

template TimedFloatKeys {
 <f406b180-7b3b-11cf-8f52-0040333594a3>
 DWORD time;
 FloatKeys tfkeys;
}

template AnimationKey {
 <10dd46a8-775b-11cf-8f52-0040333594a3>
 DWORD keyType;
 DWORD nKeys;
 array TimedFloatKeys keys[nKeys];
}


Frame ARM_bear_framework {
 

 FrameTransformMatrix {
  -0.003937,0.000000,-0.000000,0.000000,-0.000000,-0.000000,0.003937,0.000000,-0.000000,0.003937,0.000000,0.000000,0.000000,0.000000,0.000000,1.000000;;
 }

 Frame _0__-com {
  

  FrameTransformMatrix {
   0.998140,0.060959,0.000000,0.000000,0.000000,-0.000000,1.000000,0.000000,0.060959,-0.998140,-0.000000,0.000000,0.000000,0.000000,110.323098,1.000000;;
  }

  Frame _1___body {
   

   FrameTransformMatrix {
    0.000043,-0.000040,1.000000,0.000000,0.996223,0.086832,-0.000040,0.000000,-0.086832,0.996223,0.000043,0.000000,-0.000456,0.000008,-66.890733,1.000000;;
   }

   Frame _3___chest {
    

    FrameTransformMatrix {
     -0.135683,0.052938,-0.989338,0.000000,-0.050896,0.996881,0.060321,0.000000,0.989445,0.058538,-0.132565,0.000000,56.307091,1.885900,21.738778,1.000000;;
    }

    Frame _7___neck1 {
     

     FrameTransformMatrix {
      0.932500,0.010572,-0.361014,0.000000,-0.038366,0.996815,-0.069910,0.000000,0.359126,0.079042,0.929936,0.000000,-0.019608,-0.000195,102.569197,1.000000;;
     }

     Frame _10___claviclel {
      

      FrameTransformMatrix {
       -0.704214,0.673898,-0.223480,0.000000,-0.458286,-0.191045,0.868029,0.000000,0.542268,0.713697,0.443375,0.000000,-12.198410,18.822403,-31.727693,1.000000;;
      }

      Frame _15___arm1l {
       

       FrameTransformMatrix {
        0.546001,-0.837479,-0.022594,0.000000,0.318387,0.182479,0.930230,0.000000,-0.774926,-0.515101,0.366276,0.000000,-0.000900,0.000374,50.676883,1.000000;;
       }

       Frame _20___arm2l {
        

        FrameTransformMatrix {
         0.896585,-0.000000,0.442873,0.000000,0.000000,1.000000,-0.000000,0.000000,-0.442873,0.000000,0.896585,0.000000,-0.000553,0.000648,57.360941,1.000000;;
        }

        Frame _23___hand1l {
         

         FrameTransformMatrix {
          0.340502,0.152575,0.927782,0.000000,0.140207,0.967475,-0.210559,0.000000,-0.929731,0.201777,0.308035,0.000000,-0.001734,0.002445,60.929389,1.000000;;
         }

         Frame _25___hand2l {
          

          FrameTransformMatrix {
           0.909111,0.041083,0.414522,0.000000,-0.036340,0.999152,-0.019328,0.000000,-0.414965,0.002507,0.909834,0.000000,2.006802,0.007072,18.800675,1.000000;;
          }

          Frame _25___hand2l_end {
           

           FrameTransformMatrix {
            1.000000,-0.000000,0.000000,0.000000,-0.000000,1.000000,0.000000,0.000000,0.000000,-0.000000,1.000000,0.000000,-0.000000,0.000011,1.000023,1.000000;;
           }
          }
         }
        }
       }
      }
     }

     Frame _11___clavicler {
      

      FrameTransformMatrix {
       -0.484453,-0.837878,-0.251526,0.000000,0.717059,-0.215620,-0.662824,0.000000,0.501131,-0.501466,0.705266,0.000000,-12.539108,-13.326198,-34.276685,1.000000;;
      }

      Frame _16___arm1r {
       

       FrameTransformMatrix {
        -0.160116,0.878849,-0.449435,0.000000,-0.946536,-0.265881,-0.182704,0.000000,-0.280064,0.396151,0.874430,0.000000,0.002647,0.000122,50.675139,1.000000;;
       }

       Frame _21___arm2r {
        

        FrameTransformMatrix {
         0.587120,-0.000000,0.809500,0.000000,0.000000,1.000000,0.000000,0.000000,-0.809500,-0.000000,0.587120,0.000000,0.000343,-0.002087,57.365734,1.000000;;
        }

        Frame _24___hand1r {
         

         FrameTransformMatrix {
          0.796417,0.116047,0.593509,0.000000,-0.105115,0.993040,-0.053115,0.000000,-0.595542,-0.020085,0.803073,0.000000,0.000168,0.002193,60.931014,1.000000;;
         }

         Frame _26___hand2r {
          

          FrameTransformMatrix {
           0.999984,0.000790,0.005645,0.000000,-0.000790,1.000000,0.000000,0.000000,-0.005645,-0.000005,0.999984,0.000000,2.006892,-0.006451,18.800414,1.000000;;
          }

          Frame _26___hand2r_end {
           

           FrameTransformMatrix {
            1.000000,0.000000,0.000000,0.000000,-0.000000,1.000000,-0.000000,0.000000,-0.000000,-0.000000,1.000000,0.000000,0.000000,-0.000002,1.000031,1.000000;;
           }
          }
         }
        }
       }
      }
     }

     Frame _12___neck2 {
      

      FrameTransformMatrix {
       0.979998,-0.000016,0.199005,0.000000,0.000017,1.000000,-0.000002,0.000000,-0.199005,0.000005,0.979998,0.000000,-0.020691,-0.000839,26.398384,1.000000;;
      }

      Frame _17___head {
       

       FrameTransformMatrix {
        0.108791,-0.183450,0.976989,0.000000,0.150764,0.974500,0.166195,0.000000,-0.982564,0.129214,0.133675,0.000000,-0.000870,-0.001022,25.878814,1.000000;;
       }

       Frame _22___head2 {
        

        FrameTransformMatrix {
         0.028693,0.000000,-0.999588,0.000000,-0.000000,1.000000,0.000000,0.000000,0.999588,-0.000000,0.028693,0.000000,22.452301,0.000002,-18.316117,1.000000;;
        }

        Frame _22___head2_end {
         

         FrameTransformMatrix {
          1.000000,-0.000000,0.000000,0.000000,0.000000,1.000000,-0.000000,0.000000,0.000000,-0.000000,1.000000,0.000000,0.000008,0.000002,1.000008,1.000000;;
         }
        }
       }
      }
     }
    }
   }

   Frame _4___leg1l {
    

    FrameTransformMatrix {
     0.987268,-0.065506,-0.144955,0.000000,-0.078505,-0.993210,-0.085847,0.000000,-0.138347,0.096134,-0.985706,0.000000,0.000572,34.856426,0.001770,1.000000;;
    }

    Frame _8___leg2l {
     

     FrameTransformMatrix {
      0.628635,0.000000,0.777700,0.000000,-0.000000,1.000000,-0.000000,0.000000,-0.777700,0.000000,0.628635,0.000000,0.000694,0.000896,58.025926,1.000000;;
     }

     Frame _13___foot1l {
      

      FrameTransformMatrix {
       0.904555,0.002675,0.426350,0.000000,0.009681,0.999594,-0.026813,0.000000,-0.426248,0.028381,0.904161,0.000000,0.002625,0.002491,55.120653,1.000000;;
      }

      Frame _18___foot2l {
       

       FrameTransformMatrix {
        0.644716,0.091064,-0.758978,0.000000,-0.027334,0.994990,0.096163,0.000000,0.763933,-0.041252,0.643975,0.000000,14.380206,-0.000385,7.796509,1.000000;;
       }

       Frame _18___foot2l_end {
        

        FrameTransformMatrix {
         1.000000,0.000000,0.000000,0.000000,0.000000,1.000000,-0.000000,0.000000,0.000000,0.000000,1.000000,0.000000,0.000015,0.000000,1.000000,1.000000;;
        }
       }
      }
     }
    }
   }

   Frame _5___leg1r {
    

    FrameTransformMatrix {
     0.806780,-0.298045,0.510172,0.000000,-0.357048,-0.933894,0.019046,0.000000,0.470770,-0.197522,-0.859862,0.000000,-0.000580,-34.856416,-0.001801,1.000000;;
    }

    Frame _9___leg2r {
     

     FrameTransformMatrix {
      0.548606,-0.000000,0.836081,0.000000,-0.000000,1.000000,0.000000,0.000000,-0.836081,0.000000,0.548606,0.000000,0.001371,-0.001568,58.027872,1.000000;;
     }

     Frame _14___foot1r {
      

      FrameTransformMatrix {
       0.857749,-0.274153,-0.434865,0.000000,0.214012,0.959571,-0.182817,0.000000,0.467403,0.063745,0.881743,0.000000,-0.001736,0.001842,55.121670,1.000000;;
      }

      Frame _19___foot2r {
       

       FrameTransformMatrix {
        0.001099,0.001902,-0.999996,0.000000,-0.005298,0.999984,0.001896,0.000000,0.999983,0.005296,0.001109,0.000000,14.380459,-0.000984,7.795817,1.000000;;
       }

       Frame _19___foot2r_end {
        

        FrameTransformMatrix {
         1.000000,0.000000,0.000000,0.000000,0.000000,1.000000,0.000000,0.000000,-0.000000,-0.000000,1.000000,0.000000,0.000000,-0.000004,0.999996,1.000000;;
        }
       }
      }
     }
    }
   }

   Frame _6___tail1 {
    

    FrameTransformMatrix {
     -0.824942,0.049180,0.563073,0.000000,0.000050,0.996214,-0.086938,0.000000,-0.565217,-0.071690,-0.821821,0.000000,-19.575906,0.782499,8.965690,1.000000;;
    }

    Frame _6___tail1_end {
     

     FrameTransformMatrix {
      1.000000,-0.000000,0.000000,0.000000,0.000000,1.000000,0.000000,0.000000,-0.000000,-0.000000,1.000000,0.000000,0.000000,0.000000,0.999996,1.000000;;
     }
    }
   }
  }

  Frame _2__-footsteps {
   

   FrameTransformMatrix {
    0.060959,0.000000,-0.998140,0.000000,-0.000000,1.000000,0.000000,0.000000,0.998140,-0.000000,0.060959,0.000000,-0.000000,-110.180723,0.000000,1.000000;;
   }

   Frame _2__-footsteps_end {
    

    FrameTransformMatrix {
     1.000000,0.000000,-0.000000,0.000000,0.000000,1.000000,0.000000,0.000000,0.000000,0.000000,1.000000,0.000000,0.000000,0.000000,1.000000,1.000000;;
    }
   }
  }
 }
}

AnimTicksPerSecond  {
 4800;
}

AnimationSet Dummy {
 

 Animation {
  
  { ARM_bear_framework }

  AnimationKey  {
   4;
   2;
   0;16;-0.003937,0.000000,-0.000000,0.000000,-0.000000,-0.000000,0.003937,0.000000,-0.000000,0.003937,0.000000,0.000000,0.000000,0.000000,0.000000,1.000000;;,
   76800;16;-0.003937,0.000000,-0.000000,0.000000,-0.000000,-0.000000,0.003937,0.000000,-0.000000,0.003937,0.000000,0.000000,0.000000,0.000000,0.000000,1.000000;;;
  }
 }

 Animation {
  
  { _0__-com }

  AnimationKey  {
   4;
   476;
   0;16;0.998140,0.060959,0.000000,0.000000,0.000000,-0.000000,1.000000,0.000000,0.060959,-0.998140,-0.000000,0.000000,0.000000,0.000000,110.323098,1.000000;;,
   160;16;0.998263,0.058893,0.000000,0.000000,0.000000,-0.000000,1.000000,0.000000,0.058893,-0.998263,-0.000000,0.000000,-0.000000,0.000000,110.323085,1.000000;;,
   320;16;0.998530,0.054181,0.000000,0.000000,0.000000,-0.000000,1.000000,0.000000,0.054181,-0.998530,-0.000000,0.000000,0.000000,0.000000,110.323098,1.000000;;,
   480;16;0.998820,0.048544,0.000000,0.000000,0.000000,-0.000000,1.000000,0.000000,0.048544,-0.998820,-0.000000,0.000000,0.000000,0.000000,110.323098,1.000000;;,
   640;16;0.999071,0.043079,0.000000,0.000000,0.000000,-0.000000,1.000000,0.000000,0.043079,-0.999071,-0.000000,0.000000,0.000000,0.000000,110.323110,1.000000;;,
   800;16;0.999267,0.038264,0.000000,0.000000,0.000000,-0.000000,1.000000,0.000000,0.038264,-0.999267,-0.000000,0.000000,-0.000000,0.000000,110.323085,1.000000;;,
   960;16;0.999447,0.033231,-0.000000,0.000000,0.000000,-0.000000,1.000000,0.000000,0.033231,-0.999447,-0.000000,0.000000,0.000000,0.000000,110.323098,1.000000;;,
   1120;16;0.999605,0.028086,0.000000,0.000000,0.000000,-0.000000,1.000000,0.000000,0.028086,-0.999605,-0.000000,0.000000,0.000000,0.000000,110.323098,1.000000;;,
   1280;16;0.999738,0.022853,-0.000000,0.000000,0.000000,-0.000000,1.000000,0.000000,0.022853,-0.999738,-0.000000,0.000000,0.000000,0.000000,110.323098,1.000000;;,
   1440;16;0.999845,0.017532,-0.000000,0.000000,0.000000,-0.000000,1.000000,0.000000,0.017532,-0.999845,-0.000000,0.000000,-0.000000,0.000000,110.323085,1.000000;;,
   1600;16;0.999926,0.012093,0.000000,0.000000,0.000000,-0.000000,1.000000,0.000000,0.012093,-0.999926,-0.000000,0.000000,0.000000,0.000000,110.323110,1.000000;;,
   1760;16;0.999978,0.006576,-0.000000,0.000000,0.000000,-0.000000,1.000000,0.000000,0.006576,-0.999978,-0.000000,0.000000,0.000000,0.000000,110.323098,1.000000;;,
   1920;16;0.999999,0.000893,-0.000000,0.000000,0.000000,-0.000000,1.000000,0.000000,0.000893,-0.999999,-0.000000,0.000000,0.000000,0.000000,110.323110,1.000000;;,
   2080;16;0.999987,-0.004898,0.000000,0.000000,-0.000000,-0.000000,1.000000,0.000000,-0.004898,-0.999987,-0.000000,0.000000,0.000000,0.000000,110.323098,1.000000;;,
   2240;16;0.999943,-0.010606,0.000000,0.000000,-0.000000,-0.000000,1.000000,0.000000,-0.010606,-0.999943,-0.000000,0.000000,0.000000,0.000000,110.323110,1.000000;;,
   2400;16;0.999873,-0.015903,0.000000,0.000000,-0.000000,-0.000000,1.000000,0.000000,-0.015903,-0.999873,-0.000000,0.000000,0.000000,0.000000,110.323098,1.000000;;,
   2560;16;0.999790,-0.020472,0.000000,0.000000,-0.000000,-0.000000,1.000000,0.000000,-0.020472,-0.999790,-0.000000,0.000000,0.000000,0.000000,110.323098,1.000000;;,
   2720;16;0.999697,-0.024588,-0.000000,0.000000,-0.000000,-0.000000,1.000000,0.000000,-0.024588,-0.999697,-0.000000,0.000000,0.000000,0.000000,110.323098,1.000000;;,
   2880;16;0.999592,-0.028547,-0.000000,0.000000,-0.000000,-0.000000,1.000000,0.000000,-0.028547,-0.999592,-0.000000,0.000000,-0.000000,0.000000,110.323085,1.000000;;,
   3040;16;0.999466,-0.032649,-0.000000,0.000000,-0.000000,-0.000000,1.000000,0.000000,-0.032649,-0.999466,-0.000000,0.000000,0.000000,0.000000,110.323110,1.000000;;,
   3200;16;0.999307,-0.037195,0.000000,0.000000,-0.000000,-0.000000,1.000000,0.000000,-0.037195,-0.999307,-0.000000,0.000000,0.000000,0.000000,110.323098,1.000000;;,
   3360;16;0.999098,-0.042455,-0.000000,0.000000,-0.000000,-0.000000,1.000000,0.000000,-0.042455,-0.999098,-0.000000,0.000000,0.000000,0.000000,110.323110,1.000000;;,
   3520;16;0.998841,-0.048108,0.000000,0.000000,0.000000,0.000000,1.000000,0.000000,-0.048108,-0.998841,0.000000,0.000000,-0.000000,0.000000,110.323085,1.000000;;,
   3680;16;0.998550,-0.053829,-0.000000,0.000000,-0.000000,-0.000000,1.000000,0.000000,-0.053829,-0.998550,-0.000000,0.000000,0.000000,0.000000,110.323110,1.000000;;,
   3840;16;0.998232,-0.059426,-0.000000,0.000000,-0.000000,-0.000000,1.000000,0.000000,-0.059426,-0.998232,-0.000000,0.000000,0.000000,0.000000,110.323098,1.000000;;,
   4000;16;0.997895,-0.064847,0.000000,0.000000,-0.000000,-0.000000,1.000000,0.000000,-0.064847,-0.997895,-0.000000,0.000000,0.000000,0.000000,110.323098,1.000000;;,
   4160;16;0.997535,-0.070167,0.000000,0.000000,-0.000000,-0.000000,1.000000,0.000000,-0.070167,-0.997535,-0.000000,0.000000,0.000000,0.000000,110.323098,1.000000;;,
   4320;16;0.997156,-0.075354,0.000000,0.000000,-0.000000,-0.000000,1.000000,0.000000,-0.075354,-0.997156,-0.000000,0.000000,0.000000,0.000000,110.323110,1.000000;;,
   4480;16;0.996759,-0.080439,0.000000,0.000000,-0.000000,-0.000000,1.000000,0.000000,-0.080439,-0.996759,-0.000000,0.000000,-0.000000,0.000000,110.323085,1.000000;;,
   4640;16;0.996344,-0.085426,0.000000,0.000000,-0.000000,-0.000000,1.000000,0.000000,-0.085426,-0.996344,-0.000000,0.000000,0.000000,0.000000,110.323110,1.000000;;,
   4800;16;0.995915,-0.090282,0.000000,0.000000,-0.000000,-0.000000,1.000000,0.000000,-0.090282,-0.995915,-0.000000,0.000000,-0.000000,0.000000,110.323085,1.000000;;,
   4960;16;0.995486,-0.094901,0.000000,0.000000,-0.000000,-0.000000,1.000000,0.000000,-0.094901,-0.995486,-0.000000,0.000000,0.000000,0.000000,110.323110,1.000000;;,
   5120;16;0.995038,-0.099490,-0.000000,0.000000,-0.000000,-0.000000,1.000000,0.000000,-0.099490,-0.995038,-0.000000,0.000000,0.000000,0.000000,110.323110,1.000000;;,
   5280;16;0.994581,-0.103960,0.000000,0.000000,-0.000000,-0.000000,1.000000,0.000000,-0.103960,-0.994581,-0.000000,0.000000,-0.000000,0.000000,110.323085,1.000000;;,
   5440;16;0.994133,-0.108158,0.000000,0.000000,-0.000000,-0.000000,1.000000,0.000000,-0.108158,-0.994133,-0.000000,0.000000,0.000000,0.000000,110.323098,1.000000;;,
   5600;16;0.993722,-0.111868,0.000000,0.000000,-0.000000,-0.000000,1.000000,0.000000,-0.111868,-0.993722,-0.000000,0.000000,-0.000000,0.000000,110.323085,1.000000;;,
   5760;16;0.993368,-0.114972,0.000000,0.000000,-0.000000,-0.000000,1.000000,0.000000,-0.114972,-0.993368,-0.000000,0.000000,0.000000,0.000000,110.323110,1.000000;;,
   5920;16;0.993054,-0.117648,0.000000,0.000000,-0.000000,-0.000000,1.000000,0.000000,-0.117648,-0.993054,-0.000000,0.000000,-0.000000,0.000000,110.323085,1.000000;;,
   6080;16;0.992769,-0.120037,0.000000,0.000000,-0.000000,-0.000000,1.000000,0.000000,-0.120037,-0.992769,-0.000000,0.000000,0.000000,0.000000,110.323110,1.000000;;,
   6240;16;0.992491,-0.122311,0.000000,0.000000,-0.000000,-0.000000,1.000000,0.000000,-0.122311,-0.992491,-0.000000,0.000000,-0.000000,0.000000,110.323085,1.000000;;,
   6400;16;0.992197,-0.124678,0.000000,0.000000,-0.000000,-0.000000,1.000000,0.000000,-0.124678,-0.992197,-0.000000,0.000000,0.000000,0.000000,110.323110,1.000000;;,
   6560;16;0.991864,-0.127300,0.000000,0.000000,-0.000000,-0.000000,1.000000,0.000000,-0.127300,-0.991864,-0.000000,0.000000,0.000000,0.000000,110.323098,1.000000;;,
   6720;16;0.991526,-0.129904,0.000000,0.000000,-0.000000,-0.000000,1.000000,0.000000,-0.129904,-0.991526,-0.000000,0.000000,0.000000,0.000000,110.323098,1.000000;;,
   6880;16;0.991211,-0.132282,0.000000,0.000000,-0.000000,-0.000000,1.000000,0.000000,-0.132282,-0.991211,-0.000000,0.000000,0.000000,0.000000,110.323098,1.000000;;,
   7040;16;0.990929,-0.134379,0.000000,0.000000,0.000000,0.000000,1.000000,0.000000,-0.134379,-0.990929,0.000000,0.000000,0.000000,0.000000,110.323085,1.000000;;,
   7200;16;0.990668,-0.136295,0.000000,0.000000,-0.000000,-0.000000,1.000000,0.000000,-0.136295,-0.990668,-0.000000,0.000000,0.000000,0.000000,110.323110,1.000000;;,
   7360;16;0.990459,-0.137804,0.000000,0.000000,-0.000000,-0.000000,1.000000,0.000000,-0.137804,-0.990459,-0.000000,0.000000,0.000000,0.000000,110.323110,1.000000;;,
   7520;16;0.990342,-0.138644,0.000000,0.000000,-0.000000,-0.000000,1.000000,0.000000,-0.138644,-0.990342,-0.000000,0.000000,0.000000,0.000000,110.323098,1.000000;;,
   7680;16;0.990290,-0.139010,0.000000,0.000000,-0.000000,-0.000000,1.000000,0.000000,-0.139010,-0.990290,-0.000000,0.000000,0.000000,0.000000,110.323098,1.000000;;,
   7840;16;0.990274,-0.139125,0.000000,0.000000,-0.000000,-0.000000,1.000000,0.000000,-0.139125,-0.990274,-0.000000,0.000000,0.000000,0.000000,110.323110,1.000000;;,
   8000;16;0.990258,-0.139240,0.000000,0.000000,-0.000000,-0.000000,1.000000,0.000000,-0.139240,-0.990258,-0.000000,0.000000,-0.000000,0.000000,110.323085,1.000000;;,
   8160;16;0.990257,-0.139247,0.000000,0.000000,-0.000000,-0.000000,1.000000,0.000000,-0.139247,-0.990257,-0.000000,0.000000,0.000000,0.000000,110.323110,1.000000;;,
   8320;16;0.990308,-0.138885,0.000000,0.000000,-0.000000,-0.000000,1.000000,0.000000,-0.138885,-0.990308,-0.000000,0.000000,0.000000,0.000000,110.323098,1.000000;;,
   8480;16;0.990437,-0.137960,0.000000,0.000000,-0.000000,-0.000000,1.000000,0.000000,-0.137960,-0.990437,-0.000000,0.000000,0.000000,0.000000,110.323110,1.000000;;,
   8640;16;0.990630,-0.136568,0.000000,0.000000,0.000000,0.000000,1.000000,0.000000,-0.136568,-0.990630,0.000000,0.000000,0.000000,0.000000,110.323098,1.000000;;,
   8800;16;0.990833,-0.135089,0.000000,0.000000,-0.000000,-0.000000,1.000000,0.000000,-0.135089,-0.990833,-0.000000,0.000000,0.000000,0.000000,110.323098,1.000000;;,
   8960;16;0.991001,-0.133850,0.000000,0.000000,-0.000000,-0.000000,1.000000,0.000000,-0.133850,-0.991001,-0.000000,0.000000,0.000000,0.000000,110.323098,1.000000;;,
   9120;16;0.991168,-0.132605,0.000000,0.000000,-0.000000,-0.000000,1.000000,0.000000,-0.132605,-0.991168,-0.000000,0.000000,0.000000,0.000000,110.323110,1.000000;;,
   9280;16;0.991352,-0.131220,0.000000,0.000000,-0.000000,-0.000000,1.000000,0.000000,-0.131220,-0.991352,-0.000000,0.000000,0.000000,0.000000,110.323098,1.000000;;,
   9440;16;0.991566,-0.129593,0.000000,0.000000,-0.000000,-0.000000,1.000000,0.000000,-0.129593,-0.991566,-0.000000,0.000000,0.000000,0.000000,110.323085,1.000000;;,
   9600;16;0.991818,-0.127654,-0.000000,0.000000,-0.000000,-0.000000,1.000000,0.000000,-0.127654,-0.991818,-0.000000,0.000000,0.000000,0.000000,110.323098,1.000000;;,
   9760;16;0.992119,-0.125293,0.000000,0.000000,-0.000000,-0.000000,1.000000,0.000000,-0.125293,-0.992119,-0.000000,0.000000,0.000000,0.000000,110.323123,1.000000;;,
   9920;16;0.992461,-0.122553,0.000000,0.000000,-0.000000,-0.000000,1.000000,0.000000,-0.122553,-0.992461,-0.000000,0.000000,0.000000,0.000000,110.323098,1.000000;;,
   10080;16;0.992825,-0.119566,0.000000,0.000000,-0.000000,-0.000000,1.000000,0.000000,-0.119566,-0.992825,-0.000000,0.000000,0.000000,0.000000,110.323085,1.000000;;,
   10240;16;0.993198,-0.116433,-0.000000,0.000000,-0.000000,-0.000000,1.000000,0.000000,-0.116433,-0.993198,-0.000000,0.000000,0.000000,0.000000,110.323098,1.000000;;,
   10400;16;0.993568,-0.113233,0.000000,0.000000,-0.000000,-0.000000,1.000000,0.000000,-0.113233,-0.993568,-0.000000,0.000000,-0.000000,0.000000,110.323085,1.000000;;,
   10560;16;0.993955,-0.109777,0.000000,0.000000,-0.000000,-0.000000,1.000000,0.000000,-0.109777,-0.993955,-0.000000,0.000000,0.000000,0.000000,110.323110,1.000000;;,
   10720;16;0.994349,-0.106153,0.000000,0.000000,0.000000,0.000000,1.000000,0.000000,-0.106153,-0.994349,0.000000,0.000000,0.000000,0.000000,110.323098,1.000000;;,
   10880;16;0.994742,-0.102403,0.000000,0.000000,-0.000000,-0.000000,1.000000,0.000000,-0.102403,-0.994742,-0.000000,0.000000,0.000000,0.000000,110.323110,1.000000;;,
   11040;16;0.995134,-0.098524,0.000000,0.000000,0.000000,0.000000,1.000000,0.000000,-0.098524,-0.995134,0.000000,0.000000,0.000000,0.000000,110.323098,1.000000;;,
   11200;16;0.995527,-0.094475,0.000000,0.000000,-0.000000,-0.000000,1.000000,0.000000,-0.094475,-0.995527,-0.000000,0.000000,0.000000,0.000000,110.323110,1.000000;;,
   11360;16;0.995919,-0.090243,0.000000,0.000000,-0.000000,-0.000000,1.000000,0.000000,-0.090243,-0.995919,-0.000000,0.000000,-0.000000,0.000000,110.323085,1.000000;;,
   11520;16;0.996311,-0.085813,0.000000,0.000000,-0.000000,-0.000000,1.000000,0.000000,-0.085813,-0.996311,-0.000000,0.000000,0.000000,0.000000,110.323110,1.000000;;,
   11680;16;0.996696,-0.081215,0.000000,0.000000,-0.000000,-0.000000,1.000000,0.000000,-0.081215,-0.996696,-0.000000,0.000000,0.000000,0.000000,110.323085,1.000000;;,
   11840;16;0.997061,-0.076599,0.000000,0.000000,-0.000000,-0.000000,1.000000,0.000000,-0.076599,-0.997061,-0.000000,0.000000,0.000000,0.000000,110.323085,1.000000;;,
   12000;16;0.997386,-0.072241,0.000000,0.000000,-0.000000,-0.000000,1.000000,0.000000,-0.072241,-0.997386,-0.000000,0.000000,0.000000,0.000000,110.323110,1.000000;;,
   12160;16;0.997655,-0.068442,0.000000,0.000000,-0.000000,-0.000000,1.000000,0.000000,-0.068442,-0.997655,-0.000000,0.000000,0.000000,0.000000,110.323110,1.000000;;,
   12320;16;0.997886,-0.064974,0.000000,0.000000,-0.000000,-0.000000,1.000000,0.000000,-0.064974,-0.997886,-0.000000,0.000000,0.000000,0.000000,110.323110,1.000000;;,
   12480;16;0.998102,-0.061563,0.000000,0.000000,-0.000000,-0.000000,1.000000,0.000000,-0.061563,-0.998102,-0.000000,0.000000,-0.000000,0.000000,110.323085,1.000000;;,
   12640;16;0.998319,-0.057947,0.000000,0.000000,-0.000000,-0.000000,1.000000,0.000000,-0.057947,-0.998319,-0.000000,0.000000,0.000000,0.000000,110.323098,1.000000;;,
   12800;16;0.998547,-0.053877,0.000000,0.000000,-0.000000,-0.000000,1.000000,0.000000,-0.053877,-0.998547,-0.000000,0.000000,0.000000,0.000000,110.323098,1.000000;;,
   12960;16;0.998792,-0.049121,0.000000,0.000000,-0.000000,-0.000000,1.000000,0.000000,-0.049121,-0.998792,-0.000000,0.000000,0.000000,0.000000,110.323098,1.000000;;,
   13120;16;0.999034,-0.043922,0.000000,0.000000,-0.000000,-0.000000,1.000000,0.000000,-0.043922,-0.999034,-0.000000,0.000000,0.000000,0.000000,110.323085,1.000000;;,
   13280;16;0.999256,-0.038547,0.000000,0.000000,-0.000000,-0.000000,1.000000,0.000000,-0.038547,-0.999256,-0.000000,0.000000,0.000000,0.000000,110.323110,1.000000;;,
   13440;16;0.999449,-0.033171,-0.000000,0.000000,-0.000000,-0.000000,1.000000,0.000000,-0.033171,-0.999449,-0.000000,0.000000,0.000000,0.000000,110.323098,1.000000;;,
   13600;16;0.999611,-0.027869,-0.000000,0.000000,-0.000000,-0.000000,1.000000,0.000000,-0.027869,-0.999611,-0.000000,0.000000,0.000000,0.000000,110.323110,1.000000;;,
   13760;16;0.999746,-0.022492,0.000000,0.000000,-0.000000,-0.000000,1.000000,0.000000,-0.022492,-0.999746,-0.000000,0.000000,0.000000,0.000000,110.323098,1.000000;;,
   13920;16;0.999853,-0.017101,-0.000000,0.000000,-0.000000,-0.000000,1.000000,0.000000,-0.017101,-0.999853,-0.000000,0.000000,0.000000,0.000000,110.323110,1.000000;;,
   14080;16;0.999931,-0.011702,0.000000,0.000000,-0.000000,-0.000000,1.000000,0.000000,-0.011702,-0.999931,-0.000000,0.000000,0.000000,0.000000,110.323098,1.000000;;,
   14240;16;0.999979,-0.006294,0.000000,0.000000,-0.000000,-0.000000,1.000000,0.000000,-0.006294,-0.999979,-0.000000,0.000000,-0.000000,0.000000,110.323085,1.000000;;,
   14400;16;0.999999,-0.000870,-0.000000,0.000000,-0.000000,-0.000000,1.000000,0.000000,-0.000870,-0.999999,-0.000000,0.000000,0.000000,0.000000,110.323098,1.000000;;,
   14560;16;0.999989,0.004543,-0.000000,0.000000,0.000000,-0.000000,1.000000,0.000000,0.004543,-0.999989,-0.000000,0.000000,0.000000,0.000000,110.323110,1.000000;;,
   14720;16;0.999949,0.010074,-0.000000,0.000000,0.000000,-0.000000,1.000000,0.000000,0.010074,-0.999949,-0.000000,0.000000,0.000000,0.000000,110.323098,1.000000;;,
   14880;16;0.999877,0.015650,-0.000000,0.000000,0.000000,-0.000000,1.000000,0.000000,0.015650,-0.999877,-0.000000,0.000000,0.000000,0.000000,110.323085,1.000000;;,
   15040;16;0.999777,0.021087,0.000000,0.000000,0.000000,-0.000000,1.000000,0.000000,0.021087,-0.999777,-0.000000,0.000000,0.000000,0.000000,110.323110,1.000000;;,
   15200;16;0.999659,0.026093,0.000000,0.000000,0.000000,-0.000000,1.000000,0.000000,0.026093,-0.999659,-0.000000,0.000000,0.000000,0.000000,110.323098,1.000000;;,
   15360;16;0.999537,0.030391,0.000000,0.000000,0.000000,-0.000000,1.000000,0.000000,0.030391,-0.999537,-0.000000,0.000000,0.000000,0.000000,110.323098,1.000000;;,
   15520;16;0.999413,0.034231,0.000000,0.000000,0.000000,-0.000000,1.000000,0.000000,0.034231,-0.999413,-0.000000,0.000000,0.000000,0.000000,110.323098,1.000000;;,
   15680;16;0.999281,0.037887,-0.000000,0.000000,0.000000,-0.000000,1.000000,0.000000,0.037887,-0.999281,-0.000000,0.000000,0.000000,0.000000,110.323110,1.000000;;,
   15840;16;0.999132,0.041641,-0.000000,0.000000,0.000000,-0.000000,1.000000,0.000000,0.041641,-0.999132,-0.000000,0.000000,-0.000000,0.000000,110.323085,1.000000;;,
   16000;16;0.998951,0.045780,0.000000,0.000000,0.000000,-0.000000,1.000000,0.000000,0.045780,-0.998951,-0.000000,0.000000,-0.000000,0.000000,110.323085,1.000000;;,
   16160;16;0.998721,0.050548,-0.000000,0.000000,0.000000,-0.000000,1.000000,0.000000,0.050548,-0.998721,-0.000000,0.000000,0.000000,0.000000,110.323085,1.000000;;,
   16320;16;0.998450,0.055638,0.000000,0.000000,0.000000,-0.000000,1.000000,0.000000,0.055638,-0.998450,-0.000000,0.000000,0.000000,0.000000,110.323098,1.000000;;,
   16480;16;0.998152,0.060763,0.000000,0.000000,0.000000,-0.000000,1.000000,0.000000,0.060763,-0.998152,-0.000000,0.000000,0.000000,0.000000,110.323110,1.000000;;,
   16640;16;0.997835,0.065757,0.000000,0.000000,-0.000000,0.000000,1.000000,0.000000,0.065757,-0.997835,0.000000,0.000000,-0.000000,0.000000,110.323085,1.000000;;,
   16800;16;0.997506,0.070577,0.000000,0.000000,0.000000,-0.000000,1.000000,0.000000,0.070577,-0.997506,-0.000000,0.000000,-0.000000,0.000000,110.323085,1.000000;;,
   16960;16;0.997162,0.075277,0.000000,0.000000,0.000000,-0.000000,1.000000,0.000000,0.075277,-0.997162,-0.000000,0.000000,0.000000,0.000000,110.323110,1.000000;;,
   17120;16;0.996807,0.079843,0.000000,0.000000,0.000000,-0.000000,1.000000,0.000000,0.079843,-0.996807,-0.000000,0.000000,0.000000,0.000000,110.323098,1.000000;;,
   17280;16;0.996439,0.084308,0.000000,0.000000,0.000000,-0.000000,1.000000,0.000000,0.084308,-0.996439,-0.000000,0.000000,0.000000,0.000000,110.323085,1.000000;;,
   17440;16;0.996060,0.088671,0.000000,0.000000,0.000000,-0.000000,1.000000,0.000000,0.088671,-0.996060,-0.000000,0.000000,0.000000,0.000000,110.323098,1.000000;;,
   17600;16;0.995674,0.092904,0.000000,0.000000,0.000000,-0.000000,1.000000,0.000000,0.092904,-0.995674,-0.000000,0.000000,0.000000,0.000000,110.323098,1.000000;;,
   17760;16;0.995290,0.096932,0.000000,0.000000,0.000000,-0.000000,1.000000,0.000000,0.096932,-0.995290,-0.000000,0.000000,0.000000,0.000000,110.323098,1.000000;;,
   17920;16;0.994892,0.100937,0.000000,0.000000,0.000000,-0.000000,1.000000,0.000000,0.100937,-0.994892,-0.000000,0.000000,-0.000000,0.000000,110.323085,1.000000;;,
   18080;16;0.994489,0.104838,0.000000,0.000000,0.000000,-0.000000,1.000000,0.000000,0.104838,-0.994489,-0.000000,0.000000,0.000000,0.000000,110.323110,1.000000;;,
   18240;16;0.994095,0.108506,0.000000,0.000000,0.000000,-0.000000,1.000000,0.000000,0.108506,-0.994095,-0.000000,0.000000,0.000000,0.000000,110.323098,1.000000;;,
   18400;16;0.993734,0.111762,0.000000,0.000000,0.000000,-0.000000,1.000000,0.000000,0.111762,-0.993734,-0.000000,0.000000,0.000000,0.000000,110.323098,1.000000;;,
   18560;16;0.993423,0.114494,-0.000000,0.000000,-0.000000,0.000000,1.000000,0.000000,0.114494,-0.993423,0.000000,0.000000,0.000000,0.000000,110.323098,1.000000;;,
   18720;16;0.993148,0.116858,0.000000,0.000000,0.000000,-0.000000,1.000000,0.000000,0.116858,-0.993148,-0.000000,0.000000,0.000000,0.000000,110.323123,1.000000;;,
   18880;16;0.992895,0.118984,0.000000,0.000000,0.000000,-0.000000,1.000000,0.000000,0.118984,-0.992895,-0.000000,0.000000,0.000000,0.000000,110.323098,1.000000;;,
   19040;16;0.992648,0.121030,-0.000000,0.000000,0.000000,-0.000000,1.000000,0.000000,0.121030,-0.992648,-0.000000,0.000000,0.000000,0.000000,110.323085,1.000000;;,
   19200;16;0.992383,0.123182,0.000000,0.000000,0.000000,-0.000000,1.000000,0.000000,0.123182,-0.992383,-0.000000,0.000000,0.000000,0.000000,110.323110,1.000000;;,
   19360;16;0.992083,0.125582,0.000000,0.000000,0.000000,-0.000000,1.000000,0.000000,0.125582,-0.992083,-0.000000,0.000000,0.000000,0.000000,110.323110,1.000000;;,
   19520;16;0.991774,0.127998,0.000000,0.000000,0.000000,-0.000000,1.000000,0.000000,0.127998,-0.991774,-0.000000,0.000000,0.000000,0.000000,110.323110,1.000000;;,
   19680;16;0.991480,0.130249,0.000000,0.000000,0.000000,-0.000000,1.000000,0.000000,0.130249,-0.991480,-0.000000,0.000000,-0.000000,0.000000,110.323085,1.000000;;,
   19840;16;0.991215,0.132259,0.000000,0.000000,0.000000,-0.000000,1.000000,0.000000,0.132259,-0.991215,-0.000000,0.000000,-0.000000,0.000000,110.323085,1.000000;;,
   20000;16;0.990974,0.134048,-0.000000,0.000000,0.000000,-0.000001,1.000000,0.000000,0.134048,-0.990974,-0.000001,0.000000,0.000000,0.000000,110.323123,1.000000;;,
   20160;16;0.990774,0.135516,0.000000,0.000000,0.000000,-0.000000,1.000000,0.000000,0.135516,-0.990774,-0.000000,0.000000,0.000000,0.000000,110.323098,1.000000;;,
   20320;16;0.990610,0.136710,0.000000,0.000000,-0.000000,0.000000,1.000000,0.000000,0.136710,-0.990610,0.000000,0.000000,-0.000000,0.000000,110.323085,1.000000;;,
   20480;16;0.990474,0.137697,-0.000000,0.000000,0.000000,-0.000000,1.000000,0.000000,0.137697,-0.990474,-0.000000,0.000000,0.000000,0.000000,110.323110,1.000000;;,
   20640;16;0.990365,0.138478,-0.000000,0.000000,0.000000,-0.000000,1.000000,0.000000,0.138478,-0.990365,-0.000000,0.000000,0.000000,0.000000,110.323098,1.000000;;,
   20800;16;0.990293,0.138987,0.000000,0.000000,0.000000,-0.000000,1.000000,0.000000,0.138987,-0.990293,-0.000000,0.000000,-0.000000,0.000000,110.323085,1.000000;;,
   21120;16;0.990297,0.138961,0.000000,0.000000,0.000000,-0.000000,1.000000,0.000000,0.138961,-0.990297,-0.000000,0.000000,-0.000000,0.000000,110.323085,1.000000;;,
   21280;16;0.990344,0.138627,0.000000,0.000000,0.000000,-0.000000,1.000000,0.000000,0.138627,-0.990344,-0.000000,0.000000,0.000000,0.000000,110.323098,1.000000;;,
   21440;16;0.990434,0.137981,-0.000000,0.000000,0.000000,-0.000000,1.000000,0.000000,0.137981,-0.990434,-0.000000,0.000000,-0.000000,0.000000,110.323085,1.000000;;,
   21600;16;0.990548,0.137162,0.000000,0.000000,0.000000,-0.000000,1.000000,0.000000,0.137162,-0.990548,-0.000000,0.000000,0.000000,0.000000,110.323098,1.000000;;,
   21760;16;0.990662,0.136335,0.000000,0.000000,0.000000,-0.000000,1.000000,0.000000,0.136335,-0.990662,-0.000000,0.000000,0.000000,0.000000,110.323110,1.000000;;,
   21920;16;0.990785,0.135437,0.000000,0.000000,0.000000,-0.000000,1.000000,0.000000,0.135437,-0.990785,-0.000000,0.000000,0.000000,0.000000,110.323098,1.000000;;,
   22080;16;0.990932,0.134358,0.000000,0.000000,0.000000,-0.000000,1.000000,0.000000,0.134358,-0.990932,-0.000000,0.000000,0.000000,0.000000,110.323085,1.000000;;,
   22240;16;0.991111,0.133029,0.000000,0.000000,0.000000,-0.000000,1.000000,0.000000,0.133029,-0.991111,-0.000000,0.000000,0.000000,0.000000,110.323098,1.000000;;,
   22400;16;0.991327,0.131415,0.000000,0.000000,0.000000,-0.000000,1.000000,0.000000,0.131415,-0.991327,-0.000000,0.000000,0.000000,0.000000,110.323098,1.000000;;,
   22560;16;0.991588,0.129432,0.000000,0.000000,0.000000,-0.000000,1.000000,0.000000,0.129432,-0.991588,-0.000000,0.000000,0.000000,0.000000,110.323098,1.000000;;,
   22720;16;0.991891,0.127084,0.000000,0.000000,-0.000000,0.000000,1.000000,0.000000,0.127084,-0.991891,0.000000,0.000000,-0.000000,0.000000,110.323085,1.000000;;,
   22880;16;0.992223,0.124465,-0.000000,0.000000,0.000000,-0.000000,1.000000,0.000000,0.124465,-0.992223,-0.000000,0.000000,0.000000,0.000000,110.323110,1.000000;;,
   23040;16;0.992571,0.121660,0.000000,0.000000,0.000000,-0.000000,1.000000,0.000000,0.121660,-0.992571,-0.000000,0.000000,0.000000,0.000000,110.323098,1.000000;;,
   23200;16;0.992924,0.118744,0.000000,0.000000,-0.000000,0.000000,1.000000,0.000000,0.118744,-0.992924,0.000000,0.000000,0.000000,0.000000,110.323085,1.000000;;,
   23360;16;0.993304,0.115521,0.000000,0.000000,0.000000,-0.000000,1.000000,0.000000,0.115521,-0.993304,-0.000000,0.000000,-0.000000,0.000000,110.323085,1.000000;;,
   23520;16;0.993695,0.112109,0.000000,0.000000,0.000000,-0.000000,1.000000,0.000000,0.112109,-0.993695,-0.000000,0.000000,0.000000,0.000000,110.323110,1.000000;;,
   23680;16;0.994090,0.108556,0.000000,0.000000,0.000000,-0.000000,1.000000,0.000000,0.108556,-0.994090,-0.000000,0.000000,0.000000,0.000000,110.323098,1.000000;;,
   23840;16;0.994486,0.104861,0.000000,0.000000,-0.000000,0.000000,1.000000,0.000000,0.104861,-0.994486,0.000000,0.000000,0.000000,0.000000,110.323085,1.000000;;,
   24000;16;0.994888,0.100974,0.000000,0.000000,0.000000,-0.000000,1.000000,0.000000,0.100974,-0.994888,-0.000000,0.000000,-0.000000,0.000000,110.323085,1.000000;;,
   24160;16;0.995296,0.096874,0.000000,0.000000,0.000000,-0.000000,1.000000,0.000000,0.096874,-0.995296,-0.000000,0.000000,0.000000,0.000000,110.323110,1.000000;;,
   24320;16;0.995706,0.092562,0.000000,0.000000,0.000000,-0.000000,1.000000,0.000000,0.092562,-0.995706,-0.000000,0.000000,0.000000,0.000000,110.323098,1.000000;;,
   24480;16;0.996114,0.088060,0.000000,0.000000,0.000000,-0.000000,1.000000,0.000000,0.088060,-0.996114,-0.000000,0.000000,0.000000,0.000000,110.323085,1.000000;;,
   24640;16;0.996505,0.083519,0.000000,0.000000,0.000000,-0.000000,1.000000,0.000000,0.083519,-0.996505,-0.000000,0.000000,0.000000,0.000000,110.323110,1.000000;;,
   24800;16;0.996857,0.079213,0.000000,0.000000,0.000000,-0.000000,1.000000,0.000000,0.079213,-0.996857,-0.000000,0.000000,0.000000,0.000000,110.323110,1.000000;;,
   24960;16;0.997149,0.075447,-0.000000,0.000000,0.000000,-0.000000,1.000000,0.000000,0.075447,-0.997149,-0.000000,0.000000,0.000000,0.000000,110.323098,1.000000;;,
   25120;16;0.997404,0.071995,0.000000,0.000000,-0.000000,0.000000,1.000000,0.000000,0.071995,-0.997404,0.000000,0.000000,0.000000,0.000000,110.323085,1.000000;;,
   25280;16;0.997645,0.068583,0.000000,0.000000,0.000000,-0.000000,1.000000,0.000000,0.068583,-0.997645,-0.000000,0.000000,0.000000,0.000000,110.323110,1.000000;;,
   25440;16;0.997888,0.064952,0.000000,0.000000,0.000000,-0.000000,1.000000,0.000000,0.064952,-0.997888,-0.000000,0.000000,-0.000000,0.000000,110.323085,1.000000;;,
   25600;16;0.998146,0.060858,0.000000,0.000000,-0.000000,0.000000,1.000000,0.000000,0.060858,-0.998146,0.000000,0.000000,-0.000000,0.000000,110.323085,1.000000;;,
   25760;16;0.998426,0.056071,0.000000,0.000000,0.000000,-0.000000,1.000000,0.000000,0.056071,-0.998426,-0.000000,0.000000,0.000000,0.000000,110.323098,1.000000;;,
   25920;16;0.998707,0.050825,0.000000,0.000000,0.000000,-0.000000,1.000000,0.000000,0.050825,-0.998707,-0.000000,0.000000,0.000000,0.000000,110.323110,1.000000;;,
   26080;16;0.998969,0.045389,0.000000,0.000000,0.000000,-0.000000,1.000000,0.000000,0.045389,-0.998969,-0.000000,0.000000,0.000000,0.000000,110.323110,1.000000;;,
   26240;16;0.999201,0.039937,0.000000,0.000000,-0.000000,0.000000,1.000000,0.000000,0.039937,-0.999201,0.000000,0.000000,-0.000000,0.000000,110.323085,1.000000;;,
   26400;16;0.999402,0.034550,-0.000000,0.000000,0.000000,-0.000000,1.000000,0.000000,0.034550,-0.999402,-0.000000,0.000000,-0.000000,0.000000,110.323085,1.000000;;,
   26560;16;0.999577,0.029068,-0.000000,0.000000,0.000000,-0.000000,1.000000,0.000000,0.029068,-0.999577,-0.000000,0.000000,0.000000,0.000000,110.323110,1.000000;;,
   26720;16;0.999722,0.023556,-0.000000,0.000000,0.000000,-0.000000,1.000000,0.000000,0.023556,-0.999722,-0.000000,0.000000,0.000000,0.000000,110.323110,1.000000;;,
   26880;16;0.999837,0.018022,0.000000,0.000000,-0.000000,0.000000,1.000000,0.000000,0.018022,-0.999837,0.000000,0.000000,0.000000,0.000000,110.323085,1.000000;;,
   27040;16;0.999922,0.012467,0.000000,0.000000,0.000000,-0.000000,1.000000,0.000000,0.012467,-0.999922,-0.000000,0.000000,0.000000,0.000000,110.323098,1.000000;;,
   27200;16;0.999976,0.006879,0.000000,0.000000,0.000000,-0.000000,1.000000,0.000000,0.006879,-0.999976,-0.000000,0.000000,0.000000,0.000000,110.323110,1.000000;;,
   27360;16;0.999998,0.001293,0.000000,0.000000,0.000000,-0.000000,1.000000,0.000000,0.001293,-0.999998,-0.000000,0.000000,0.000000,0.000000,110.323085,1.000000;;,
   27520;16;0.999989,-0.004419,0.000000,0.000000,0.000000,0.000000,1.000000,0.000000,-0.004419,-0.999989,0.000000,0.000000,0.000000,0.000000,110.323085,1.000000;;,
   27680;16;0.999947,-0.010184,0.000000,0.000000,-0.000000,-0.000000,1.000000,0.000000,-0.010184,-0.999947,-0.000000,0.000000,0.000000,0.000000,110.323110,1.000000;;,
   27840;16;0.999874,-0.015813,0.000000,0.000000,-0.000000,-0.000000,1.000000,0.000000,-0.015813,-0.999874,-0.000000,0.000000,0.000000,0.000000,110.323110,1.000000;;,
   28000;16;0.999778,-0.021002,0.000000,0.000000,-0.000000,-0.000000,1.000000,0.000000,-0.021002,-0.999778,-0.000000,0.000000,0.000000,0.000000,110.323085,1.000000;;,
   28160;16;0.999675,-0.025464,0.000000,0.000000,-0.000000,-0.000000,1.000000,0.000000,-0.025464,-0.999675,-0.000000,0.000000,0.000000,0.000000,110.323098,1.000000;;,
   28320;16;0.999565,-0.029457,-0.000000,0.000000,-0.000000,-0.000000,1.000000,0.000000,-0.029457,-0.999565,-0.000000,0.000000,0.000000,0.000000,110.323110,1.000000;;,
   28480;16;0.999446,-0.033265,-0.000000,0.000000,-0.000000,-0.000000,1.000000,0.000000,-0.033265,-0.999446,-0.000000,0.000000,-0.000000,0.000000,110.323085,1.000000;;,
   28640;16;0.999308,-0.037178,0.000000,0.000000,0.000000,0.000000,1.000000,0.000000,-0.037178,-0.999308,0.000000,0.000000,-0.000000,0.000000,110.323085,1.000000;;,
   28800;16;0.999138,-0.041492,-0.000000,0.000000,-0.000000,-0.000000,1.000000,0.000000,-0.041492,-0.999138,-0.000000,0.000000,0.000000,0.000000,110.323098,1.000000;;,
   28960;16;0.998920,-0.046460,0.000000,0.000000,-0.000000,-0.000000,1.000000,0.000000,-0.046460,-0.998920,-0.000000,0.000000,0.000000,0.000000,110.323110,1.000000;;,
   29120;16;0.998658,-0.051766,0.000000,0.000000,-0.000000,-0.000000,1.000000,0.000000,-0.051766,-0.998658,-0.000000,0.000000,0.000000,0.000000,110.323098,1.000000;;,
