xof 0303txt 0032
template Frame {
 <3d82ab46-62da-11cf-ab39-0020af71e433>
 [...]
}

template Matrix4x4 {
 <f6f23f45-7686-11cf-8f52-0040333594a3>
 array FLOAT matrix[16];
}

template FrameTransformMatrix {
 <f6f23f41-7686-11cf-8f52-0040333594a3>
 Matrix4x4 frameMatrix;
}

template AnimTicksPerSecond {
 <9e415a43-7ba6-4a73-8743-b73d47e88476>
 DWORD AnimTicksPerSecond;
}

template Animation {
 <3d82ab4f-62da-11cf-ab39-0020af71e433>
 [...]
}

template AnimationSet {
 <3d82ab50-62da-11cf-ab39-0020af71e433>
 [Animation <3d82ab4f-62da-11cf-ab39-0020af71e433>]
}

template FloatKeys {
 <10dd46a9-775b-11cf-8f52-0040333594a3>
 DWORD nValues;
 array FLOAT values[nValues];
}

template TimedFloatKeys {
 <f406b180-7b3b-11cf-8f52-0040333594a3>
 DWORD time;
 FloatKeys tfkeys;
}

template AnimationKey {
 <10dd46a8-775b-11cf-8f52-0040333594a3>
 DWORD keyType;
 DWORD nKeys;
 array TimedFloatKeys keys[nKeys];
}


Frame ARM_bear_framework {
 

 FrameTransformMatrix {
  -0.003937,0.000000,-0.000000,0.000000,-0.000000,-0.000000,0.003937,0.000000,-0.000000,0.003937,0.000000,0.000000,0.000000,0.000000,0.000000,1.000000;;
 }

 Frame _0__-com {
  

  FrameTransformMatrix {
   0.999952,-0.009747,-0.001145,0.000000,0.009814,0.993272,0.115386,0.000000,0.000013,-0.115391,0.993320,0.000000,-0.000100,40.869104,142.071706,1.000000;;
  }

  Frame _1___body {
   

   FrameTransformMatrix {
    0.000055,0.000118,1.000000,0.000000,1.000000,0.000055,-0.000055,0.000000,-0.000055,1.000000,-0.000118,0.000000,-0.000027,0.002712,-66.889190,1.000000;;
   }

   Frame _3___chest {
    

    FrameTransformMatrix {
     -0.516136,0.119680,-0.848104,0.000000,0.042315,0.992543,0.114311,0.000000,0.855461,0.023112,-0.517352,0.000000,56.338182,-0.009800,21.809586,1.000000;;
    }

    Frame _7___neck1 {
     

     FrameTransformMatrix {
      0.463750,0.005693,-0.885948,0.000000,0.068867,0.996722,0.042454,0.000000,0.883286,-0.080701,0.461838,0.000000,-0.009781,-0.000102,102.580198,1.000000;;
     }

     Frame _10___claviclel {
      

      FrameTransformMatrix {
       -0.199588,0.863640,-0.462917,0.000000,-0.831663,0.100519,0.546108,0.000000,0.518172,0.493986,0.698194,0.000000,12.604889,13.333099,-34.265296,1.000000;;
      }

      Frame _15___arm1l {
       

       FrameTransformMatrix {
        0.542466,-0.801425,-0.251891,0.000000,0.829094,0.462413,0.314287,0.000000,-0.135400,-0.379331,0.915300,0.000000,-0.002480,-0.001198,50.676566,1.000000;;
       }

       Frame _20___arm2l {
        

        FrameTransformMatrix {
         0.627857,0.000000,0.778329,0.000000,0.000000,1.000000,0.000000,0.000000,-0.778329,0.000000,0.627857,0.000000,-0.001143,0.000626,57.365190,1.000000;;
        }

        Frame _23___hand1l {
         

         FrameTransformMatrix {
          0.756682,-0.615825,-0.219525,0.000000,0.648025,0.750938,0.127104,0.000000,0.086576,-0.238435,0.967292,0.000000,-0.002060,-0.000320,60.926202,1.000000;;
         }

         Frame _25___hand2l {
          

          FrameTransformMatrix {
           0.973392,-0.000768,-0.229144,0.000000,0.000790,1.000000,0.000001,0.000000,0.229144,-0.000182,0.973392,0.000000,2.006454,0.005394,18.800229,1.000000;;
          }

          Frame _25___hand2l_end {
           

           FrameTransformMatrix {
            1.000000,0.000000,0.000000,0.000000,0.000000,1.000000,0.000000,0.000000,0.000000,-0.000000,1.000000,0.000000,-0.000015,-0.000004,1.000023,1.000000;;
           }
          }
         }
        }
       }
      }
     }

     Frame _11___clavicler {
      

      FrameTransformMatrix {
       -0.209788,-0.924509,-0.318232,0.000000,0.832229,0.001995,-0.554428,0.000000,0.513209,-0.381154,0.768985,0.000000,12.421006,-18.812496,-31.663392,1.000000;;
      }

      Frame _16___arm1r {
       

       FrameTransformMatrix {
        0.411945,0.782033,-0.467681,0.000000,-0.911209,0.353334,-0.211787,0.000000,-0.000377,0.513400,0.858150,0.000000,-0.001152,-0.001556,50.675226,1.000000;;
       }

       Frame _21___arm2r {
        

        FrameTransformMatrix {
         0.477491,0.000000,0.878637,0.000000,-0.000000,1.000000,-0.000000,0.000000,-0.878637,-0.000000,0.477491,0.000000,0.001120,0.001335,57.363891,1.000000;;
        }

        Frame _24___hand1r {
         

         FrameTransformMatrix {
          0.688817,0.724897,0.007437,0.000000,-0.721986,0.685054,0.097137,0.000000,0.065319,-0.072279,0.995243,0.000000,0.003387,-0.000122,60.927866,1.000000;;
         }

         Frame _26___hand2r {
          

          FrameTransformMatrix {
           0.994195,0.000794,-0.107588,0.000000,-0.000799,1.000000,-0.000000,0.000000,0.107588,0.000086,0.994195,0.000000,2.006035,-0.006927,18.800190,1.000000;;
          }

          Frame _26___hand2r_end {
           

           FrameTransformMatrix {
            1.000000,0.000000,0.000000,0.000000,0.000000,1.000000,0.000000,0.000000,0.000000,0.000000,1.000000,0.000000,0.000000,0.000000,1.000019,1.000000;;
           }
          }
         }
        }
       }
      }
     }

     Frame _12___neck2 {
      

      FrameTransformMatrix {
       0.938857,0.000000,-0.344307,0.000000,-0.000000,1.000000,-0.000000,0.000000,0.344306,0.000000,0.938857,0.000000,-0.019394,0.000000,26.410101,1.000000;;
      }

      Frame _17___head {
       

       FrameTransformMatrix {
        0.122782,-0.042563,0.991520,0.000000,0.024326,0.998909,0.039868,0.000000,-0.992135,0.019225,0.123683,0.000000,-0.000778,0.001142,25.879322,1.000000;;
       }

       Frame _22___head2 {
        

        FrameTransformMatrix {
         0.036173,0.000003,-0.999278,0.000000,-0.000001,1.000000,0.000003,0.000000,0.999278,0.000001,0.036173,0.000000,22.451190,-0.000935,-18.315384,1.000000;;
        }

        Frame _22___head2_end {
         

         FrameTransformMatrix {
          1.000000,0.000000,0.000000,0.000000,0.000000,1.000000,0.000000,0.000000,0.000000,-0.000000,1.000000,0.000000,-0.000031,0.000000,1.000004,1.000000;;
         }
        }
       }
      }
     }
    }
   }

   Frame _4___leg1l {
    

    FrameTransformMatrix {
     0.992069,-0.002670,-0.125669,0.000000,-0.048219,-0.931371,-0.360861,0.000000,-0.116081,0.364059,-0.924113,0.000000,-0.001320,34.855891,0.001335,1.000000;;
    }

    Frame _8___leg2l {
     

     FrameTransformMatrix {
      0.203172,0.000000,0.979144,0.000000,-0.000000,1.000000,-0.000000,0.000000,-0.979144,-0.000000,0.203172,0.000000,-0.003315,0.001122,58.022918,1.000000;;
     }

     Frame _13___foot1l {
      

      FrameTransformMatrix {
       0.996677,-0.080361,-0.013277,0.000000,0.078854,0.992831,-0.089829,0.000000,0.020401,0.088483,0.995869,0.000000,0.001465,0.001354,55.119245,1.000000;;
      }

      Frame _18___foot2l {
       

       FrameTransformMatrix {
        -0.000042,-0.000002,-1.000042,0.000000,-0.083058,0.996545,0.000002,0.000000,0.996586,0.083061,-0.000042,0.000000,14.380947,-0.000355,7.796199,1.000000;;
       }

       Frame _18___foot2l_end {
        

        FrameTransformMatrix {
         1.000000,0.000000,0.000000,0.000000,0.000000,1.000000,-0.000000,0.000000,0.000000,0.000000,1.000000,0.000000,0.000000,0.000000,1.000004,1.000000;;
        }
       }
      }
     }
    }
   }

   Frame _5___leg1r {
    

    FrameTransformMatrix {
     0.951585,0.119649,-0.283145,0.000000,0.185795,-0.957709,0.219716,0.000000,-0.244882,-0.261685,-0.933571,0.000000,0.001320,-34.855885,-0.001358,1.000000;;
    }

    Frame _9___leg2r {
     

     FrameTransformMatrix {
      -0.123388,0.000000,0.992358,0.000000,-0.000000,1.000000,0.000000,0.000000,-0.992358,0.000000,-0.123388,0.000000,-0.001652,0.001854,58.024454,1.000000;;
     }

     Frame _14___foot1r {
      

      FrameTransformMatrix {
       0.882394,0.214012,-0.419022,0.000000,-0.096093,0.953767,0.284772,0.000000,0.460594,-0.211016,0.862163,0.000000,-0.002696,0.000496,55.120902,1.000000;;
      }

      Frame _19___foot2r {
       

       FrameTransformMatrix {
        -0.000036,-0.000001,-1.000001,0.000000,-0.055403,0.998464,0.000001,0.000000,0.998465,0.055403,-0.000036,0.000000,14.380854,0.000389,7.796199,1.000000;;
       }

       Frame _19___foot2r_end {
        

        FrameTransformMatrix {
         1.000000,0.000000,-0.000000,0.000000,0.000000,1.000000,-0.000000,0.000000,0.000000,-0.000000,1.000000,0.000000,-0.000000,0.000004,1.000004,1.000000;;
        }
       }
      }
     }
    }
   }

   Frame _6___tail1 {
    

    FrameTransformMatrix {
     0.794324,0.000000,0.607491,0.000000,-0.000000,1.000000,-0.000000,0.000000,-0.607492,0.000000,0.794325,0.000000,-19.609206,0.000000,8.998886,1.000000;;
    }

    Frame _6___tail1_end {
     

     FrameTransformMatrix {
      1.000000,-0.000000,0.000000,0.000000,0.000000,1.000000,0.000000,0.000000,-0.000000,0.000000,1.000000,0.000000,0.000000,0.000000,1.000000,1.000000;;
     }
    }
   }
  }

  Frame _2__-footsteps {
   

   FrameTransformMatrix {
    -0.009748,0.993272,-0.115392,0.000000,-0.001145,0.115386,0.993320,0.000000,0.999951,0.009815,0.000012,0.000000,0.161100,-16.400310,-141.121472,1.000000;;
   }

   Frame _2__-footsteps_end {
    

    FrameTransformMatrix {
     1.000000,-0.000000,0.000000,0.000000,-0.000000,1.000000,0.000000,0.000000,-0.000000,-0.000000,1.000000,0.000000,0.000000,0.000000,1.000000,1.000000;;
    }
   }
  }
 }
}

AnimTicksPerSecond  {
 4800;
}

AnimationSet Dummy {
 

 Animation {
  
  { ARM_bear_framework }

  AnimationKey  {
   4;
   2;
   0;16;-0.003937,0.000000,-0.000000,0.000000,-0.000000,-0.000000,0.003937,0.000000,-0.000000,0.003937,0.000000,0.000000,0.000000,0.000000,0.000000,1.000000;;,
   70400;16;-0.003937,0.000000,-0.000000,0.000000,-0.000000,-0.000000,0.003937,0.000000,-0.000000,0.003937,0.000000,0.000000,0.000000,0.000000,0.000000,1.000000;;;
  }
 }

 Animation {
  
  { _0__-com }

  AnimationKey  {
   4;
   441;
   0;16;0.999952,-0.009747,-0.001145,0.000000,0.009814,0.993272,0.115386,0.000000,0.000013,-0.115391,0.993320,0.000000,-0.000100,40.869104,142.071706,1.000000;;,
   160;16;0.999951,-0.009747,-0.001145,0.000000,0.009814,0.993341,0.114793,0.000000,0.000019,-0.114799,0.993388,0.000000,-0.000100,40.745901,142.153075,1.000000;;,
   320;16;0.999952,-0.009747,-0.001145,0.000000,0.009814,0.993509,0.113327,0.000000,0.000033,-0.113333,0.993557,0.000000,-0.000100,40.440707,142.234432,1.000000;;,
   480;16;0.999952,-0.009747,-0.001145,0.000000,0.009814,0.993727,0.111398,0.000000,0.000052,-0.111404,0.993775,0.000000,-0.000100,40.038637,142.315776,1.000000;;,
   640;16;0.999952,-0.009747,-0.001145,0.000000,0.009814,0.993972,0.109197,0.000000,0.000074,-0.109203,0.994019,0.000000,-0.000100,39.579120,142.413862,1.000000;;,
   800;16;0.999952,-0.009747,-0.001145,0.000000,0.009814,0.994243,0.106699,0.000000,0.000098,-0.106705,0.994291,0.000000,-0.000100,39.056016,142.562176,1.000000;;,
   960;16;0.999952,-0.009747,-0.001145,0.000000,0.009813,0.994552,0.103774,0.000000,0.000127,-0.103780,0.994600,0.000000,-0.000100,38.443226,142.710451,1.000000;;,
   1120;16;0.999952,-0.009747,-0.001144,0.000000,0.009813,0.994781,0.101561,0.000000,0.000149,-0.101567,0.994828,0.000000,-0.000100,37.982691,142.767987,1.000000;;,
   1280;16;0.999952,-0.009747,-0.001144,0.000000,0.009813,0.994934,0.100055,0.000000,0.000163,-0.100061,0.994981,0.000000,-0.000100,37.671859,142.795277,1.000000;;,
   1440;16;0.999952,-0.009747,-0.001144,0.000000,0.009813,0.995022,0.099171,0.000000,0.000172,-0.099177,0.995070,0.000000,-0.000100,37.491168,142.822515,1.000000;;,
   1600;16;0.999952,-0.009747,-0.001144,0.000000,0.009812,0.995064,0.098745,0.000000,0.000176,-0.098751,0.995112,0.000000,-0.000100,37.404051,142.849792,1.000000;;,
   1760;16;0.999952,-0.009747,-0.001144,0.000000,0.009812,0.995069,0.098695,0.000000,0.000176,-0.098701,0.995117,0.000000,-0.000100,37.393933,142.877056,1.000000;;,
   1920;16;0.999951,-0.009747,-0.001144,0.000000,0.009812,0.994987,0.099516,0.000000,0.000168,-0.099522,0.995035,0.000000,-0.000100,37.459722,142.904307,1.000000;;,
   2080;16;0.999952,-0.009747,-0.001144,0.000000,0.009813,0.994702,0.102335,0.000000,0.000140,-0.102341,0.994749,0.000000,-0.000100,37.897286,142.800614,1.000000;;,
   2240;16;0.999952,-0.009747,-0.001144,0.000000,0.009813,0.994139,0.107660,0.000000,0.000088,-0.107666,0.994187,0.000000,-0.000100,38.962074,142.513946,1.000000;;,
   2400;16;0.999951,-0.009747,-0.001143,0.000000,0.009814,0.993272,0.115386,0.000000,0.000011,-0.115392,0.993320,0.000000,-0.000100,40.869104,142.071590,1.000000;;,
   2560;16;0.999951,-0.009747,-0.001143,0.000000,0.009813,0.992180,0.124425,0.000000,-0.000078,-0.124430,0.992228,0.000000,-0.000100,44.679302,141.539456,1.000000;;,
   2720;16;0.999951,-0.009747,-0.001143,0.000000,0.009812,0.990819,0.134836,0.000000,-0.000181,-0.134840,0.990867,0.000000,-0.000100,50.544432,140.922522,1.000000;;,
   2880;16;0.999951,-0.009747,-0.001143,0.000000,0.009809,0.989040,0.147322,0.000000,-0.000305,-0.147326,0.989088,0.000000,-0.000100,57.663386,140.166963,1.000000;;,
   3040;16;0.999951,-0.009747,-0.001143,0.000000,0.009803,0.986710,0.162193,0.000000,-0.000453,-0.162196,0.986758,0.000000,-0.000100,65.099782,139.245082,1.000000;;,
   3200;16;0.999951,-0.009747,-0.001142,0.000000,0.009793,0.983733,0.179367,0.000000,-0.000625,-0.179370,0.983781,0.000000,-0.000100,71.782003,138.155610,1.000000;;,
   3360;16;0.999951,-0.009747,-0.001140,0.000000,0.009777,0.979426,0.201565,0.000000,-0.000848,-0.201567,0.979474,0.000000,-0.000100,77.782029,136.697037,1.000000;;,
   3520;16;0.999952,-0.009747,-0.001139,0.000000,0.009751,0.973825,0.227091,0.000000,-0.001104,-0.227091,0.973872,0.000000,-0.000100,83.589574,134.994790,1.000000;;,
   3680;16;0.999951,-0.009747,-0.001138,0.000000,0.009719,0.967790,0.251571,0.000000,-0.001351,-0.251570,0.967838,0.000000,-0.000100,88.712378,133.367373,1.000000;;,
   3840;16;0.999951,-0.009747,-0.001136,0.000000,0.009687,0.962024,0.272792,0.000000,-0.001566,-0.272789,0.962072,0.000000,-0.000100,92.998208,131.960666,1.000000;;,
   4000;16;0.999951,-0.009747,-0.001135,0.000000,0.009656,0.956784,0.290639,0.000000,-0.001747,-0.290636,0.956832,0.000000,-0.000100,96.635046,130.748006,1.000000;;,
   4160;16;0.999951,-0.009747,-0.001134,0.000000,0.009628,0.952373,0.304783,0.000000,-0.001890,-0.304779,0.952421,0.000000,-0.000100,99.088570,129.810202,1.000000;;,
   4320;16;0.999952,-0.009746,-0.001134,0.000000,0.009608,0.949045,0.314995,0.000000,-0.001994,-0.314991,0.949092,0.000000,-0.000100,100.228128,129.350835,1.000000;;,
   4480;16;0.999951,-0.009746,-0.001134,0.000000,0.009593,0.946711,0.321941,0.000000,-0.002064,-0.321936,0.946759,0.000000,-0.000100,100.322189,129.264832,1.000000;;,
   4640;16;0.999951,-0.009746,-0.001134,0.000000,0.009583,0.945286,0.326102,0.000000,-0.002107,-0.326097,0.945333,0.000000,-0.000100,99.584397,129.392653,1.000000;;,
   4800;16;0.999952,-0.009746,-0.001134,0.000000,0.009580,0.944704,0.327785,0.000000,-0.002124,-0.327780,0.944751,0.000000,-0.000100,98.173747,129.520448,1.000000;;,
   4960;16;0.999952,-0.009746,-0.001134,0.000000,0.009576,0.944234,0.329134,0.000000,-0.002137,-0.329129,0.944282,0.000000,-0.000100,96.698912,129.648269,1.000000;;,
   5120;16;0.999952,-0.009746,-0.001134,0.000000,0.009572,0.943607,0.330930,0.000000,-0.002156,-0.330925,0.943654,0.000000,-0.000100,95.324851,129.844326,1.000000;;,
   5280;16;0.999952,-0.009746,-0.001134,0.000000,0.009568,0.943001,0.332652,0.000000,-0.002173,-0.332647,0.943049,0.000000,-0.000100,93.933446,130.087923,1.000000;;,
   5440;16;0.999952,-0.009746,-0.001134,0.000000,0.009565,0.942508,0.334048,0.000000,-0.002187,-0.334043,0.942555,0.000000,-0.000100,92.510765,130.357210,1.000000;;,
   5600;16;0.999952,-0.009746,-0.001134,0.000000,0.009563,0.942123,0.335130,0.000000,-0.002198,-0.335125,0.942171,0.000000,-0.000100,91.147309,130.629210,1.000000;;,
   5760;16;0.999952,-0.009746,-0.001134,0.000000,0.009560,0.941822,0.335977,0.000000,-0.002207,-0.335972,0.941869,0.000000,-0.000100,89.948922,130.875162,1.000000;;,
   5920;16;0.999952,-0.009746,-0.001134,0.000000,0.009559,0.941600,0.336597,0.000000,-0.002213,-0.336592,0.941648,0.000000,-0.000100,88.841222,131.112512,1.000000;;,
   6080;16;0.999952,-0.009746,-0.001133,0.000000,0.009558,0.941518,0.336828,0.000000,-0.002216,-0.336823,0.941565,0.000000,-0.000100,87.732435,131.362189,1.000000;;,
   6240;16;0.999952,-0.009746,-0.001133,0.000000,0.009559,0.941547,0.336746,0.000000,-0.002215,-0.336740,0.941595,0.000000,-0.000100,86.538253,131.641382,1.000000;;,
   6400;16;0.999952,-0.009746,-0.001133,0.000000,0.009559,0.941576,0.336663,0.000000,-0.002214,-0.336658,0.941624,0.000000,-0.000100,85.181709,131.963802,1.000000;;,
   6560;16;0.999951,-0.009746,-0.001133,0.000000,0.009559,0.941606,0.336581,0.000000,-0.002213,-0.336576,0.941653,0.000000,-0.000100,83.585357,132.348621,1.000000;;,
   6720;16;0.999952,-0.009746,-0.001133,0.000000,0.009559,0.941635,0.336499,0.000000,-0.002212,-0.336493,0.941683,0.000000,-0.000100,81.821696,132.783040,1.000000;;,
   6880;16;0.999951,-0.009746,-0.001133,0.000000,0.009559,0.941665,0.336416,0.000000,-0.002212,-0.336411,0.941712,0.000000,-0.000100,79.981203,133.243802,1.000000;;,
   7040;16;0.999951,-0.009746,-0.001133,0.000000,0.009560,0.941741,0.336203,0.000000,-0.002209,-0.336197,0.941789,0.000000,-0.000100,78.125267,133.714778,1.000000;;,
   7200;16;0.999951,-0.009746,-0.001133,0.000000,0.009561,0.941958,0.335595,0.000000,-0.002203,-0.335590,0.942005,0.000000,-0.000100,76.286310,134.187520,1.000000;;,
   7360;16;0.999952,-0.009746,-0.001133,0.000000,0.009563,0.942253,0.334763,0.000000,-0.002195,-0.334758,0.942301,0.000000,-0.000100,74.398362,134.681856,1.000000;;,
   7520;16;0.999951,-0.009746,-0.001133,0.000000,0.009565,0.942586,0.333826,0.000000,-0.002185,-0.333821,0.942634,0.000000,-0.000100,72.475770,135.184870,1.000000;;,
   7680;16;0.999952,-0.009746,-0.001133,0.000000,0.009567,0.942950,0.332796,0.000000,-0.002175,-0.332791,0.942998,0.000000,-0.000100,70.502848,135.699418,1.000000;;,
   7840;16;0.999952,-0.009746,-0.001133,0.000000,0.009570,0.943347,0.331671,0.000000,-0.002164,-0.331665,0.943394,0.000000,-0.000100,68.477990,136.226022,1.000000;;,
   8000;16;0.999951,-0.009746,-0.001133,0.000000,0.009573,0.943781,0.330432,0.000000,-0.002151,-0.330427,0.943829,0.000000,-0.000100,66.413690,136.762803,1.000000;;,
   8160;16;0.999952,-0.009746,-0.001133,0.000000,0.009575,0.944208,0.329210,0.000000,-0.002139,-0.329205,0.944256,0.000000,-0.000100,64.465331,137.269427,1.000000;;,
   8320;16;0.999951,-0.009746,-0.001133,0.000000,0.009578,0.944619,0.328029,0.000000,-0.002127,-0.328024,0.944667,0.000000,-0.000100,62.613280,137.753011,1.000000;;,
   8480;16;0.999952,-0.009746,-0.001133,0.000000,0.009581,0.945023,0.326862,0.000000,-0.002115,-0.326857,0.945071,0.000000,-0.000100,60.837267,138.219725,1.000000;;,
   8640;16;0.999951,-0.009746,-0.001133,0.000000,0.009583,0.945425,0.325699,0.000000,-0.002103,-0.325694,0.945473,0.000000,-0.000100,59.122630,138.673139,1.000000;;,
   8800;16;0.999951,-0.009746,-0.001133,0.000000,0.009586,0.945824,0.324538,0.000000,-0.002091,-0.324533,0.945872,0.000000,-0.000100,57.460486,139.114381,1.000000;;,
   8960;16;0.999952,-0.009746,-0.001133,0.000000,0.009588,0.946220,0.323382,0.000000,-0.002080,-0.323378,0.946267,0.000000,-0.000100,55.826547,139.546189,1.000000;;,
   9120;16;0.999951,-0.009745,-0.001133,0.000000,0.009591,0.946613,0.322230,0.000000,-0.002068,-0.322225,0.946661,0.000000,-0.000100,54.173402,139.978214,1.000000;;,
   9280;16;0.999952,-0.009745,-0.001133,0.000000,0.009593,0.947004,0.321079,0.000000,-0.002057,-0.321074,0.947051,0.000000,-0.000100,52.479958,140.414669,1.000000;;,
   9440;16;0.999952,-0.009745,-0.001133,0.000000,0.009596,0.947393,0.319930,0.000000,-0.002045,-0.319925,0.947440,0.000000,-0.000100,50.731008,140.858739,1.000000;;,
   9600;16;0.999952,-0.009745,-0.001132,0.000000,0.009598,0.947780,0.318781,0.000000,-0.002033,-0.318777,0.947827,0.000000,-0.000100,48.917302,141.312627,1.000000;;,
   9760;16;0.999952,-0.009745,-0.001132,0.000000,0.009600,0.948180,0.317588,0.000000,-0.002021,-0.317584,0.948228,0.000000,-0.000100,46.984742,141.787686,1.000000;;,
   9920;16;0.999952,-0.009745,-0.001132,0.000000,0.009603,0.948578,0.316397,0.000000,-0.002009,-0.316393,0.948626,0.000000,-0.000100,44.969830,142.271411,1.000000;;,
   10080;16;0.999952,-0.009745,-0.001132,0.000000,0.009605,0.948948,0.315286,0.000000,-0.001998,-0.315282,0.948996,0.000000,-0.000100,42.944317,142.745357,1.000000;;,
   10240;16;0.999952,-0.009745,-0.001132,0.000000,0.009607,0.949282,0.314278,0.000000,-0.001988,-0.314274,0.949330,0.000000,-0.000100,40.949386,143.200870,1.000000;;,
   10400;16;0.999952,-0.009745,-0.001132,0.000000,0.009609,0.949593,0.313338,0.000000,-0.001978,-0.313334,0.949641,0.000000,-0.000100,38.995702,143.639194,1.000000;;,
   10560;16;0.999952,-0.009745,-0.001132,0.000000,0.009611,0.949854,0.312546,0.000000,-0.001970,-0.312542,0.949902,0.000000,-0.000100,37.069738,144.053850,1.000000;;,
   10720;16;0.999952,-0.009745,-0.001132,0.000000,0.009612,0.950009,0.312074,0.000000,-0.001966,-0.312070,0.950057,0.000000,-0.000100,35.177078,144.443507,1.000000;;,
   10880;16;0.999952,-0.009745,-0.001132,0.000000,0.009612,0.950129,0.311708,0.000000,-0.001962,-0.311704,0.950177,0.000000,-0.000100,33.309027,144.814784,1.000000;;,
   11040;16;0.999952,-0.009745,-0.001132,0.000000,0.009613,0.950216,0.311444,0.000000,-0.001959,-0.311439,0.950264,0.000000,-0.000100,31.465274,145.167680,1.000000;;,
   11200;16;0.999952,-0.009745,-0.001132,0.000000,0.009613,0.950202,0.311486,0.000000,-0.001960,-0.311482,0.950250,0.000000,-0.000100,29.653901,145.496230,1.000000;;,
   11360;16;0.999952,-0.009745,-0.001132,0.000000,0.009613,0.950188,0.311528,0.000000,-0.001960,-0.311524,0.950236,0.000000,-0.000100,27.902381,145.782515,1.000000;;,
   11520;16;0.999952,-0.009745,-0.001132,0.000000,0.009613,0.950175,0.311570,0.000000,-0.001961,-0.311566,0.950222,0.000000,-0.000100,26.144861,146.051418,1.000000;;,
   11680;16;0.999951,-0.009745,-0.001132,0.000000,0.009612,0.950043,0.311971,0.000000,-0.001965,-0.311967,0.950091,0.000000,-0.000100,24.411846,146.279117,1.000000;;,
   11840;16;0.999951,-0.009745,-0.001132,0.000000,0.009610,0.949775,0.312784,0.000000,-0.001973,-0.312780,0.949823,0.000000,-0.000100,22.760330,146.471258,1.000000;;,
   12000;16;0.999951,-0.009745,-0.001132,0.000000,0.009608,0.949456,0.313753,0.000000,-0.001983,-0.313749,0.949503,0.000000,-0.000100,21.273802,146.663424,1.000000;;,
   12160;16;0.999951,-0.009745,-0.001132,0.000000,0.009606,0.949194,0.314544,0.000000,-0.001991,-0.314539,0.949242,0.000000,-0.000100,20.013714,146.743411,1.000000;;,
   12320;16;0.999951,-0.009745,-0.001132,0.000000,0.009605,0.948945,0.315294,0.000000,-0.001999,-0.315289,0.948993,0.000000,-0.000100,18.908821,146.823386,1.000000;;,
   12480;16;0.999951,-0.009745,-0.001132,0.000000,0.009602,0.948611,0.316297,0.000000,-0.002009,-0.316292,0.948659,0.000000,-0.000100,17.892552,146.903360,1.000000;;,
   12640;16;0.999951,-0.009745,-0.001132,0.000000,0.009599,0.948115,0.317783,0.000000,-0.002024,-0.317779,0.948162,0.000000,-0.000100,16.889547,146.956070,1.000000;;,
   12800;16;0.999952,-0.009745,-0.001132,0.000000,0.009595,0.947396,0.319919,0.000000,-0.002045,-0.319914,0.947444,0.000000,-0.000100,15.815701,146.926938,1.000000;;,
   12960;16;0.999952,-0.009745,-0.001132,0.000000,0.009588,0.946425,0.322780,0.000000,-0.002074,-0.322775,0.946473,0.000000,-0.000100,14.607856,146.897818,1.000000;;,
   13120;16;0.999952,-0.009745,-0.001131,0.000000,0.009580,0.945186,0.326392,0.000000,-0.002111,-0.326387,0.945234,0.000000,-0.000100,13.362726,146.705037,1.000000;;,
   13280;16;0.999952,-0.009745,-0.001131,0.000000,0.009570,0.943671,0.330745,0.000000,-0.002155,-0.330740,0.943719,0.000000,-0.000100,12.156370,146.382669,1.000000;;,
   13440;16;0.999952,-0.009745,-0.001131,0.000000,0.009559,0.941896,0.335769,0.000000,-0.002206,-0.335764,0.941943,0.000000,-0.000100,11.028377,145.959936,1.000000;;,
   13600;16;0.999952,-0.009745,-0.001131,0.000000,0.009545,0.939894,0.341334,0.000000,-0.002263,-0.341328,0.939941,0.000000,-0.000100,9.981874,145.461517,1.000000;;,
   13760;16;0.999952,-0.009745,-0.001131,0.000000,0.009529,0.937488,0.347887,0.000000,-0.002329,-0.347881,0.937535,0.000000,-0.000100,9.032611,144.809549,1.000000;;,
   13920;16;0.999952,-0.009744,-0.001131,0.000000,0.009512,0.934876,0.354847,0.000000,-0.002400,-0.354841,0.934923,0.000000,-0.000100,8.146097,144.085658,1.000000;;,
   14080;16;0.999952,-0.009744,-0.001131,0.000000,0.009493,0.932087,0.362110,0.000000,-0.002474,-0.362104,0.932134,0.000000,-0.000100,7.306435,143.307187,1.000000;;,
   14240;16;0.999952,-0.009744,-0.001131,0.000000,0.009472,0.929110,0.369681,0.000000,-0.002551,-0.369674,0.929158,0.000000,-0.000100,6.513872,142.473011,1.000000;;,
   14400;16;0.999952,-0.009744,-0.001130,0.000000,0.009450,0.925891,0.377672,0.000000,-0.002633,-0.377665,0.925938,0.000000,-0.000100,5.784817,141.563558,1.000000;;,
   14560;16;0.999952,-0.009744,-0.001130,0.000000,0.009426,0.922544,0.385778,0.000000,-0.002717,-0.385770,0.922591,0.000000,-0.000100,5.126884,140.613978,1.000000;;,
   14720;16;0.999952,-0.009744,-0.001129,0.000000,0.009401,0.919021,0.394097,0.000000,-0.002802,-0.394088,0.919068,0.000000,-0.000100,4.493074,139.622106,1.000000;;,
   14880;16;0.999951,-0.009744,-0.001129,0.000000,0.009374,0.915343,0.402566,0.000000,-0.002889,-0.402557,0.915390,0.000000,-0.000100,3.902618,138.591936,1.000000;;,
   15040;16;0.999951,-0.009744,-0.001128,0.000000,0.009347,0.911653,0.410854,0.000000,-0.002975,-0.410844,0.911700,0.000000,-0.000100,3.371848,137.566003,1.000000;;,
   15200;16;0.999951,-0.009744,-0.001128,0.000000,0.009322,0.908231,0.418364,0.000000,-0.003052,-0.418354,0.908278,0.000000,-0.000100,2.914200,136.625702,1.000000;;,
   15360;16;0.999951,-0.009744,-0.001127,0.000000,0.009300,0.905267,0.424741,0.000000,-0.003118,-0.424731,0.905314,0.000000,-0.000100,2.536983,135.820544,1.000000;;,
   15520;16;0.999951,-0.009744,-0.001127,0.000000,0.009280,0.902574,0.430434,0.000000,-0.003177,-0.430424,0.902621,0.000000,-0.000100,2.224323,135.091994,1.000000;;,
   15680;16;0.999951,-0.009744,-0.001126,0.000000,0.009261,0.900042,0.435705,0.000000,-0.003232,-0.435695,0.900088,0.000000,-0.000100,1.956131,134.409754,1.000000;;,
   15840;16;0.999951,-0.009744,-0.001126,0.000000,0.009242,0.897531,0.440855,0.000000,-0.003285,-0.440844,0.897577,0.000000,-0.000100,1.706857,133.738560,1.000000;;,
   16000;16;0.999951,-0.009744,-0.001126,0.000000,0.009222,0.894873,0.446225,0.000000,-0.003341,-0.446214,0.894920,0.000000,-0.000100,1.445500,133.038208,1.000000;;,
   16160;16;0.999951,-0.009744,-0.001126,0.000000,0.009200,0.891852,0.452233,0.000000,-0.003403,-0.452222,0.891899,0.000000,-0.000100,1.158490,132.250675,1.000000;;,
   16320;16;0.999952,-0.009744,-0.001126,0.000000,0.009176,0.888742,0.458316,0.000000,-0.003465,-0.458304,0.888788,0.000000,-0.000100,0.877542,131.449050,1.000000;;,
   16480;16;0.999951,-0.009744,-0.001126,0.000000,0.009154,0.885847,0.463887,0.000000,-0.003523,-0.463875,0.885893,0.000000,-0.000100,0.616088,130.717286,1.000000;;,
   16640;16;0.999951,-0.009744,-0.001126,0.000000,0.009135,0.883336,0.468651,0.000000,-0.003572,-0.468639,0.883382,0.000000,-0.000100,0.380920,130.092864,1.000000;;,
   16800;16;0.999952,-0.009744,-0.001126,0.000000,0.009119,0.881227,0.472605,0.000000,-0.003613,-0.472592,0.881273,0.000000,-0.000100,0.172198,129.566694,1.000000;;,
   16960;16;0.999952,-0.009744,-0.001126,0.000000,0.009107,0.879647,0.475541,0.000000,-0.003643,-0.475528,0.879693,0.000000,-0.000100,-0.001776,129.182566,1.000000;;,
   17120;16;0.999952,-0.009744,-0.001126,0.000000,0.009097,0.878325,0.477977,0.000000,-0.003669,-0.477965,0.878371,0.000000,-0.000100,-0.165888,128.922138,1.000000;;,
   17280;16;0.999952,-0.009744,-0.001126,0.000000,0.009088,0.877222,0.479998,0.000000,-0.003690,-0.479985,0.877268,0.000000,-0.000100,-0.323793,128.829312,1.000000;;,
   17440;16;0.999952,-0.009744,-0.001126,0.000000,0.009081,0.876347,0.481595,0.000000,-0.003706,-0.481582,0.876393,0.000000,-0.000100,-0.475175,128.862886,1.000000;;,
   17600;16;0.999952,-0.009744,-0.001126,0.000000,0.009077,0.875754,0.482671,0.000000,-0.003717,-0.482658,0.875801,0.000000,-0.000100,-0.615748,128.896499,1.000000;;,
   17760;16;0.999952,-0.009744,-0.001126,0.000000,0.009072,0.875197,0.483681,0.000000,-0.003728,-0.483668,0.875244,0.000000,-0.000100,-0.754190,128.930099,1.000000;;,
   17920;16;0.999951,-0.009744,-0.001126,0.000000,0.009068,0.874575,0.484806,0.000000,-0.003739,-0.484792,0.874621,0.000000,-0.000100,-0.897240,128.963686,1.000000;;,
   18080;16;0.999952,-0.009744,-0.001126,0.000000,0.009063,0.873953,0.485926,0.000000,-0.003751,-0.485913,0.873999,0.000000,-0.000100,-1.040790,128.997286,1.000000;;,
   18240;16;0.999952,-0.009744,-0.001126,0.000000,0.009058,0.873377,0.486960,0.000000,-0.003762,-0.486947,0.873423,0.000000,-0.000100,-1.179320,129.030848,1.000000;;,
   18400;16;0.999952,-0.009744,-0.001126,0.000000,0.009054,0.872872,0.487866,0.000000,-0.003771,-0.487853,0.872918,0.000000,-0.000100,-1.305900,129.064448,1.000000;;,
   18560;16;0.999952,-0.009744,-0.001126,0.000000,0.009051,0.872451,0.488618,0.000000,-0.003779,-0.488604,0.872497,0.000000,-0.000100,-1.414591,129.098048,1.000000;;,
   18720;16;0.999952,-0.009743,-0.001126,0.000000,0.009048,0.872109,0.489227,0.000000,-0.003785,-0.489214,0.872155,0.000000,-0.000100,-1.511335,129.131635,1.000000;;,
   18880;16;0.999952,-0.009743,-0.001126,0.000000,0.009046,0.871794,0.489790,0.000000,-0.003791,-0.489776,0.871840,0.000000,-0.000100,-1.602300,129.165222,1.000000;;,
   19040;16;0.999952,-0.009743,-0.001126,0.000000,0.009043,0.871473,0.490360,0.000000,-0.003797,-0.490347,0.871519,0.000000,-0.000100,-1.694080,129.232922,1.000000;;,
   19200;16;0.999952,-0.009743,-0.001126,0.000000,0.009041,0.871137,0.490957,0.000000,-0.003803,-0.490944,0.871183,0.000000,-0.000100,-1.793700,129.402995,1.000000;;,
   19360;16;0.999952,-0.009743,-0.001126,0.000000,0.009038,0.870800,0.491554,0.000000,-0.003809,-0.491540,0.870846,0.000000,-0.000100,-1.905104,129.625139,1.000000;;,
   19520;16;0.999952,-0.009743,-0.001126,0.000000,0.009036,0.870465,0.492147,0.000000,-0.003815,-0.492133,0.870511,0.000000,-0.000100,-2.022086,129.888422,1.000000;;,
   19680;16;0.999952,-0.009743,-0.001126,0.000000,0.009033,0.870131,0.492738,0.000000,-0.003822,-0.492725,0.870177,0.000000,-0.000100,-2.140785,130.164442,1.000000;;,
   19840;16;0.999952,-0.009743,-0.001126,0.000000,0.009030,0.869816,0.493294,0.000000,-0.003827,-0.493280,0.869862,0.000000,-0.000100,-2.259633,130.433971,1.000000;;,
   20000;16;0.999952,-0.009743,-0.001126,0.000000,0.009028,0.869560,0.493744,0.000000,-0.003832,-0.493730,0.869606,0.000000,-0.000100,-2.379363,130.687437,1.000000;;,
   20160;16;0.999952,-0.009743,-0.001125,0.000000,0.009026,0.869305,0.494194,0.000000,-0.003837,-0.494180,0.869351,0.000000,-0.000100,-2.499527,130.940288,1.000000;;,
   20320;16;0.999952,-0.009743,-0.001125,0.000000,0.009025,0.869110,0.494536,0.000000,-0.003840,-0.494522,0.869156,0.000000,-0.000100,-2.611248,131.204352,1.000000;;,
   20480;16;0.999952,-0.009743,-0.001125,0.000000,0.009024,0.868936,0.494842,0.000000,-0.003843,-0.494828,0.868982,0.000000,-0.000100,-2.713355,131.481075,1.000000;;,
   20640;16;0.999952,-0.009743,-0.001125,0.000000,0.009022,0.868762,0.495148,0.000000,-0.003846,-0.495134,0.868808,0.000000,-0.000100,-2.805848,131.770509,1.000000;;,
   20800;16;0.999952,-0.009743,-0.001125,0.000000,0.009021,0.868588,0.495454,0.000000,-0.003850,-0.495440,0.868633,0.000000,-0.000100,-2.889896,132.071091,1.000000;;,
   20960;16;0.999952,-0.009743,-0.001125,0.000000,0.009021,0.868623,0.495392,0.000000,-0.003849,-0.495378,0.868669,0.000000,-0.000100,-2.974380,132.371110,1.000000;;,
   21120;16;0.999951,-0.009743,-0.001125,0.000000,0.009021,0.868658,0.495330,0.000000,-0.003848,-0.495316,0.868704,0.000000,-0.000100,-3.063477,132.674445,1.000000;;,
   21280;16;0.999952,-0.009743,-0.001125,0.000000,0.009021,0.868693,0.495268,0.000000,-0.003848,-0.495254,0.868739,0.000000,-0.000100,-3.154281,132.979520,1.000000;;,
   21440;16;0.999952,-0.009743,-0.001125,0.000000,0.009022,0.868728,0.495206,0.000000,-0.003847,-0.495193,0.868774,0.000000,-0.000100,-3.243069,133.277773,1.000000;;,
   21600;16;0.999952,-0.009743,-0.001125,0.000000,0.009022,0.868764,0.495145,0.000000,-0.003846,-0.495131,0.868810,0.000000,-0.000100,-3.325300,133.553997,1.000000;;,
   21760;16;0.999952,-0.009743,-0.001125,0.000000,0.009022,0.868799,0.495083,0.000000,-0.003846,-0.495069,0.868845,0.000000,-0.000100,-3.398802,133.799053,1.000000;;,
   21920;16;0.999952,-0.009743,-0.001125,0.000000,0.009022,0.868834,0.495021,0.000000,-0.003845,-0.495007,0.868880,0.000000,-0.000100,-3.466882,134.024550,1.000000;;,
   22080;16;0.999952,-0.009743,-0.001125,0.000000,0.009023,0.868869,0.494959,0.000000,-0.003844,-0.494946,0.868915,0.000000,-0.000100,-3.530927,134.239629,1.000000;;,
   22240;16;0.999952,-0.009743,-0.001125,0.000000,0.009023,0.868904,0.494897,0.000000,-0.003844,-0.494884,0.868950,0.000000,-0.000100,-3.592852,134.450739,1.000000;;,
   22400;16;0.999952,-0.009743,-0.001125,0.000000,0.009023,0.868940,0.494836,0.000000,-0.003843,-0.494822,0.868985,0.000000,-0.000100,-3.655100,134.661914,1.000000;;,
   22560;16;0.999951,-0.009743,-0.001125,0.000000,0.009023,0.868975,0.494774,0.000000,-0.003842,-0.494760,0.869021,0.000000,-0.000100,-3.719337,134.894925,1.000000;;,
   22720;16;0.999952,-0.009743,-0.001125,0.000000,0.009024,0.869010,0.494712,0.000000,-0.003842,-0.494698,0.869056,0.000000,-0.000100,-3.782306,135.129664,1.000000;;,
   22880;16;0.999952,-0.009743,-0.001125,0.000000,0.009024,0.869045,0.494650,0.000000,-0.003841,-0.494637,0.869091,0.000000,-0.000100,-3.841868,135.343219,1.000000;;,
   23040;16;0.999952,-0.009743,-0.001125,0.000000,0.009024,0.869080,0.494588,0.000000,-0.003840,-0.494575,0.869126,0.000000,-0.000100,-3.897265,135.534976,1.000000;;,
   23200;16;0.999951,-0.009743,-0.001125,0.000000,0.009024,0.869115,0.494527,0.000000,-0.003840,-0.494513,0.869161,0.000000,-0.000100,-3.949122,135.726746,1.000000;;,
   23360;16;0.999951,-0.009742,-0.001125,0.000000,0.009025,0.869151,0.494465,0.000000,-0.003839,-0.494451,0.869197,0.000000,-0.000100,-3.995185,135.856730,1.000000;;,
   23520;16;0.999951,-0.009742,-0.001125,0.000000,0.009025,0.869186,0.494403,0.000000,-0.003839,-0.494389,0.869232,0.000000,-0.000100,-4.036580,135.986714,1.000000;;,
   23680;16;0.999951,-0.009742,-0.001125,0.000000,0.009025,0.869221,0.494341,0.000000,-0.003838,-0.494328,0.869267,0.000000,-0.000100,-4.074507,136.035328,1.000000;;,
   23840;16;0.999951,-0.009742,-0.001125,0.000000,0.009026,0.869298,0.494206,0.000000,-0.003836,-0.494192,0.869344,0.000000,-0.000100,-4.108974,136.002688,1.000000;;,
   24000;16;0.999951,-0.009742,-0.001125,0.000000,0.009027,0.869501,0.493849,0.000000,-0.003833,-0.493835,0.869547,0.000000,-0.000100,-4.138797,135.970035,1.000000;;,
   24160;16;0.999951,-0.009742,-0.001125,0.000000,0.009029,0.869703,0.493492,0.000000,-0.003829,-0.493479,0.869749,0.000000,-0.000100,-4.161999,135.937344,1.000000;;,
   24320;16;0.999951,-0.009742,-0.001125,0.000000,0.009030,0.869906,0.493135,0.000000,-0.003825,-0.493122,0.869951,0.000000,-0.000100,-4.182744,135.904627,1.000000;;,
   24480;16;0.999951,-0.009742,-0.001125,0.000000,0.009032,0.870119,0.492758,0.000000,-0.003821,-0.492745,0.870165,0.000000,-0.000100,-4.199424,135.871962,1.000000;;,
   24640;16;0.999951,-0.009742,-0.001125,0.000000,0.009034,0.870344,0.492361,0.000000,-0.003817,-0.492347,0.870390,0.000000,-0.000100,-4.209237,135.839283,1.000000;;,
   24800;16;0.999951,-0.009742,-0.001125,0.000000,0.009035,0.870569,0.491963,0.000000,-0.003813,-0.491949,0.870615,0.000000,-0.000100,-4.208191,135.806592,1.000000;;,
   24960;16;0.999951,-0.009742,-0.001125,0.000000,0.009037,0.870729,0.491681,0.000000,-0.003810,-0.491667,0.870774,0.000000,-0.000100,-4.207143,135.773939,1.000000;;,
   25120;16;0.999951,-0.009742,-0.001125,0.000000,0.009038,0.870888,0.491398,0.000000,-0.003807,-0.491384,0.870934,0.000000,-0.000100,-4.206096,135.741261,1.000000;;,
   25280;16;0.999951,-0.009742,-0.001125,0.000000,0.009039,0.871047,0.491115,0.000000,-0.003804,-0.491102,0.871093,0.000000,-0.000100,-4.205050,135.708582,1.000000;;,
   25440;16;0.999952,-0.009742,-0.001125,0.000000,0.009040,0.871218,0.490812,0.000000,-0.003801,-0.490799,0.871264,0.000000,-0.000100,-4.201811,135.675891,1.000000;;,
   25600;16;0.999952,-0.009742,-0.001125,0.000000,0.009042,0.871424,0.490447,0.000000,-0.003797,-0.490433,0.871470,0.000000,-0.000100,-4.192000,135.643200,1.000000;;,
   25760;16;0.999952,-0.009742,-0.001125,0.000000,0.009043,0.871630,0.490081,0.000000,-0.003793,-0.490067,0.871676,0.000000,-0.000100,-4.177865,135.500416,1.000000;;,
   25920;16;0.999952,-0.009742,-0.001125,0.000000,0.009045,0.871872,0.489650,0.000000,-0.003789,-0.489636,0.871918,0.000000,-0.000100,-4.158310,135.357619,1.000000;;,
   26080;16;0.999952,-0.009742,-0.001125,0.000000,0.009047,0.872126,0.489197,0.000000,-0.003784,-0.489184,0.872172,0.000000,-0.000100,-4.132093,135.195622,1.000000;;,
   26240;16;0.999952,-0.009742,-0.001125,0.000000,0.009049,0.872384,0.488737,0.000000,-0.003779,-0.488724,0.872430,0.000000,-0.000100,-4.098421,135.014451,1.000000;;,
   26400;16;0.999952,-0.009742,-0.001125,0.000000,0.009051,0.872654,0.488255,0.000000,-0.003774,-0.488241,0.872700,0.000000,-0.000100,-4.056952,134.833254,1.000000;;,
   26560;16;0.999952,-0.009742,-0.001125,0.000000,0.009053,0.872924,0.487772,0.000000,-0.003769,-0.487759,0.872970,0.000000,-0.000100,-4.007015,134.623104,1.000000;;,
   26720;16;0.999951,-0.009742,-0.001125,0.000000,0.009055,0.873181,0.487312,0.000000,-0.003765,-0.487298,0.873227,0.000000,-0.000100,-3.953052,134.412890,1.000000;;,
   26880;16;0.999952,-0.009742,-0.001125,0.000000,0.009057,0.873434,0.486858,0.000000,-0.003760,-0.486845,0.873480,0.000000,-0.000100,-3.894904,134.194227,1.000000;;,
   27040;16;0.999952,-0.009742,-0.001125,0.000000,0.009059,0.873687,0.486404,0.000000,-0.003755,-0.486391,0.873733,0.000000,-0.000100,-3.831690,133.961702,1.000000;;,
   27200;16;0.999952,-0.009742,-0.001125,0.000000,0.009061,0.873940,0.485948,0.000000,-0.003750,-0.485935,0.873987,0.000000,-0.000100,-3.761820,133.712947,1.000000;;,
   27360;16;0.999952,-0.009742,-0.001125,0.000000,0.009063,0.874194,0.485492,0.000000,-0.003746,-0.485479,0.874240,0.000000,-0.000100,-3.682885,133.447066,1.000000;;,
   27520;16;0.999952,-0.009742,-0.001125,0.000000,0.009065,0.874436,0.485057,0.000000,-0.003741,-0.485044,0.874482,0.000000,-0.000100,-3.598929,133.176691,1.000000;;,
   27680;16;0.999952,-0.009742,-0.001125,0.000000,0.009067,0.874673,0.484628,0.000000,-0.003737,-0.484615,0.874719,0.000000,-0.000100,-3.511980,132.908352,1.000000;;,
   27840;16;0.999952,-0.009742,-0.001125,0.000000,0.009068,0.874903,0.484213,0.000000,-0.003732,-0.484200,0.874949,0.000000,-0.000100,-3.423904,132.647014,1.000000;;,
   28000;16;0.999952,-0.009742,-0.001125,0.000000,0.009070,0.875111,0.483837,0.000000,-0.003729,-0.483824,0.875157,0.000000,-0.000100,-3.336400,132.396518,1.000000;;,
   28160;16;0.999952,-0.009741,-0.001125,0.000000,0.009071,0.875319,0.483461,0.000000,-0.003725,-0.483448,0.875365,0.000000,-0.000100,-3.250256,132.166170,1.000000;;,
   28320;16;0.999952,-0.009741,-0.001125,0.000000,0.009073,0.875502,0.483130,0.000000,-0.003721,-0.483117,0.875548,0.000000,-0.000100,-3.162256,131.947942,1.000000;;,
   28480;16;0.999952,-0.009741,-0.001125,0.000000,0.009074,0.875676,0.482814,0.000000,-0.003718,-0.482801,0.875722,0.000000,-0.000100,-3.069717,131.729523,1.000000;;,
   28640;16;0.999952,-0.009741,-0.001125,0.000000,0.009075,0.875850,0.482498,0.000000,-0.003715,-0.482485,0.875896,0.000000,-0.000100,-2.970888,131.499430,1.000000;;,
   28800;16;0.999952,-0.009741,-0.001125,0.000000,0.009077,0.876024,0.482182,0.000000,-0.003711,-0.482168,0.876070,0.000000,-0.000100,-2.864950,131.247462,1.000000;;,
