xof 0303txt 0032
template Frame {
 <3d82ab46-62da-11cf-ab39-0020af71e433>
 [...]
}

template Matrix4x4 {
 <f6f23f45-7686-11cf-8f52-0040333594a3>
 array FLOAT matrix[16];
}

template FrameTransformMatrix {
 <f6f23f41-7686-11cf-8f52-0040333594a3>
 Matrix4x4 frameMatrix;
}

template AnimTicksPerSecond {
 <9e415a43-7ba6-4a73-8743-b73d47e88476>
 DWORD AnimTicksPerSecond;
}

template Animation {
 <3d82ab4f-62da-11cf-ab39-0020af71e433>
 [...]
}

template AnimationSet {
 <3d82ab50-62da-11cf-ab39-0020af71e433>
 [Animation <3d82ab4f-62da-11cf-ab39-0020af71e433>]
}

template FloatKeys {
 <10dd46a9-775b-11cf-8f52-0040333594a3>
 DWORD nValues;
 array FLOAT values[nValues];
}

template TimedFloatKeys {
 <f406b180-7b3b-11cf-8f52-0040333594a3>
 DWORD time;
 FloatKeys tfkeys;
}

template AnimationKey {
 <10dd46a8-775b-11cf-8f52-0040333594a3>
 DWORD keyType;
 DWORD nKeys;
 array TimedFloatKeys keys[nKeys];
}


Frame ARM_bear_framework {
 

 FrameTransformMatrix {
  -0.003937,0.000000,-0.000000,0.000000,-0.000000,-0.000000,0.003937,0.000000,-0.000000,0.003937,0.000000,0.000000,0.000000,0.000000,0.000000,1.000000;;
 }

 Frame _0__-com {
  

  FrameTransformMatrix {
   1.000001,-0.000004,0.000000,0.000000,-0.000000,-0.000000,1.000000,0.000000,-0.000004,-1.000001,-0.000000,0.000000,-0.000000,0.000100,116.451405,1.000000;;
  }

  Frame _1___body {
   

   FrameTransformMatrix {
    -0.000000,0.000000,1.000000,0.000000,1.000000,-0.000000,0.000000,0.000000,0.000000,1.000000,0.000000,0.000000,0.000000,0.000000,-66.887904,1.000000;;
   }

   Frame _3___chest {
    

    FrameTransformMatrix {
     -0.127257,-0.000000,-0.991868,0.000000,0.000000,1.000000,-0.000000,0.000000,0.991868,-0.000000,-0.127257,0.000000,56.306400,0.000000,21.821282,1.000000;;
    }

    Frame _7___neck1 {
     

     FrameTransformMatrix {
      0.941683,-0.000000,-0.336502,0.000000,0.000000,1.000000,-0.000000,0.000000,0.336502,-0.000000,0.941683,0.000000,-0.019806,-0.000000,102.568704,1.000000;;
     }

     Frame _10___claviclel {
      

      FrameTransformMatrix {
       -0.531431,0.825424,-0.190403,0.000000,-0.685992,-0.287477,0.668408,0.000000,0.496984,0.485829,0.719010,0.000000,-13.233566,16.125603,-32.779872,1.000000;;
      }

      Frame _15___arm1l {
       

       FrameTransformMatrix {
        0.411061,-0.565000,-0.715406,0.000000,0.781385,-0.185838,0.595739,0.000000,-0.469541,-0.803891,0.365091,0.000000,0.000275,0.000992,50.674259,1.000000;;
       }

       Frame _20___arm2l {
        

        FrameTransformMatrix {
         0.805190,-0.000000,0.593016,0.000000,-0.000000,1.000000,0.000000,0.000000,-0.593016,-0.000000,0.805190,0.000000,0.001713,-0.000805,57.364870,1.000000;;
        }

        Frame _23___hand1l {
         

         FrameTransformMatrix {
          -0.023845,0.073323,0.997023,0.000000,0.129493,0.989131,-0.069646,0.000000,-0.991294,0.127447,-0.033081,0.000000,-0.003349,-0.002155,60.929005,1.000000;;
         }

         Frame _25___hand2l {
          

          FrameTransformMatrix {
           0.999983,-0.000730,0.005703,0.000000,0.000730,1.000000,0.000016,0.000000,-0.005703,-0.000011,0.999984,0.000000,2.006170,0.005833,18.799747,1.000000;;
          }

          Frame _25___hand2l_end {
           

           FrameTransformMatrix {
            1.000000,0.000000,0.000000,0.000000,-0.000000,1.000000,-0.000000,0.000000,0.000000,0.000000,1.000000,0.000000,0.000000,-0.000004,1.000015,1.000000;;
           }
          }
         }
        }
       }
      }
     }

     Frame _11___clavicler {
      

      FrameTransformMatrix {
       -0.531421,-0.825433,-0.190408,0.000000,0.686001,-0.287468,-0.668406,0.000000,0.496987,-0.485824,0.719013,0.000000,-13.233459,-16.125699,-32.779875,1.000000;;
      }

      Frame _16___arm1r {
       

       FrameTransformMatrix {
        0.411060,0.565000,-0.715406,0.000000,-0.781385,-0.185838,-0.595738,0.000000,-0.469541,0.803891,0.365091,0.000000,0.000359,-0.001053,50.674339,1.000000;;
       }

       Frame _21___arm2r {
        

        FrameTransformMatrix {
         0.805191,0.000000,0.593017,0.000000,-0.000000,1.000000,0.000000,0.000000,-0.593017,0.000000,0.805191,0.000000,0.001789,0.000820,57.364915,1.000000;;
        }

        Frame _24___hand1r {
         

         FrameTransformMatrix {
          -0.023845,-0.073323,0.997023,0.000000,-0.129493,0.989131,0.069646,0.000000,-0.991294,-0.127447,-0.033081,0.000000,0.002594,0.002975,60.929062,1.000000;;
         }

         Frame _26___hand2r {
          

          FrameTransformMatrix {
           0.999984,0.000790,0.005645,0.000000,-0.000790,1.000000,0.000000,0.000000,-0.005645,-0.000005,0.999984,0.000000,2.006171,-0.005619,18.799736,1.000000;;
          }

          Frame _26___hand2r_end {
           

           FrameTransformMatrix {
            1.000000,0.000000,-0.000000,0.000000,-0.000000,1.000000,0.000000,0.000000,0.000000,0.000000,1.000000,0.000000,-0.000000,0.000000,1.000023,1.000000;;
           }
          }
         }
        }
       }
      }
     }

     Frame _12___neck2 {
      

      FrameTransformMatrix {
       0.957410,-0.000000,0.288730,0.000000,0.000000,1.000000,0.000000,0.000000,-0.288730,-0.000000,0.957411,0.000000,-0.019669,0.000000,26.397006,1.000000;;
      }

      Frame _17___head {
       

       FrameTransformMatrix {
        -0.058370,-0.000000,0.998295,0.000000,-0.000000,1.000000,0.000000,0.000000,-0.998295,0.000000,-0.058370,0.000000,0.000809,-0.000000,25.879768,1.000000;;
       }

       Frame _22___head2 {
        

        FrameTransformMatrix {
         0.021195,0.000000,-0.999773,0.000000,0.000000,1.000000,0.000000,0.000000,0.999773,-0.000000,0.021195,0.000000,22.452485,-0.000000,-18.316101,1.000000;;
        }

        Frame _22___head2_end {
         

         FrameTransformMatrix {
          1.000000,0.000000,-0.000000,0.000000,-0.000000,1.000000,0.000000,0.000000,0.000000,-0.000000,1.000000,0.000000,-0.000008,-0.000000,1.000000,1.000000;;
         }
        }
       }
      }
     }
    }
   }

   Frame _4___leg1l {
    

    FrameTransformMatrix {
     0.875544,0.366864,0.314379,0.000000,0.367935,-0.928023,0.058258,0.000000,0.313124,0.064664,-0.947507,0.000000,-0.000008,34.857498,-0.000008,1.000000;;
    }

    Frame _8___leg2l {
     

     FrameTransformMatrix {
      0.854089,-0.000000,0.520127,0.000000,0.000000,1.000000,0.000000,0.000000,-0.520127,0.000000,0.854089,0.000000,-0.002470,0.001469,58.024282,1.000000;;
     }

     Frame _13___foot1l {
      

      FrameTransformMatrix {
       0.969440,0.115180,-0.216610,0.000000,-0.099424,0.991634,0.082319,0.000000,0.224280,-0.058267,0.972781,0.000000,-0.001560,-0.001251,55.120339,1.000000;;
      }

      Frame _18___foot2l {
       

       FrameTransformMatrix {
        -0.000003,-0.000000,-0.999997,0.000000,0.000000,1.000000,-0.000000,0.000000,0.999997,0.000000,-0.000003,0.000000,14.380539,-0.000229,7.796201,1.000000;;
       }

       Frame _18___foot2l_end {
        

        FrameTransformMatrix {
         1.000000,0.000000,0.000000,0.000000,-0.000000,1.000000,0.000000,0.000000,0.000000,0.000000,1.000000,0.000000,0.000000,0.000004,0.999992,1.000000;;
        }
       }
      }
     }
    }
   }

   Frame _5___leg1r {
    

    FrameTransformMatrix {
     0.875686,-0.366507,0.314400,0.000000,-0.367574,-0.928171,-0.058212,0.000000,0.313152,-0.064589,-0.947505,0.000000,0.000092,-34.857594,-0.000008,1.000000;;
    }

    Frame _9___leg2r {
     

     FrameTransformMatrix {
      0.854089,-0.000000,0.520127,0.000000,0.000000,1.000000,0.000000,0.000000,-0.520127,-0.000000,0.854089,0.000000,-0.000311,-0.001495,58.024678,1.000000;;
     }

     Frame _14___foot1r {
      

      FrameTransformMatrix {
       0.969487,-0.114805,-0.216600,0.000000,0.099064,0.991679,-0.082219,0.000000,0.224236,0.058253,0.972792,0.000000,0.001434,-0.000446,55.120058,1.000000;;
      }

      Frame _19___foot2r {
       

       FrameTransformMatrix {
        -0.000004,0.000000,-0.999998,0.000000,0.000000,1.000000,0.000000,0.000000,0.999998,-0.000000,-0.000004,0.000000,14.380517,0.000130,7.796200,1.000000;;
       }

       Frame _19___foot2r_end {
        

        FrameTransformMatrix {
         1.000000,0.000000,-0.000000,0.000000,-0.000000,1.000000,-0.000000,0.000000,0.000000,-0.000000,1.000000,0.000000,0.000000,-0.000004,1.000004,1.000000;;
        }
       }
      }
     }
    }
   }

   Frame _6___tail1 {
    

    FrameTransformMatrix {
     -0.879489,-0.000000,0.475917,0.000000,0.000000,1.000000,0.000000,0.000000,-0.475917,0.000000,-0.879489,0.000000,-19.574691,0.000000,9.001694,1.000000;;
    }

    Frame _6___tail1_end {
     

     FrameTransformMatrix {
      1.000000,0.000000,0.000000,0.000000,0.000000,1.000000,0.000000,0.000000,0.000000,0.000000,1.000000,0.000000,0.000000,0.000000,1.000000,1.000000;;
     }
    }
   }
  }

  Frame _2__-footsteps {
   

   FrameTransformMatrix {
    -0.000004,0.000000,-1.000000,0.000000,0.000000,1.000000,0.000000,0.000000,1.000000,0.000000,-0.000004,0.000000,0.000000,-116.457690,-0.000000,1.000000;;
   }

   Frame _2__-footsteps_end {
    

    FrameTransformMatrix {
     1.000000,0.000000,-0.000000,0.000000,0.000000,1.000000,0.000000,0.000000,0.000000,-0.000000,1.000000,0.000000,-0.000000,0.000000,1.000000,1.000000;;
    }
   }
  }
 }
}

AnimTicksPerSecond  {
 4800;
}

AnimationSet Dummy {
 

 Animation {
  
  { ARM_bear_framework }

  AnimationKey  {
   4;
   2;
   0;16;-0.003937,0.000000,-0.000000,0.000000,-0.000000,-0.000000,0.003937,0.000000,-0.000000,0.003937,0.000000,0.000000,0.000000,0.000000,0.000000,1.000000;;,
   160000;16;-0.003937,0.000000,-0.000000,0.000000,-0.000000,-0.000000,0.003937,0.000000,-0.000000,0.003937,0.000000,0.000000,0.000000,0.000000,0.000000,1.000000;;;
  }
 }

 Animation {
  
  { _0__-com }

  AnimationKey  {
   4;
   1001;
   0;16;1.000001,-0.000004,0.000000,0.000000,-0.000000,-0.000000,1.000000,0.000000,-0.000004,-1.000001,-0.000000,0.000000,-0.000000,0.000100,116.451405,1.000000;;,
   160;16;1.000001,0.000187,-0.000003,0.000000,0.000004,-0.000741,1.000000,0.000000,0.000187,-1.000001,-0.000741,0.000000,0.025246,-0.021045,116.381389,1.000000;;,
   320;16;1.000001,0.000629,-0.000011,0.000000,0.000012,-0.001483,0.999999,0.000000,0.000629,-1.000000,-0.001483,0.000000,0.081858,-0.068461,116.311334,1.000000;;,
   480;16;1.000000,0.001170,-0.000021,0.000000,0.000023,-0.002224,0.999997,0.000000,0.001170,-0.999998,-0.002224,0.000000,0.148114,-0.123955,116.241306,1.000000;;,
   640;16;1.000000,0.001711,-0.000030,0.000000,0.000035,-0.002965,0.999996,0.000000,0.001710,-0.999996,-0.002965,0.000000,0.210347,-0.176078,116.171251,1.000000;;,
   800;16;0.999999,0.002204,-0.000038,0.000000,0.000046,-0.003706,0.999993,0.000000,0.002204,-0.999992,-0.003706,0.000000,0.262933,-0.220122,116.101222,1.000000;;,
   960;16;0.999998,0.002739,-0.000046,0.000000,0.000060,-0.004902,0.999988,0.000000,0.002739,-0.999986,-0.004902,0.000000,0.315520,-0.264167,116.031181,1.000000;;,
   1120;16;0.999996,0.003302,-0.000055,0.000000,0.000075,-0.006097,0.999981,0.000000,0.003302,-0.999977,-0.006097,0.000000,0.368107,-0.308211,115.961165,1.000000;;,
   1280;16;0.999994,0.003887,-0.000062,0.000000,0.000091,-0.007293,0.999973,0.000000,0.003887,-0.999967,-0.007293,0.000000,0.418565,-0.350470,115.891123,1.000000;;,
   1440;16;0.999991,0.004493,-0.000070,0.000000,0.000108,-0.008557,0.999964,0.000000,0.004493,-0.999954,-0.008557,0.000000,0.466761,-0.390829,115.821094,1.000000;;,
   1600;16;0.999988,0.005128,-0.000077,0.000000,0.000129,-0.010028,0.999950,0.000000,0.005127,-0.999938,-0.010029,0.000000,0.514556,-0.430852,115.751053,1.000000;;,
   1760;16;0.999984,0.005792,-0.000083,0.000000,0.000150,-0.011499,0.999934,0.000000,0.005790,-0.999919,-0.011500,0.000000,0.576191,-0.482491,115.681011,1.000000;;,
   1920;16;0.999980,0.006486,-0.000089,0.000000,0.000174,-0.013133,0.999914,0.000000,0.006484,-0.999894,-0.013133,0.000000,0.652365,-0.546327,115.566374,1.000000;;,
   2080;16;0.999975,0.007207,-0.000094,0.000000,0.000200,-0.014820,0.999890,0.000000,0.007205,-0.999866,-0.014821,0.000000,0.740473,-0.620178,115.436851,1.000000;;,
   2240;16;0.999970,0.007931,-0.000097,0.000000,0.000228,-0.016468,0.999865,0.000000,0.007929,-0.999834,-0.016469,0.000000,0.833364,-0.698045,115.310758,1.000000;;,
   2400;16;0.999964,0.008617,-0.000099,0.000000,0.000254,-0.017997,0.999838,0.000000,0.008614,-0.999802,-0.017999,0.000000,0.919338,-0.770113,115.194931,1.000000;;,
   2560;16;0.999959,0.009216,-0.000099,0.000000,0.000279,-0.019527,0.999810,0.000000,0.009212,-0.999768,-0.019528,0.000000,0.989767,-0.829147,115.079104,1.000000;;,
   2720;16;0.999954,0.009763,-0.000099,0.000000,0.000303,-0.020888,0.999782,0.000000,0.009759,-0.999735,-0.020890,0.000000,1.052873,-0.882044,114.979443,1.000000;;,
   2880;16;0.999948,0.010304,-0.000098,0.000000,0.000327,-0.022193,0.999754,0.000000,0.010299,-0.999702,-0.022195,0.000000,1.113539,-0.932894,114.885146,1.000000;;,
   3040;16;0.999942,0.010880,-0.000097,0.000000,0.000354,-0.023599,0.999722,0.000000,0.010875,-0.999664,-0.023602,0.000000,1.176646,-0.985791,114.790861,1.000000;;,
   3200;16;0.999935,0.011532,-0.000095,0.000000,0.000387,-0.025312,0.999680,0.000000,0.011526,-0.999614,-0.025315,0.000000,1.247075,-1.044825,114.696550,1.000000;;,
   3360;16;0.999926,0.012298,-0.000090,0.000000,0.000422,-0.027025,0.999634,0.000000,0.012291,-0.999560,-0.027028,0.000000,1.328792,-1.113321,114.569613,1.000000;;,
   3520;16;0.999915,0.013138,-0.000083,0.000000,0.000464,-0.029031,0.999578,0.000000,0.013130,-0.999493,-0.029035,0.000000,1.417025,-1.187278,114.442650,1.000000;;,
   3680;16;0.999903,0.014009,-0.000074,0.000000,0.000510,-0.031135,0.999515,0.000000,0.014000,-0.999418,-0.031139,0.000000,1.507262,-1.262916,114.313715,1.000000;;,
   3840;16;0.999891,0.014882,-0.000063,0.000000,0.000557,-0.033234,0.999448,0.000000,0.014872,-0.999338,-0.033238,0.000000,1.596662,-1.337852,114.182810,1.000000;;,
   4000;16;0.999877,0.015745,-0.000051,0.000000,0.000607,-0.035320,0.999376,0.000000,0.015733,-0.999253,-0.035325,0.000000,1.684058,-1.411108,114.051930,1.000000;;,
   4160;16;0.999863,0.016622,-0.000036,0.000000,0.000657,-0.037406,0.999300,0.000000,0.016609,-0.999163,-0.037412,0.000000,1.771455,-1.484365,113.923008,1.000000;;,
   4320;16;0.999848,0.017505,-0.000019,0.000000,0.000711,-0.039512,0.999219,0.000000,0.017490,-0.999067,-0.039518,0.000000,1.858852,-1.557622,113.794074,1.000000;;,
   4480;16;0.999832,0.018398,-0.000000,0.000000,0.000766,-0.041624,0.999133,0.000000,0.018382,-0.998965,-0.041631,0.000000,1.947012,-1.631519,113.663962,1.000000;;,
   4640;16;0.999815,0.019302,0.000021,0.000000,0.000823,-0.043722,0.999043,0.000000,0.019285,-0.998859,-0.043729,0.000000,2.035983,-1.706095,113.532621,1.000000;;,
   4800;16;0.999797,0.020214,0.000044,0.000000,0.000882,-0.045777,0.998952,0.000000,0.020194,-0.998748,-0.045786,0.000000,2.125099,-1.780792,113.401306,1.000000;;,
   4960;16;0.999779,0.021081,0.000067,0.000000,0.000941,-0.047833,0.998855,0.000000,0.021060,-0.998634,-0.047842,0.000000,2.209250,-1.851329,113.280858,1.000000;;,
   5120;16;0.999761,0.021912,0.000092,0.000000,0.000998,-0.049702,0.998764,0.000000,0.021890,-0.998525,-0.049712,0.000000,2.289666,-1.918734,113.160371,1.000000;;,
   5280;16;0.999743,0.022714,0.000116,0.000000,0.001054,-0.051508,0.998672,0.000000,0.022690,-0.998416,-0.051518,0.000000,2.366897,-1.983470,113.045747,1.000000;;,
   5440;16;0.999725,0.023492,0.000142,0.000000,0.001110,-0.053277,0.998579,0.000000,0.023466,-0.998305,-0.053288,0.000000,2.441419,-2.045935,112.936934,1.000000;;,
   5600;16;0.999707,0.024248,0.000167,0.000000,0.001165,-0.054935,0.998489,0.000000,0.024221,-0.998197,-0.054947,0.000000,2.513638,-2.106469,112.828134,1.000000;;,
   5760;16;0.999689,0.024995,0.000194,0.000000,0.001221,-0.056593,0.998397,0.000000,0.024966,-0.998086,-0.056606,0.000000,2.584658,-2.165998,112.722496,1.000000;;,
   5920;16;0.999670,0.025750,0.000223,0.000000,0.001278,-0.058234,0.998302,0.000000,0.025720,-0.997972,-0.058247,0.000000,2.656576,-2.226281,112.616832,1.000000;;,
   6080;16;0.999649,0.026523,0.000252,0.000000,0.001336,-0.059868,0.998205,0.000000,0.026491,-0.997855,-0.059882,0.000000,2.730331,-2.288103,112.507059,1.000000;;,
   6240;16;0.999628,0.027320,0.000284,0.000000,0.001398,-0.061529,0.998104,0.000000,0.027286,-0.997733,-0.061544,0.000000,2.806591,-2.352025,112.393114,1.000000;;,
   6400;16;0.999605,0.028144,0.000319,0.000000,0.001463,-0.063271,0.997995,0.000000,0.028107,-0.997601,-0.063287,0.000000,2.885763,-2.418388,112.279181,1.000000;;,
   6560;16;0.999580,0.029022,0.000357,0.000000,0.001531,-0.065012,0.997883,0.000000,0.028984,-0.997464,-0.065029,0.000000,2.968513,-2.487758,112.144730,1.000000;;,
   6720;16;0.999553,0.029936,0.000398,0.000000,0.001602,-0.066745,0.997769,0.000000,0.029896,-0.997322,-0.066763,0.000000,3.054854,-2.560139,112.010278,1.000000;;,
   6880;16;0.999525,0.030851,0.000440,0.000000,0.001675,-0.068476,0.997651,0.000000,0.030808,-0.997177,-0.068495,0.000000,3.144574,-2.635339,111.889254,1.000000;;,
   7040;16;0.999497,0.031745,0.000482,0.000000,0.001747,-0.070150,0.997535,0.000000,0.031701,-0.997032,-0.070170,0.000000,3.237117,-2.712885,111.781619,1.000000;;,
   7200;16;0.999469,0.032618,0.000523,0.000000,0.001816,-0.071657,0.997428,0.000000,0.032572,-0.996897,-0.071678,0.000000,3.331583,-2.792024,111.674010,1.000000;;,
   7360;16;0.999440,0.033485,0.000566,0.000000,0.001886,-0.073163,0.997318,0.000000,0.033436,-0.996759,-0.073186,0.000000,3.428867,-2.873510,111.598630,1.000000;;,
   7520;16;0.999411,0.034343,0.000609,0.000000,0.001954,-0.074553,0.997215,0.000000,0.034293,-0.996627,-0.074576,0.000000,3.528021,-2.956552,111.523213,1.000000;;,
   7680;16;0.999382,0.035191,0.000652,0.000000,0.002022,-0.075903,0.997113,0.000000,0.035139,-0.996495,-0.075928,0.000000,3.628452,-3.040656,111.447821,1.000000;;,
   7840;16;0.999352,0.036028,0.000695,0.000000,0.002089,-0.077191,0.997014,0.000000,0.035974,-0.996366,-0.077217,0.000000,3.729483,-3.125260,111.372262,1.000000;;,
   8000;16;0.999322,0.036853,0.000738,0.000000,0.002151,-0.078293,0.996928,0.000000,0.036797,-0.996250,-0.078319,0.000000,3.830356,-3.209731,111.296230,1.000000;;,
   8160;16;0.999291,0.037665,0.000780,0.000000,0.002214,-0.079394,0.996841,0.000000,0.037608,-0.996133,-0.079421,0.000000,3.929992,-3.293173,111.220237,1.000000;;,
   8320;16;0.999260,0.038482,0.000823,0.000000,0.002279,-0.080495,0.996752,0.000000,0.038424,-0.996013,-0.080523,0.000000,4.031522,-3.378208,111.144230,1.000000;;,
   8480;16;0.999229,0.039288,0.000864,0.000000,0.002319,-0.080916,0.996718,0.000000,0.039229,-0.995948,-0.080945,0.000000,4.133892,-3.463949,111.074650,1.000000;;,
   8640;16;0.999198,0.040056,0.000903,0.000000,0.002333,-0.080657,0.996739,0.000000,0.039998,-0.995938,-0.080686,0.000000,4.233780,-3.547608,111.011482,1.000000;;,
   8800;16;0.999170,0.040753,0.000937,0.000000,0.002344,-0.080399,0.996760,0.000000,0.040697,-0.995931,-0.080428,0.000000,4.325601,-3.624500,110.948301,1.000000;;,
   8960;16;0.999146,0.041346,0.000966,0.000000,0.002352,-0.080141,0.996781,0.000000,0.041290,-0.995927,-0.080170,0.000000,4.404051,-3.690186,110.885107,1.000000;;,
   9120;16;0.999124,0.041865,0.000991,0.000000,0.002358,-0.079883,0.996802,0.000000,0.041811,-0.995926,-0.079912,0.000000,4.473884,-3.748650,110.896051,1.000000;;,
   9280;16;0.999104,0.042352,0.001014,0.000000,0.002364,-0.079626,0.996822,0.000000,0.042298,-0.995926,-0.079654,0.000000,4.540331,-3.804270,110.931699,1.000000;;,
   9440;16;0.999082,0.042846,0.001035,0.000000,0.002371,-0.079368,0.996843,0.000000,0.042793,-0.995925,-0.079397,0.000000,4.608745,-3.861524,110.967360,1.000000;;,
   9600;16;0.999059,0.043394,0.001059,0.000000,0.002380,-0.079110,0.996863,0.000000,0.043341,-0.995922,-0.079139,0.000000,4.684600,-3.925000,111.002982,1.000000;;,
   9760;16;0.999031,0.044023,0.001083,0.000000,0.002394,-0.078852,0.996884,0.000000,0.043971,-0.995915,-0.078881,0.000000,4.772630,-3.998657,111.038618,1.000000;;,
   9920;16;0.999001,0.044693,0.001104,0.000000,0.002414,-0.078593,0.996904,0.000000,0.044642,-0.995906,-0.078623,0.000000,4.866957,-4.077571,111.074278,1.000000;;,
   10080;16;0.998971,0.045372,0.001120,0.000000,0.002440,-0.078335,0.996924,0.000000,0.045320,-0.995895,-0.078365,0.000000,4.961943,-4.157024,111.109926,1.000000;;,
   10240;16;0.998940,0.046040,0.001130,0.000000,0.002471,-0.078076,0.996944,0.000000,0.045988,-0.995885,-0.078107,0.000000,5.054076,-4.234074,111.145562,1.000000;;,
   10400;16;0.998910,0.046690,0.001136,0.000000,0.002503,-0.077818,0.996965,0.000000,0.046637,-0.995875,-0.077850,0.000000,5.141976,-4.307568,111.181222,1.000000;;,
   10560;16;0.998880,0.047332,0.001137,0.000000,0.002541,-0.077560,0.996984,0.000000,0.047278,-0.995865,-0.077593,0.000000,5.227317,-4.378899,111.216858,1.000000;;,
   10720;16;0.998850,0.047968,0.001132,0.000000,0.002582,-0.077301,0.997004,0.000000,0.047912,-0.995855,-0.077336,0.000000,5.312731,-4.450292,111.317389,1.000000;;,
   10880;16;0.998819,0.048599,0.001124,0.000000,0.002583,-0.076140,0.997094,0.000000,0.048543,-0.995913,-0.076176,0.000000,5.399741,-4.523034,111.439539,1.000000;;,
   11040;16;0.998788,0.049226,0.001111,0.000000,0.002542,-0.074076,0.997249,0.000000,0.049173,-0.996038,-0.074111,0.000000,5.488393,-4.597165,111.562304,1.000000;;,
   11200;16;0.998758,0.049846,0.001093,0.000000,0.002502,-0.072012,0.997401,0.000000,0.049796,-0.996159,-0.072047,0.000000,5.577269,-4.671483,111.686886,1.000000;;,
   11360;16;0.998727,0.050456,0.001070,0.000000,0.002444,-0.069530,0.997577,0.000000,0.050409,-0.996304,-0.069565,0.000000,5.658494,-4.739337,111.811443,1.000000;;,
   11520;16;0.998696,0.051071,0.001043,0.000000,0.002387,-0.067048,0.997747,0.000000,0.051026,-0.996443,-0.067082,0.000000,5.733669,-4.802066,111.971712,1.000000;;,
   11680;16;0.998664,0.051682,0.001011,0.000000,0.002323,-0.064421,0.997920,0.000000,0.051640,-0.996585,-0.064455,0.000000,5.803077,-4.859918,112.157043,1.000000;;,
   11840;16;0.998633,0.052276,0.000976,0.000000,0.002252,-0.061671,0.998094,0.000000,0.052237,-0.996728,-0.061704,0.000000,5.867854,-4.913866,112.352640,1.000000;;,
   12000;16;0.998605,0.052829,0.000940,0.000000,0.002181,-0.058981,0.998257,0.000000,0.052793,-0.996862,-0.059014,0.000000,5.930001,-4.965624,112.539584,1.000000;;,
   12160;16;0.998577,0.053339,0.000904,0.000000,0.002112,-0.056453,0.998403,0.000000,0.053305,-0.996981,-0.056485,0.000000,5.990684,-5.016191,112.703821,1.000000;;,
   12320;16;0.998551,0.053828,0.000866,0.000000,0.002041,-0.053924,0.998543,0.000000,0.053796,-0.997094,-0.053955,0.000000,6.049133,-5.064900,112.868070,1.000000;;,
   12480;16;0.998526,0.054294,0.000828,0.000000,0.001969,-0.051435,0.998674,0.000000,0.054265,-0.997201,-0.051466,0.000000,6.105665,-5.112007,113.026355,1.000000;;,
   12640;16;0.998502,0.054743,0.000789,0.000000,0.001897,-0.048987,0.998798,0.000000,0.054715,-0.997299,-0.049017,0.000000,6.160788,-5.157941,113.178637,1.000000;;,
   12800;16;0.998478,0.055176,0.000748,0.000000,0.001823,-0.046539,0.998915,0.000000,0.055151,-0.997393,-0.046568,0.000000,6.215222,-5.203300,113.330957,1.000000;;,
   12960;16;0.998454,0.055604,0.000706,0.000000,0.001747,-0.044066,0.999027,0.000000,0.055581,-0.997481,-0.044095,0.000000,6.270575,-5.249426,113.487808,1.000000;;,
   13120;16;0.998430,0.056037,0.000663,0.000000,0.001671,-0.041593,0.999133,0.000000,0.056016,-0.997563,-0.041621,0.000000,6.327694,-5.297023,113.644634,1.000000;;,
   13280;16;0.998405,0.056479,0.000618,0.000000,0.001593,-0.039084,0.999235,0.000000,0.056460,-0.997640,-0.039112,0.000000,6.386888,-5.346350,113.807270,1.000000;;,
   13440;16;0.998379,0.056933,0.000570,0.000000,0.001511,-0.036507,0.999332,0.000000,0.056915,-0.997712,-0.036534,0.000000,6.449262,-5.398372,113.980365,1.000000;;,
   13600;16;0.998353,0.057399,0.000520,0.000000,0.001424,-0.033832,0.999427,0.000000,0.057384,-0.997779,-0.033858,0.000000,6.516708,-5.454755,114.167718,1.000000;;,
   13760;16;0.998325,0.057868,0.000467,0.000000,0.001335,-0.031086,0.999516,0.000000,0.057854,-0.997841,-0.031111,0.000000,6.588332,-5.514642,114.366682,1.000000;;,
   13920;16;0.998299,0.058319,0.000416,0.000000,0.001253,-0.028568,0.999591,0.000000,0.058307,-0.997890,-0.028593,0.000000,6.652655,-5.568005,114.531290,1.000000;;,
   14080;16;0.998274,0.058752,0.000367,0.000000,0.001171,-0.026127,0.999658,0.000000,0.058742,-0.997932,-0.026150,0.000000,6.708174,-5.613531,114.684467,1.000000;;,
   14240;16;0.998249,0.059169,0.000320,0.000000,0.001090,-0.023794,0.999716,0.000000,0.059160,-0.997966,-0.023817,0.000000,6.754924,-5.651246,114.826419,1.000000;;,
   14400;16;0.998225,0.059568,0.000275,0.000000,0.001025,-0.021787,0.999762,0.000000,0.059560,-0.997987,-0.021810,0.000000,6.794485,-5.682530,114.934758,1.000000;;,
   14560;16;0.998203,0.059943,0.000236,0.000000,0.000952,-0.019781,0.999804,0.000000,0.059936,-0.998007,-0.019802,0.000000,6.834418,-5.714147,115.043072,1.000000;;,
   14720;16;0.998181,0.060315,0.000198,0.000000,0.000894,-0.018086,0.999836,0.000000,0.060308,-0.998017,-0.018107,0.000000,6.877824,-5.749149,115.171878,1.000000;;,
   14880;16;0.998159,0.060673,0.000164,0.000000,0.000838,-0.016494,0.999864,0.000000,0.060667,-0.998022,-0.016514,0.000000,6.922496,-5.785398,115.307482,1.000000;;,
   15040;16;0.998139,0.061007,0.000135,0.000000,0.000803,-0.015363,0.999882,0.000000,0.061002,-0.998020,-0.015384,0.000000,6.965902,-5.820240,115.404979,1.000000;;,
   15200;16;0.998120,0.061301,0.000115,0.000000,0.000844,-0.015616,0.999878,0.000000,0.061296,-0.997998,-0.015638,0.000000,7.005200,-5.850500,115.388109,1.000000;;,
   15360;16;0.998106,0.061545,0.000102,0.000000,0.000876,-0.015869,0.999874,0.000000,0.061539,-0.997979,-0.015893,0.000000,7.038154,-5.874676,115.371264,1.000000;;,
   15520;16;0.998093,0.061752,0.000093,0.000000,0.000904,-0.016122,0.999870,0.000000,0.061746,-0.997963,-0.016147,0.000000,7.067062,-5.895069,115.354368,1.000000;;,
   15680;16;0.998081,0.061937,0.000089,0.000000,0.000928,-0.016375,0.999866,0.000000,0.061930,-0.997947,-0.016401,0.000000,7.093968,-5.912642,115.337510,1.000000;;,
   15840;16;0.998070,0.062117,0.000087,0.000000,0.000947,-0.016627,0.999861,0.000000,0.062110,-0.997932,-0.016654,0.000000,7.121062,-5.928718,115.320653,1.000000;;,
   16000;16;0.998058,0.062309,0.000088,0.000000,0.000966,-0.016881,0.999857,0.000000,0.062302,-0.997916,-0.016908,0.000000,7.150701,-5.945001,115.303782,1.000000;;,
   16160;16;0.998045,0.062526,0.000094,0.000000,0.000979,-0.017133,0.999853,0.000000,0.062518,-0.997898,-0.017161,0.000000,7.184150,-5.961340,115.286925,1.000000;;,
   16320;16;0.998031,0.062747,0.000106,0.000000,0.000987,-0.017386,0.999848,0.000000,0.062739,-0.997879,-0.017414,0.000000,7.219353,-5.976647,115.270054,1.000000;;,
   16480;16;0.998017,0.062962,0.000123,0.000000,0.000989,-0.017639,0.999844,0.000000,0.062954,-0.997861,-0.017666,0.000000,7.255095,-5.991639,115.253184,1.000000;;,
   16640;16;0.998005,0.063165,0.000142,0.000000,0.000990,-0.017892,0.999840,0.000000,0.063157,-0.997844,-0.017919,0.000000,7.290612,-6.006762,115.236339,1.000000;;,
   16800;16;0.997992,0.063355,0.000163,0.000000,0.000989,-0.018145,0.999835,0.000000,0.063348,-0.997827,-0.018171,0.000000,7.325589,-6.022202,115.219469,1.000000;;,
   16960;16;0.997981,0.063531,0.000187,0.000000,0.000984,-0.018398,0.999830,0.000000,0.063524,-0.997812,-0.018423,0.000000,7.360567,-6.037641,115.202598,1.000000;;,
   17120;16;0.997970,0.063698,0.000215,0.000000,0.000975,-0.018651,0.999826,0.000000,0.063691,-0.997796,-0.018675,0.000000,7.395546,-6.053082,115.185741,1.000000;;,
   17280;16;0.997960,0.063860,0.000245,0.000000,0.000965,-0.018904,0.999821,0.000000,0.063853,-0.997781,-0.018927,0.000000,7.431951,-6.070410,115.144947,1.000000;;,
   17440;16;0.997950,0.064017,0.000277,0.000000,0.000968,-0.019412,0.999811,0.000000,0.064010,-0.997761,-0.019434,0.000000,7.469874,-6.089744,115.080256,1.000000;;,
   17600;16;0.997941,0.064165,0.000312,0.000000,0.001017,-0.020686,0.999785,0.000000,0.064157,-0.997726,-0.020709,0.000000,7.508064,-6.109435,115.015539,1.000000;;,
   17760;16;0.997932,0.064290,0.000349,0.000000,0.001065,-0.021961,0.999758,0.000000,0.064282,-0.997691,-0.021984,0.000000,7.536974,-6.107589,114.950822,1.000000;;,
   17920;16;0.997925,0.064405,0.000386,0.000000,0.001114,-0.023245,0.999729,0.000000,0.064396,-0.997654,-0.023269,0.000000,7.559847,-6.105742,114.886118,1.000000;;,
   18080;16;0.997918,0.064508,0.000422,0.000000,0.001163,-0.024533,0.999698,0.000000,0.064499,-0.997617,-0.024557,0.000000,7.578154,-6.103897,114.801344,1.000000;;,
   18240;16;0.997912,0.064604,0.000459,0.000000,0.001212,-0.025829,0.999666,0.000000,0.064594,-0.997578,-0.025853,0.000000,7.592297,-6.102050,114.696422,1.000000;;,
   18400;16;0.997906,0.064700,0.000496,0.000000,0.001264,-0.027148,0.999631,0.000000,0.064689,-0.997537,-0.027173,0.000000,7.601620,-6.100204,114.591539,1.000000;;,
   18560;16;0.997901,0.064778,0.000534,0.000000,0.001313,-0.028467,0.999594,0.000000,0.064767,-0.997495,-0.028493,0.000000,7.610944,-6.098357,114.469517,1.000000;;,
   18720;16;0.997896,0.064856,0.000574,0.000000,0.001369,-0.029909,0.999552,0.000000,0.064844,-0.997448,-0.029935,0.000000,7.618950,-6.096510,114.347494,1.000000;;,
   18880;16;0.997891,0.064931,0.000616,0.000000,0.001426,-0.031392,0.999506,0.000000,0.064919,-0.997397,-0.031419,0.000000,7.626518,-6.094664,114.223898,1.000000;;,
   19040;16;0.997886,0.065004,0.000660,0.000000,0.001484,-0.032930,0.999456,0.000000,0.064991,-0.997343,-0.032957,0.000000,7.634950,-6.092260,114.098726,1.000000;;,
   19200;16;0.997881,0.065077,0.000706,0.000000,0.001551,-0.034634,0.999399,0.000000,0.065063,-0.997280,-0.034661,0.000000,7.645978,-6.088182,113.973568,1.000000;;,
   19360;16;0.997877,0.065146,0.000757,0.000000,0.001615,-0.036337,0.999338,0.000000,0.065131,-0.997215,-0.036365,0.000000,7.659046,-6.084106,113.842470,1.000000;;,
   19520;16;0.997872,0.065216,0.000811,0.000000,0.001689,-0.038282,0.999266,0.000000,0.065199,-0.997138,-0.038311,0.000000,7.672689,-6.080029,113.711322,1.000000;;,
   19680;16;0.997869,0.065272,0.000868,0.000000,0.001767,-0.040307,0.999186,0.000000,0.065254,-0.997054,-0.040337,0.000000,7.686513,-6.075922,113.578842,1.000000;;,
   19840;16;0.997865,0.065315,0.000926,0.000000,0.001845,-0.042351,0.999101,0.000000,0.065296,-0.996967,-0.042381,0.000000,7.700282,-6.071783,113.444966,1.000000;;,
   20000;16;0.997863,0.065359,0.000983,0.000000,0.001927,-0.044451,0.999010,0.000000,0.065338,-0.996873,-0.044482,0.000000,7.713942,-6.067644,113.311104,1.000000;;,
   20160;16;0.997860,0.065402,0.001042,0.000000,0.002008,-0.046551,0.998914,0.000000,0.065380,-0.996774,-0.046582,0.000000,7.727766,-6.063506,113.175821,1.000000;;,
   20320;16;0.997858,0.065433,0.001102,0.000000,0.002091,-0.048724,0.998810,0.000000,0.065409,-0.996668,-0.048756,0.000000,7.741676,-6.059332,113.040499,1.000000;;,
   20480;16;0.997856,0.065459,0.001163,0.000000,0.002176,-0.050921,0.998700,0.000000,0.065433,-0.996556,-0.050954,0.000000,7.755628,-6.055143,112.905024,1.000000;;,
   20640;16;0.997854,0.065485,0.001225,0.000000,0.002261,-0.053120,0.998585,0.000000,0.065458,-0.996440,-0.053154,0.000000,7.769571,-6.050957,112.769331,1.000000;;,
   20800;16;0.997852,0.065512,0.001286,0.000000,0.002346,-0.055327,0.998466,0.000000,0.065482,-0.996318,-0.055362,0.000000,7.783446,-6.046770,112.633638,1.000000;;,
   20960;16;0.997850,0.065538,0.001346,0.000000,0.002432,-0.057533,0.998341,0.000000,0.065507,-0.996191,-0.057569,0.000000,7.797118,-6.042750,112.501798,1.000000;;,
   21120;16;0.997851,0.065537,0.001404,0.000000,0.002514,-0.059668,0.998215,0.000000,0.065503,-0.996066,-0.059704,0.000000,7.810573,-6.038729,112.369933,1.000000;;,
   21280;16;0.997851,0.065526,0.001462,0.000000,0.002595,-0.061778,0.998087,0.000000,0.065491,-0.995938,-0.061815,0.000000,7.823798,-6.034708,112.241101,1.000000;;,
   21440;16;0.997852,0.065516,0.001517,0.000000,0.002675,-0.063853,0.997956,0.000000,0.065479,-0.995808,-0.063891,0.000000,7.836785,-6.030771,112.115290,1.000000;;,
   21600;16;0.997852,0.065506,0.001571,0.000000,0.002750,-0.065825,0.997827,0.000000,0.065467,-0.995680,-0.065864,0.000000,7.849534,-6.027089,111.989478,1.000000;;,
   21760;16;0.997853,0.065495,0.001622,0.000000,0.002828,-0.067796,0.997695,0.000000,0.065454,-0.995548,-0.067836,0.000000,7.861526,-6.023408,111.872614,1.000000;;,
   21920;16;0.997854,0.065485,0.001672,0.000000,0.002899,-0.069655,0.997567,0.000000,0.065442,-0.995421,-0.069695,0.000000,7.873518,-6.019727,111.755712,1.000000;;,
   22080;16;0.997854,0.065475,0.001720,0.000000,0.002971,-0.071477,0.997438,0.000000,0.065430,-0.995292,-0.071518,0.000000,7.885074,-6.016210,111.643072,1.000000;;,
   22240;16;0.997855,0.065464,0.001766,0.000000,0.003042,-0.073278,0.997307,0.000000,0.065417,-0.995162,-0.073320,0.000000,7.896194,-6.012858,111.534669,1.000000;;,
   22400;16;0.997855,0.065454,0.001811,0.000000,0.003111,-0.075022,0.997177,0.000000,0.065405,-0.995033,-0.075065,0.000000,7.907314,-6.009504,111.426278,1.000000;;,
   22560;16;0.997856,0.065444,0.001856,0.000000,0.003180,-0.076766,0.997044,0.000000,0.065393,-0.994900,-0.076809,0.000000,7.918767,-6.006151,111.314662,1.000000;;,
   22720;16;0.997856,0.065433,0.001901,0.000000,0.003252,-0.078556,0.996905,0.000000,0.065380,-0.994761,-0.078600,0.000000,7.930219,-6.002783,111.203021,1.000000;;,
   22880;16;0.997857,0.065423,0.001946,0.000000,0.003325,-0.080360,0.996761,0.000000,0.065367,-0.994618,-0.080406,0.000000,7.942093,-5.999409,111.084339,1.000000;;,
   23040;16;0.997858,0.065412,0.001992,0.000000,0.003398,-0.082196,0.996610,0.000000,0.065355,-0.994469,-0.082242,0.000000,7.955410,-5.996035,110.958528,1.000000;;,
   23200;16;0.997858,0.065402,0.002040,0.000000,0.003477,-0.084125,0.996449,0.000000,0.065342,-0.994308,-0.084173,0.000000,7.971794,-5.992661,110.832742,1.000000;;,
   23360;16;0.997859,0.065392,0.002087,0.000000,0.003556,-0.086055,0.996284,0.000000,0.065328,-0.994143,-0.086103,0.000000,7.989368,-5.987997,110.700237,1.000000;;,
   23520;16;0.997860,0.065364,0.002132,0.000000,0.003631,-0.087917,0.996121,0.000000,0.065298,-0.993982,-0.087967,0.000000,7.992834,-5.983332,110.567680,1.000000;;,
   23680;16;0.997863,0.065331,0.002175,0.000000,0.003705,-0.089758,0.995957,0.000000,0.065263,-0.993820,-0.089808,0.000000,7.991599,-5.975882,110.452083,1.000000;;,
   23840;16;0.997865,0.065299,0.002217,0.000000,0.003779,-0.091559,0.995793,0.000000,0.065227,-0.993658,-0.091610,0.000000,7.984549,-5.964818,110.353446,1.000000;;,
   24000;16;0.997867,0.065266,0.002256,0.000000,0.003847,-0.093242,0.995636,0.000000,0.065191,-0.993504,-0.093294,0.000000,7.960051,-5.951272,110.254797,1.000000;;,
   24160;16;0.997869,0.065233,0.002292,0.000000,0.003919,-0.094926,0.995477,0.000000,0.065155,-0.993346,-0.094979,0.000000,7.936143,-5.937854,110.159078,1.000000;;,
   24320;16;0.997871,0.065198,0.002327,0.000000,0.003985,-0.096511,0.995324,0.000000,0.065117,-0.993195,-0.096566,0.000000,7.915319,-5.924916,110.063322,1.000000;;,
   24480;16;0.997873,0.065162,0.002359,0.000000,0.004051,-0.098064,0.995172,0.000000,0.065079,-0.993046,-0.098119,0.000000,7.895488,-5.912113,109.967974,1.000000;;,
   24640;16;0.997875,0.065127,0.002388,0.000000,0.004113,-0.099506,0.995029,0.000000,0.065041,-0.992904,-0.099563,0.000000,7.876095,-5.899594,109.872986,1.000000;;,
   24800;16;0.997878,0.065091,0.002413,0.000000,0.004158,-0.100617,0.994917,0.000000,0.065003,-0.992795,-0.100674,0.000000,7.858134,-5.888000,109.778010,1.000000;;,
   24960;16;0.997880,0.065058,0.002435,0.000000,0.004205,-0.101727,0.994803,0.000000,0.064968,-0.992684,-0.101785,0.000000,7.844049,-5.877961,109.698918,1.000000;;,
   25120;16;0.997882,0.065025,0.002456,0.000000,0.004253,-0.102838,0.994689,0.000000,0.064932,-0.992572,-0.102896,0.000000,7.832606,-5.868955,109.619802,1.000000;;,
   25280;16;0.997884,0.064992,0.002472,0.000000,0.004259,-0.103228,0.994649,0.000000,0.064900,-0.992533,-0.103286,0.000000,7.820863,-5.860294,109.540698,1.000000;;,
   25440;16;0.997886,0.064959,0.002482,0.000000,0.004224,-0.102897,0.994683,0.000000,0.064869,-0.992570,-0.102954,0.000000,7.806155,-5.851339,109.488947,1.000000;;,
   25600;16;0.997888,0.064926,0.002484,0.000000,0.004197,-0.102567,0.994717,0.000000,0.064838,-0.992606,-0.102623,0.000000,7.786100,-5.841500,109.519194,1.000000;;,
   25760;16;0.997890,0.064893,0.002478,0.000000,0.004178,-0.102237,0.994751,0.000000,0.064806,-0.992642,-0.102293,0.000000,7.760746,-5.829798,109.549453,1.000000;;,
   25920;16;0.997895,0.064821,0.002463,0.000000,0.004164,-0.101907,0.994785,0.000000,0.064734,-0.992681,-0.101963,0.000000,7.730013,-5.817271,109.579712,1.000000;;,
   26080;16;0.997902,0.064713,0.002439,0.000000,0.004156,-0.101577,0.994819,0.000000,0.064626,-0.992722,-0.101633,0.000000,7.692530,-5.805242,109.609971,1.000000;;,
   26240;16;0.997911,0.064575,0.002404,0.000000,0.004155,-0.101248,0.994853,0.000000,0.064486,-0.992765,-0.101305,0.000000,7.647593,-5.794709,109.640230,1.000000;;,
   26400;16;0.997922,0.064410,0.002356,0.000000,0.004165,-0.100918,0.994886,0.000000,0.064319,-0.992809,-0.100977,0.000000,7.595159,-5.786344,109.670502,1.000000;;,
   26560;16;0.997936,0.064202,0.002281,0.000000,0.004197,-0.100589,0.994919,0.000000,0.064105,-0.992856,-0.100651,0.000000,7.532522,-5.777979,109.700762,1.000000;;,
   26720;16;0.997951,0.063969,0.002198,0.000000,0.004235,-0.100260,0.994952,0.000000,0.063867,-0.992904,-0.100326,0.000000,7.470181,-5.769962,109.731008,1.000000;;,
   26880;16;0.997967,0.063718,0.002110,0.000000,0.004276,-0.099931,0.994985,0.000000,0.063610,-0.992953,-0.100001,0.000000,7.409509,-5.762061,109.761280,1.000000;;,
   27040;16;0.997984,0.063449,0.002018,0.000000,0.004321,-0.099602,0.995018,0.000000,0.063334,-0.993003,-0.099676,0.000000,7.350405,-5.754100,109.805734,1.000000;;,
   27200;16;0.998003,0.063155,0.001916,0.000000,0.004372,-0.099274,0.995050,0.000000,0.063033,-0.993055,-0.099352,0.000000,7.291300,-5.745967,109.892787,1.000000;;,
   27360;16;0.998024,0.062835,0.001812,0.000000,0.004340,-0.097629,0.995213,0.000000,0.062711,-0.993239,-0.097708,0.000000,7.232196,-5.737834,109.979853,1.000000;;,
   27520;16;0.998045,0.062498,0.001704,0.000000,0.004311,-0.095983,0.995374,0.000000,0.062372,-0.993420,-0.096065,0.000000,7.172317,-5.729587,110.066931,1.000000;;,
   27680;16;0.998067,0.062142,0.001593,0.000000,0.004285,-0.094338,0.995531,0.000000,0.062014,-0.993600,-0.094422,0.000000,7.112116,-5.721304,110.152218,1.000000;;,
   27840;16;0.998090,0.061772,0.001482,0.000000,0.004258,-0.092693,0.995686,0.000000,0.061643,-0.993778,-0.092779,0.000000,7.052690,-5.713172,110.235738,1.000000;;,
   28000;16;0.998113,0.061405,0.001380,0.000000,0.004225,-0.091047,0.995838,0.000000,0.061275,-0.993953,-0.091135,0.000000,6.995781,-5.705497,110.319232,1.000000;;,
   28160;16;0.998135,0.061055,0.001289,0.000000,0.004213,-0.089903,0.995942,0.000000,0.060923,-0.994079,-0.089992,0.000000,6.945458,-5.697822,110.402765,1.000000;;,
   28320;16;0.998156,0.060715,0.001205,0.000000,0.004196,-0.088757,0.996045,0.000000,0.060581,-0.994203,-0.088848,0.000000,6.901202,-5.690414,110.478989,1.000000;;,
   28480;16;0.998176,0.060381,0.001126,0.000000,0.004176,-0.087612,0.996146,0.000000,0.060247,-0.994324,-0.087704,0.000000,6.861214,-5.683094,110.552730,1.000000;;,
   28640;16;0.998196,0.060048,0.001050,0.000000,0.004156,-0.086511,0.996242,0.000000,0.059914,-0.994441,-0.086604,0.000000,6.823024,-5.675885,110.626483,1.000000;;,
   28800;16;0.998216,0.059713,0.000977,0.000000,0.004142,-0.085544,0.996326,0.000000,0.059577,-0.994545,-0.085639,0.000000,6.783490,-5.669009,110.700262,1.000000;;,
   28960;16;0.998238,0.059360,0.000902,0.000000,0.004129,-0.084577,0.996409,0.000000,0.059223,-0.994649,-0.084673,0.000000,6.735305,-5.662133,110.773299,1.000000;;,
   29120;16;0.998260,0.058988,0.000823,0.000000,0.004119,-0.083610,0.996490,0.000000,0.058850,-0.994752,-0.083708,0.000000,6.677322,-5.655580,110.846310,1.000000;;,
