xof 0303txt 0032
template Frame {
 <3d82ab46-62da-11cf-ab39-0020af71e433>
 [...]
}

template Matrix4x4 {
 <f6f23f45-7686-11cf-8f52-0040333594a3>
 array FLOAT matrix[16];
}

template FrameTransformMatrix {
 <f6f23f41-7686-11cf-8f52-0040333594a3>
 Matrix4x4 frameMatrix;
}

template AnimTicksPerSecond {
 <9e415a43-7ba6-4a73-8743-b73d47e88476>
 DWORD AnimTicksPerSecond;
}

template Animation {
 <3d82ab4f-62da-11cf-ab39-0020af71e433>
 [...]
}

template AnimationSet {
 <3d82ab50-62da-11cf-ab39-0020af71e433>
 [Animation <3d82ab4f-62da-11cf-ab39-0020af71e433>]
}

template FloatKeys {
 <10dd46a9-775b-11cf-8f52-0040333594a3>
 DWORD nValues;
 array FLOAT values[nValues];
}

template TimedFloatKeys {
 <f406b180-7b3b-11cf-8f52-0040333594a3>
 DWORD time;
 FloatKeys tfkeys;
}

template AnimationKey {
 <10dd46a8-775b-11cf-8f52-0040333594a3>
 DWORD keyType;
 DWORD nKeys;
 array TimedFloatKeys keys[nKeys];
}


Frame ARM_bear_framework {
 

 FrameTransformMatrix {
  -0.003937,0.000000,-0.000000,0.000000,-0.000000,-0.000000,0.003937,0.000000,-0.000000,0.003937,0.000000,0.000000,0.000000,0.000000,0.000000,1.000000;;
 }

 Frame _0__-com {
  

  FrameTransformMatrix {
   0.975748,-0.215686,-0.037326,0.000000,0.213207,0.975098,-0.061041,0.000000,0.049562,0.051602,0.997437,0.000000,-4.544900,14.073101,134.977203,1.000000;;
  }

  Frame _1___body {
   

   FrameTransformMatrix {
    -0.000000,0.000000,1.000000,0.000000,1.000000,-0.000000,0.000000,0.000000,0.000000,1.000000,-0.000000,0.000000,0.000668,-0.002669,-66.890528,1.000000;;
   }

   Frame _3___chest {
    

    FrameTransformMatrix {
     -0.160710,-0.402732,-0.901099,0.000000,0.068260,0.906245,-0.417206,0.000000,0.984638,-0.128558,-0.118152,0.000000,56.309210,0.032900,21.813894,1.000000;;
    }

    Frame _7___neck1 {
     

     FrameTransformMatrix {
      0.305107,-0.167801,-0.937418,0.000000,-0.344178,0.898388,-0.272836,0.000000,0.887948,0.405883,0.216351,0.000000,-0.006397,0.003503,102.581325,1.000000;;
     }

     Frame _10___claviclel {
      

      FrameTransformMatrix {
       -0.254622,0.961032,0.107630,0.000000,-0.830316,-0.274318,0.485103,0.000000,0.495724,0.034151,0.867808,0.000000,14.896301,29.784602,-20.046104,1.000000;;
      }

      Frame _15___arm1l {
       

       FrameTransformMatrix {
        -0.834161,-0.457333,-0.308257,0.000000,0.320513,0.052870,-0.945767,0.000000,0.448829,-0.887722,0.102479,0.000000,0.002275,-0.001678,50.677523,1.000000;;
       }

       Frame _20___arm2l {
        

        FrameTransformMatrix {
         -0.163861,0.000000,0.986483,0.000000,0.000000,1.000000,0.000000,0.000000,-0.986483,0.000000,-0.163861,0.000000,-0.001236,0.001747,57.364525,1.000000;;
        }

        Frame _23___hand1l {
         

         FrameTransformMatrix {
          0.662260,-0.632905,-0.401053,0.000000,0.740272,0.635407,0.219673,0.000000,0.115800,-0.442368,0.889326,0.000000,-0.001457,-0.000015,60.930618,1.000000;;
         }

         Frame _25___hand2l {
          

          FrameTransformMatrix {
           0.975327,-0.000785,0.220765,0.000000,0.000805,1.000000,0.000001,0.000000,-0.220765,0.000177,0.975327,0.000000,2.006393,0.006136,18.800414,1.000000;;
          }

          Frame _25___hand2l_end {
           

           FrameTransformMatrix {
            1.000000,-0.000000,-0.000000,0.000000,0.000000,1.000000,-0.000000,0.000000,0.000000,-0.000000,1.000000,0.000000,0.000015,-0.000002,1.000000,1.000000;;
           }
          }
         }
        }
       }
      }
     }

     Frame _11___clavicler {
      

      FrameTransformMatrix {
       0.064149,-0.745535,-0.663373,0.000000,0.800108,0.435705,-0.412297,0.000000,0.596417,-0.504321,0.624458,0.000000,20.307709,0.810509,-33.136589,1.000000;;
      }

      Frame _16___arm1r {
       

       FrameTransformMatrix {
        0.932716,0.355733,0.059119,0.000000,-0.346919,0.929906,-0.122152,0.000000,-0.098429,0.093424,0.990749,0.000000,0.000061,-0.000275,50.673411,1.000000;;
       }

       Frame _21___arm2r {
        

        FrameTransformMatrix {
         0.483717,0.000000,0.875225,0.000000,0.000000,1.000000,0.000000,0.000000,-0.875225,0.000000,0.483717,0.000000,-0.000790,-0.002808,57.365792,1.000000;;
        }

        Frame _24___hand1r {
         

         FrameTransformMatrix {
          0.670509,0.650976,-0.355877,0.000000,-0.715924,0.693555,-0.080214,0.000000,0.194603,0.308565,0.931084,0.000000,0.002434,0.001297,60.929056,1.000000;;
         }

         Frame _26___hand2r {
          

          FrameTransformMatrix {
           0.960417,0.000764,-0.278564,0.000000,-0.000796,1.000000,-0.000001,0.000000,0.278564,0.000222,0.960418,0.000000,2.006332,-0.005875,18.799637,1.000000;;
          }

          Frame _26___hand2r_end {
           

           FrameTransformMatrix {
            1.000000,-0.000000,0.000000,0.000000,-0.000000,1.000000,0.000000,0.000000,-0.000000,0.000000,1.000000,0.000000,-0.000015,0.000000,1.000038,1.000000;;
           }
          }
         }
        }
       }
      }
     }

     Frame _12___neck2 {
      

      FrameTransformMatrix {
       0.988329,0.104320,0.111007,0.000000,-0.142508,0.890640,0.431800,0.000000,-0.053822,-0.442580,0.895112,0.000000,-0.020309,-0.002098,26.400696,1.000000;;
      }

      Frame _17___head {
       

       FrameTransformMatrix {
        0.567788,-0.261929,0.780391,0.000000,0.424689,0.905325,-0.005129,0.000000,-0.705164,0.334336,0.625271,0.000000,0.000519,-0.000280,25.880027,1.000000;;
       }

       Frame _22___head2 {
        

        FrameTransformMatrix {
         0.036103,-0.000007,-0.999349,0.000000,0.000002,1.000000,-0.000007,0.000000,0.999349,-0.000002,0.036103,0.000000,22.451661,-0.000977,-18.316803,1.000000;;
        }

        Frame _22___head2_end {
         

         FrameTransformMatrix {
          1.000000,0.000000,0.000000,0.000000,0.000000,1.000000,-0.000000,0.000000,-0.000000,-0.000000,1.000000,0.000000,0.000015,0.000008,1.000004,1.000000;;
         }
        }
       }
      }
     }
    }
   }

   Frame _4___leg1l {
    

    FrameTransformMatrix {
     0.919016,-0.168686,-0.356308,0.000000,-0.353916,-0.751164,-0.557223,0.000000,-0.173650,0.638199,-0.750031,0.000000,0.001373,34.855760,0.000831,1.000000;;
    }

    Frame _8___leg2l {
     

     FrameTransformMatrix {
      -0.140339,0.000000,0.990103,0.000000,0.000000,1.000000,-0.000000,0.000000,-0.990104,0.000000,-0.140339,0.000000,0.002945,-0.002136,58.028448,1.000000;;
     }

     Frame _13___foot1l {
      

      FrameTransformMatrix {
       0.955669,-0.002145,-0.294435,0.000000,-0.083686,0.956755,-0.278598,0.000000,0.282300,0.290887,0.914161,0.000000,-0.000851,-0.000412,55.118746,1.000000;;
      }

      Frame _18___foot2l {
       

       FrameTransformMatrix {
        -0.000042,-0.000002,-1.000042,0.000000,-0.083058,0.996545,0.000002,0.000000,0.996587,0.083061,-0.000042,0.000000,14.380856,-0.000378,7.796300,1.000000;;
       }

       Frame _18___foot2l_end {
        

        FrameTransformMatrix {
         1.000000,-0.000000,-0.000000,0.000000,0.000000,1.000000,-0.000000,0.000000,0.000000,0.000000,1.000000,0.000000,-0.000000,-0.000004,1.000008,1.000000;;
        }
       }
      }
     }
    }
   }

   Frame _5___leg1r {
    

    FrameTransformMatrix {
     0.743530,0.031636,-0.667953,0.000000,0.207426,-0.960520,0.185404,0.000000,-0.635717,-0.276404,-0.720738,0.000000,-0.001373,-34.855773,-0.000748,1.000000;;
    }

    Frame _9___leg2r {
     

     FrameTransformMatrix {
      -0.371295,-0.000000,0.928515,0.000000,-0.000000,1.000000,0.000000,0.000000,-0.928515,-0.000000,-0.371295,0.000000,-0.000591,-0.002033,58.025818,1.000000;;
     }

     Frame _14___foot1r {
      

      FrameTransformMatrix {
       0.526510,0.010705,-0.850102,0.000000,0.191125,0.972835,0.130624,0.000000,0.828407,-0.231251,0.510161,0.000000,0.001362,0.002651,55.123283,1.000000;;
      }

      Frame _19___foot2r {
       

       FrameTransformMatrix {
        -0.000011,-0.000000,-1.000011,0.000000,-0.055348,0.998467,0.000000,0.000000,0.998479,0.055348,-0.000011,0.000000,14.380946,0.000351,7.796200,1.000000;;
       }

       Frame _19___foot2r_end {
        

        FrameTransformMatrix {
         1.000000,0.000000,-0.000000,0.000000,0.000000,1.000000,0.000000,0.000000,-0.000000,-0.000000,1.000000,0.000000,0.000000,0.000000,1.000000,1.000000;;
        }
       }
      }
     }
    }
   }

   Frame _6___tail1 {
    

    FrameTransformMatrix {
     0.794292,-0.000017,0.607538,0.000000,0.000031,1.000000,-0.000014,0.000000,-0.607538,0.000030,0.794292,0.000000,-19.609680,0.000059,8.998219,1.000000;;
    }

    Frame _6___tail1_end {
     

     FrameTransformMatrix {
      1.000000,0.000000,-0.000000,0.000000,0.000000,1.000000,0.000000,0.000000,0.000000,0.000000,1.000000,0.000000,0.000004,0.000000,1.000000,1.000000;;
     }
    }
   }
  }

  Frame _2__-footsteps {
   

   FrameTransformMatrix {
    -0.215694,0.975096,0.051611,0.000000,-0.037317,-0.061048,0.997437,0.000000,0.975747,0.213215,0.049555,0.000000,4.906402,8.041191,-131.342861,1.000000;;
   }

   Frame _2__-footsteps_end {
    

    FrameTransformMatrix {
     1.000000,-0.000000,-0.000000,0.000000,0.000000,1.000000,-0.000000,0.000000,0.000000,-0.000000,1.000000,0.000000,0.000000,0.000000,1.000000,1.000000;;
    }
   }
  }
 }
}

AnimTicksPerSecond  {
 4800;
}

AnimationSet Dummy {
 

 Animation {
  
  { ARM_bear_framework }

  AnimationKey  {
   4;
   2;
   0;16;-0.003937,0.000000,-0.000000,0.000000,-0.000000,-0.000000,0.003937,0.000000,-0.000000,0.003937,0.000000,0.000000,0.000000,0.000000,0.000000,1.000000;;,
   16000;16;-0.003937,0.000000,-0.000000,0.000000,-0.000000,-0.000000,0.003937,0.000000,-0.000000,0.003937,0.000000,0.000000,0.000000,0.000000,0.000000,1.000000;;;
  }
 }

 Animation {
  
  { _0__-com }

  AnimationKey  {
   4;
   87;
   0;16;0.975748,-0.215686,-0.037326,0.000000,0.213207,0.975098,-0.061041,0.000000,0.049562,0.051602,0.997437,0.000000,-4.544900,14.073101,134.977203,1.000000;;,
   2400;16;0.975748,-0.215686,-0.037326,0.000000,0.213207,0.975098,-0.061041,0.000000,0.049562,0.051602,0.997437,0.000000,-4.544900,14.073101,134.977216,1.000000;;,
   2560;16;0.979680,-0.200021,-0.014704,0.000000,0.195560,0.968952,-0.151290,0.000000,0.044509,0.145341,0.988380,0.000000,-4.544900,21.349211,132.215027,1.000000;;,
   2720;16;0.987393,-0.155655,0.028734,0.000000,0.155679,0.922198,-0.353998,0.000000,0.028603,0.354008,0.934804,0.000000,-4.544901,37.442522,125.824858,1.000000;;,
   2880;16;0.993049,-0.094711,0.069871,0.000000,0.117690,0.804808,-0.581751,0.000000,-0.001134,0.585930,0.810360,0.000000,-4.544900,56.474899,117.720346,1.000000;;,
   3040;16;0.994807,-0.036537,0.094986,0.000000,0.095849,0.650085,-0.753792,0.000000,-0.034207,0.758982,0.650211,0.000000,-4.544900,72.568205,109.935194,1.000000;;,
   3200;16;0.994849,-0.007589,0.101073,0.000000,0.088812,0.545837,-0.833171,0.000000,-0.048846,0.837856,0.543700,0.000000,-4.544901,79.844301,104.623206,1.000000;;,
   3360;16;0.992745,-0.014312,0.119380,0.000000,0.109662,0.514915,-0.850198,0.000000,-0.049302,0.857121,0.512749,0.000000,-4.544901,79.758086,102.414758,1.000000;;,
   3520;16;0.986593,-0.032566,0.159913,0.000000,0.154774,0.497418,-0.853592,0.000000,-0.051746,0.866899,0.495790,0.000000,-4.544900,79.541811,101.305856,1.000000;;,
   3680;16;0.976714,-0.054733,0.207441,0.000000,0.207630,0.484575,-0.849751,0.000000,-0.054012,0.873035,0.484655,0.000000,-4.544900,79.253082,100.630170,1.000000;;,
   3840;16;0.964602,-0.075898,0.252549,0.000000,0.257940,0.470757,-0.843715,0.000000,-0.054853,0.878991,0.473670,0.000000,-4.544900,78.933747,99.950989,1.000000;;,
   4000;16;0.951902,-0.093859,0.291669,0.000000,0.301670,0.453705,-0.838538,0.000000,-0.053628,0.886195,0.460198,0.000000,-4.544900,78.609888,99.061267,1.000000;;,
   4160;16;0.936606,-0.112922,0.331685,0.000000,0.346538,0.438360,-0.829308,0.000000,-0.051750,0.891677,0.449703,0.000000,-4.544900,78.223341,98.354726,1.000000;;,
   4320;16;0.918955,-0.132421,0.371463,0.000000,0.391278,0.423717,-0.816925,0.000000,-0.049217,0.896062,0.441190,0.000000,-4.544901,77.793882,97.782758,1.000000;;,
   4480;16;0.898976,-0.152094,0.410741,0.000000,0.435554,0.409328,-0.801713,0.000000,-0.046192,0.899621,0.434221,0.000000,-4.544900,77.332442,97.310061,1.000000;;,
   4640;16;0.876628,-0.171998,0.449376,0.000000,0.479262,0.395165,-0.783679,0.000000,-0.042786,0.902364,0.428845,0.000000,-4.544900,76.838906,96.936602,1.000000;;,
   4800;16;0.851746,-0.192497,0.487311,0.000000,0.522486,0.381619,-0.762480,0.000000,-0.039192,0.904052,0.425620,0.000000,-4.544900,76.302138,96.697728,1.000000;;,
   4960;16;0.824470,-0.213326,0.524156,0.000000,0.564782,0.368494,-0.738399,0.000000,-0.035629,0.904822,0.424295,0.000000,-4.544900,75.713235,96.696557,1.000000;;,
   5120;16;0.794251,-0.234606,0.560468,0.000000,0.606745,0.354847,-0.711297,0.000000,-0.032006,0.905010,0.424183,0.000000,-4.544900,75.081888,96.695354,1.000000;;,
   5280;16;0.761344,-0.256283,0.595544,0.000000,0.647719,0.341078,-0.681268,0.000000,-0.028530,0.904425,0.425677,0.000000,-4.544900,74.408608,96.782189,1.000000;;,
   5440;16;0.726956,-0.277648,0.628048,0.000000,0.686209,0.327700,-0.649407,0.000000,-0.025505,0.903063,0.428749,0.000000,-4.544900,73.715514,96.971904,1.000000;;,
   5600;16;0.693426,-0.297364,0.656303,0.000000,0.720154,0.315350,-0.618007,0.000000,-0.023192,0.901181,0.432819,0.000000,-4.544900,73.046400,97.206208,1.000000;;,
   5760;16;0.663238,-0.314028,0.679338,0.000000,0.748099,0.304236,-0.589735,0.000000,-0.021485,0.899347,0.436705,0.000000,-4.544900,72.455846,97.448435,1.000000;;,
   5920;16;0.635115,-0.328959,0.698866,0.000000,0.772154,0.294033,-0.563314,0.000000,-0.020182,0.897401,0.440752,0.000000,-4.544900,71.907475,97.716851,1.000000;;,
   6080;16;0.607287,-0.343304,0.716480,0.000000,0.794250,0.284145,-0.537055,0.000000,-0.019211,0.895211,0.445227,0.000000,-4.544900,71.353734,98.025990,1.000000;;,
   6240;16;0.577722,-0.358077,0.733497,0.000000,0.816023,0.273797,-0.509060,0.000000,-0.018547,0.892645,0.450377,0.000000,-4.544900,70.751603,98.382758,1.000000;;,
   6400;16;0.544160,-0.374160,0.750928,0.000000,0.838784,0.262039,-0.477260,0.000000,-0.018201,0.889572,0.456431,0.000000,-4.544901,70.062797,98.786509,1.000000;;,
   6560;16;0.504145,-0.392262,0.769394,0.000000,0.863426,0.247750,-0.439449,0.000000,-0.018238,0.885861,0.463591,0.000000,-4.544901,69.248992,99.271245,1.000000;;,
   6720;16;0.459945,-0.411266,0.786962,0.000000,0.887746,0.231852,-0.397682,0.000000,-0.018906,0.881535,0.471739,0.000000,-4.544900,68.344058,99.822957,1.000000;;,
   6880;16;0.414162,-0.429825,0.802321,0.000000,0.909979,0.215098,-0.354502,0.000000,-0.020204,0.876916,0.480217,0.000000,-4.544900,67.391814,100.389990,1.000000;;,
   7040;16;0.368466,-0.447238,0.814991,0.000000,0.929379,0.198013,-0.311520,0.000000,-0.022056,0.872220,0.488615,0.000000,-4.544900,66.422982,100.944448,1.000000;;,
   7200;16;0.323475,-0.463417,0.824989,0.000000,0.945920,0.180902,-0.269275,0.000000,-0.024455,0.867478,0.496873,0.000000,-4.544900,65.455226,101.482182,1.000000;;,
   7360;16;0.278527,-0.478426,0.832784,0.000000,0.960041,0.163300,-0.227274,0.000000,-0.027260,0.862810,0.504792,0.000000,-4.544900,64.450118,102.011597,1.000000;;,
   7520;16;0.234100,-0.491819,0.838636,0.000000,0.971747,0.145048,-0.186193,0.000000,-0.030069,0.858530,0.511879,0.000000,-4.544900,63.421094,102.497869,1.000000;;,
   7680;16;0.190030,-0.503820,0.842646,0.000000,0.981226,0.126248,-0.145798,0.000000,-0.032926,0.854532,0.518352,0.000000,-4.544900,62.374221,102.950515,1.000000;;,
   7840;16;0.146436,-0.514584,0.844842,0.000000,0.988567,0.107140,-0.106090,0.000000,-0.035924,0.850719,0.524390,0.000000,-4.544900,61.309370,103.370336,1.000000;;,
   8000;16;0.103717,-0.524197,0.845256,0.000000,0.993835,0.088101,-0.067311,0.000000,-0.039184,0.847026,0.530103,0.000000,-4.544900,60.220282,103.749338,1.000000;;,
   8160;16;0.062877,-0.531931,0.844449,0.000000,0.997122,0.069388,-0.030536,0.000000,-0.042352,0.843939,0.534763,0.000000,-4.544900,59.104384,104.038835,1.000000;;,
   8320;16;0.022275,-0.538063,0.842609,0.000000,0.998734,0.050006,0.005530,0.000000,-0.045111,0.841419,0.538496,0.000000,-4.544900,57.949645,104.283635,1.000000;;,
   8480;16;-0.017434,-0.542283,0.840014,0.000000,0.998739,0.030114,0.040168,0.000000,-0.047078,0.839656,0.541074,0.000000,-4.544900,56.766150,104.443520,1.000000;;,
   8640;16;-0.055063,-0.544696,0.836823,0.000000,0.997318,0.010477,0.072443,0.000000,-0.048227,0.838567,0.542658,0.000000,-4.544900,55.589952,104.533363,1.000000;;,
   8800;16;-0.088846,-0.545828,0.833173,0.000000,0.994840,-0.007497,0.101174,0.000000,-0.048977,0.837863,0.543678,0.000000,-4.544901,54.483104,104.623206,1.000000;;,
   8960;16;-0.117206,-0.546013,0.829536,0.000000,0.991872,-0.022702,0.125200,0.000000,-0.049529,0.837468,0.544236,0.000000,-4.544900,53.511434,104.623200,1.000000;;,
   9120;16;-0.141750,-0.545400,0.826102,0.000000,0.988657,-0.036146,0.145779,0.000000,-0.049647,0.837396,0.544337,0.000000,-4.544901,52.622573,104.623206,1.000000;;,
   9280;16;-0.164363,-0.544189,0.822704,0.000000,0.985159,-0.048742,0.164578,0.000000,-0.049461,0.837545,0.544124,0.000000,-4.544900,51.754707,104.623213,1.000000;;,
   9440;16;-0.187043,-0.542557,0.818930,0.000000,0.981121,-0.061456,0.183371,0.000000,-0.049161,0.837767,0.543809,0.000000,-4.544900,50.847584,104.623206,1.000000;;,
   9600;16;-0.211892,-0.540651,0.814124,0.000000,0.976064,-0.075317,0.204023,0.000000,-0.048987,0.837868,0.543669,0.000000,-4.544900,49.842554,104.623206,1.000000;;,
   9760;16;-0.240280,-0.538164,0.807864,0.000000,0.969467,-0.091046,0.227694,0.000000,-0.048984,0.837907,0.543609,0.000000,-4.544900,48.693059,104.623206,1.000000;;,
   9920;16;-0.270026,-0.535062,0.800496,0.000000,0.961606,-0.107567,0.252473,0.000000,-0.048982,0.837936,0.543564,0.000000,-4.544900,47.452019,104.623206,1.000000;;,
   10080;16;-0.299517,-0.531500,0.792336,0.000000,0.952833,-0.123995,0.277011,0.000000,-0.048985,0.837933,0.543569,0.000000,-4.544900,46.170550,104.623219,1.000000;;,
   10240;16;-0.327835,-0.527595,0.783688,0.000000,0.943464,-0.139819,0.300544,0.000000,-0.048991,0.837910,0.543604,0.000000,-4.544900,44.881187,104.623206,1.000000;;,
   10400;16;-0.354740,-0.523422,0.774718,0.000000,0.933680,-0.154898,0.322875,0.000000,-0.048998,0.837875,0.543657,0.000000,-4.544900,43.597930,104.623206,1.000000;;,
   10560;16;-0.380460,-0.518881,0.765514,0.000000,0.923498,-0.169314,0.344214,0.000000,-0.048994,0.837911,0.543603,0.000000,-4.544900,42.290077,104.623206,1.000000;;,
   10720;16;-0.405354,-0.514079,0.755916,0.000000,0.912846,-0.183308,0.364844,0.000000,-0.048993,0.837926,0.543579,0.000000,-4.544900,40.982938,104.623213,1.000000;;,
   10880;16;-0.429556,-0.509008,0.745916,0.000000,0.901710,-0.196952,0.384875,0.000000,-0.048995,0.837925,0.543580,0.000000,-4.544900,39.679814,104.623194,1.000000;;,
   11040;16;-0.453063,-0.503689,0.735547,0.000000,0.890130,-0.210246,0.404307,0.000000,-0.048999,0.837910,0.543604,0.000000,-4.544900,38.380474,104.623213,1.000000;;,
   11200;16;-0.475748,-0.498168,0.724907,0.000000,0.878215,-0.223114,0.423034,0.000000,-0.049005,0.837882,0.543645,0.000000,-4.544900,37.081130,104.623194,1.000000;;,
   11360;16;-0.497585,-0.492387,0.714117,0.000000,0.866030,-0.235496,0.441060,0.000000,-0.049000,0.837911,0.543601,0.000000,-4.544900,35.781792,104.623219,1.000000;;,
   11520;16;-0.519325,-0.486253,0.702750,0.000000,0.853171,-0.247860,0.458983,0.000000,-0.048999,0.837927,0.543577,0.000000,-4.544900,34.452662,104.623194,1.000000;;,
   11680;16;-0.540593,-0.479875,0.690997,0.000000,0.839855,-0.259996,0.476492,0.000000,-0.049000,0.837927,0.543578,0.000000,-4.544900,33.111107,104.623219,1.000000;;,
   11840;16;-0.560754,-0.473468,0.679251,0.000000,0.826531,-0.271542,0.493064,0.000000,-0.049005,0.837909,0.543604,0.000000,-4.544900,31.799338,104.623206,1.000000;;,
   12000;16;-0.578932,-0.467361,0.668139,0.000000,0.813901,-0.281982,0.507986,0.000000,-0.049010,0.837889,0.543634,0.000000,-4.544900,30.584442,104.623219,1.000000;;,
   12160;16;-0.594256,-0.461911,0.658405,0.000000,0.802781,-0.290777,0.520568,0.000000,-0.049007,0.837906,0.543609,0.000000,-4.544900,29.537360,104.623200,1.000000;;,
   12320;16;-0.607649,-0.456962,0.649575,0.000000,0.792692,-0.298488,0.531549,0.000000,-0.049007,0.837908,0.543606,0.000000,-4.544900,28.599142,104.623219,1.000000;;,
   12480;16;-0.620191,-0.452152,0.641030,0.000000,0.782918,-0.305725,0.541823,0.000000,-0.049008,0.837908,0.543606,0.000000,-4.544900,27.697222,104.623206,1.000000;;,
   12640;16;-0.632942,-0.447081,0.632062,0.000000,0.772646,-0.313096,0.552258,0.000000,-0.049008,0.837907,0.543607,0.000000,-4.544900,26.759008,104.623213,1.000000;;,
   12800;16;-0.646930,-0.441312,0.621871,0.000000,0.760973,-0.321210,0.563689,0.000000,-0.049012,0.837894,0.543627,0.000000,-4.544900,25.711923,104.623200,1.000000;;,
   12960;16;-0.662823,-0.434421,0.609871,0.000000,0.747170,-0.330420,0.576680,0.000000,-0.049008,0.837914,0.543596,0.000000,-4.544900,24.487571,104.623206,1.000000;;,
   13120;16;-0.679549,-0.426819,0.596688,0.000000,0.731991,-0.340144,0.590332,0.000000,-0.049005,0.837930,0.543572,0.000000,-4.544900,23.165453,104.623206,1.000000;;,
   13280;16;-0.696247,-0.418862,0.582919,0.000000,0.716127,-0.349894,0.603934,0.000000,-0.049005,0.837931,0.543571,0.000000,-4.544900,21.828624,104.623206,1.000000;;,
   13440;16;-0.712394,-0.410788,0.568986,0.000000,0.700065,-0.359364,0.617062,0.000000,-0.049009,0.837920,0.543588,0.000000,-4.544900,20.528875,104.623213,1.000000;;,
   13600;16;-0.727792,-0.402714,0.555102,0.000000,0.684044,-0.368432,0.629557,0.000000,-0.049014,0.837901,0.543616,0.000000,-4.544900,19.286760,104.623206,1.000000;;,
   13760;16;-0.742777,-0.394423,0.541027,0.000000,0.667742,-0.377247,0.641720,0.000000,-0.049008,0.837922,0.543584,0.000000,-4.544900,18.075394,104.623200,1.000000;;,
   13920;16;-0.757461,-0.385913,0.526614,0.000000,0.651038,-0.385924,0.653614,0.000000,-0.049006,0.837933,0.543566,0.000000,-4.544900,16.863128,104.623206,1.000000;;,
   14080;16;-0.771816,-0.377195,0.511882,0.000000,0.633954,-0.394447,0.665217,0.000000,-0.049006,0.837935,0.543565,0.000000,-4.544900,15.640578,104.623206,1.000000;;,
   14240;16;-0.785830,-0.368269,0.496837,0.000000,0.616496,-0.402811,0.676517,0.000000,-0.049009,0.837926,0.543578,0.000000,-4.544900,14.407699,104.623200,1.000000;;,
   14400;16;-0.799506,-0.359131,0.481471,0.000000,0.598654,-0.411017,0.687516,0.000000,-0.049015,0.837908,0.543606,0.000000,-4.544900,13.173826,104.623206,1.000000;;,
   14560;16;-0.812941,-0.349648,0.465694,0.000000,0.580279,-0.419070,0.698324,0.000000,-0.049009,0.837929,0.543573,0.000000,-4.544900,11.974206,104.623206,1.000000;;,
   14720;16;-0.826347,-0.339694,0.449173,0.000000,0.561023,-0.427152,0.709079,0.000000,-0.049005,0.837943,0.543552,0.000000,-4.544900,10.774393,104.623206,1.000000;;,
   14880;16;-0.839531,-0.329377,0.432084,0.000000,0.541096,-0.435153,0.719623,0.000000,-0.049004,0.837945,0.543549,0.000000,-4.544900,9.589026,104.623206,1.000000;;,
   15040;16;-0.852082,-0.319016,0.414950,0.000000,0.521108,-0.442830,0.729622,0.000000,-0.049009,0.837932,0.543569,0.000000,-4.544900,8.451664,104.623213,1.000000;;,
   15200;16;-0.863419,-0.309141,0.398669,0.000000,0.502099,-0.449811,0.738625,0.000000,-0.049014,0.837915,0.543595,0.000000,-4.544900,7.414801,104.623206,1.000000;;,
   15360;16;-0.875035,-0.298414,0.381133,0.000000,0.481572,-0.456958,0.747849,0.000000,-0.049007,0.837937,0.543562,0.000000,-4.544900,6.353916,104.623206,1.000000;;,
   15520;16;-0.886806,-0.286877,0.362320,0.000000,0.459536,-0.464258,0.757160,0.000000,-0.049002,0.837953,0.543537,0.000000,-4.544900,5.266898,104.623206,1.000000;;,
   15680;16;-0.896709,-0.276599,0.345550,0.000000,0.439898,-0.470482,0.764942,0.000000,-0.049007,0.837937,0.543560,0.000000,-4.544900,4.331631,104.623206,1.000000;;,
   15840;16;-0.903395,-0.269315,0.333686,0.000000,0.425999,-0.474718,0.770174,0.000000,-0.049012,0.837921,0.543585,0.000000,-4.544900,3.687840,104.623206,1.000000;;,
   16000;16;-0.905980,-0.266410,0.328975,0.000000,0.420472,-0.476355,0.772198,0.000000,-0.049013,0.837920,0.543586,0.000000,-4.544900,3.437100,104.623206,1.000000;;;
  }
 }

 Animation {
  
  { _1___body }

  AnimationKey  {
   4;
   2;
   0;16;-0.000000,0.000000,1.000000,0.000000,1.000000,-0.000000,0.000000,0.000000,0.000000,1.000000,-0.000000,0.000000,0.000668,-0.002669,-66.890528,1.000000;;,
   16000;16;-0.000000,0.000000,1.000000,0.000000,1.000000,-0.000000,0.000000,0.000000,0.000000,1.000000,-0.000000,0.000000,0.000669,-0.002668,-66.890528,1.000000;;;
  }
 }

 Animation {
  
  { _3___chest }

  AnimationKey  {
   4;
   101;
   0;16;-0.160710,-0.402732,-0.901099,0.000000,0.068260,0.906245,-0.417206,0.000000,0.984638,-0.128558,-0.118152,0.000000,56.309210,0.032900,21.813894,1.000000;;,
   160;16;-0.160710,-0.402732,-0.901099,0.000000,0.068260,0.906245,-0.417206,0.000000,0.984638,-0.128558,-0.118152,0.000000,56.309094,0.032909,21.813896,1.000000;;,
   320;16;-0.160710,-0.402732,-0.901099,0.000000,0.068260,0.906245,-0.417206,0.000000,0.984638,-0.128558,-0.118152,0.000000,56.308986,0.032921,21.813904,1.000000;;,
   480;16;-0.160710,-0.402732,-0.901099,0.000000,0.068260,0.906245,-0.417206,0.000000,0.984638,-0.128558,-0.118152,0.000000,56.308870,0.032932,21.813907,1.000000;;,
   640;16;-0.160710,-0.402732,-0.901098,0.000000,0.068260,0.906245,-0.417206,0.000000,0.984638,-0.128558,-0.118152,0.000000,56.308755,0.032942,21.813915,1.000000;;,
   800;16;-0.160710,-0.402732,-0.901099,0.000000,0.068260,0.906245,-0.417206,0.000000,0.984638,-0.128558,-0.118152,0.000000,56.308640,0.032952,21.813922,1.000000;;,
   960;16;-0.160710,-0.402732,-0.901099,0.000000,0.068260,0.906245,-0.417206,0.000000,0.984638,-0.128558,-0.118152,0.000000,56.308531,0.032964,21.813923,1.000000;;,
   1120;16;-0.160710,-0.402732,-0.901099,0.000000,0.068260,0.906245,-0.417206,0.000000,0.984638,-0.128558,-0.118152,0.000000,56.308410,0.032973,21.813941,1.000000;;,
   1280;16;-0.160710,-0.402732,-0.901099,0.000000,0.068260,0.906245,-0.417206,0.000000,0.984638,-0.128558,-0.118152,0.000000,56.308301,0.032984,21.813941,1.000000;;,
   1440;16;-0.160710,-0.402732,-0.901099,0.000000,0.068260,0.906245,-0.417206,0.000000,0.984638,-0.128558,-0.118152,0.000000,56.308173,0.032995,21.813946,1.000000;;,
   1600;16;-0.160710,-0.402732,-0.901099,0.000000,0.068260,0.906245,-0.417206,0.000000,0.984638,-0.128558,-0.118152,0.000000,56.308070,0.033006,21.813952,1.000000;;,
   1760;16;-0.160710,-0.402732,-0.901098,0.000000,0.068260,0.906245,-0.417206,0.000000,0.984638,-0.128558,-0.118152,0.000000,56.307955,0.033016,21.813962,1.000000;;,
   1920;16;-0.160710,-0.402732,-0.901099,0.000000,0.068260,0.906245,-0.417206,0.000000,0.984638,-0.128558,-0.118152,0.000000,56.307840,0.033029,21.813968,1.000000;;,
   2080;16;-0.160710,-0.402732,-0.901099,0.000000,0.068260,0.906245,-0.417206,0.000000,0.984638,-0.128558,-0.118152,0.000000,56.307718,0.033041,21.813973,1.000000;;,
   2240;16;-0.160710,-0.402732,-0.901099,0.000000,0.068260,0.906245,-0.417206,0.000000,0.984638,-0.128558,-0.118152,0.000000,56.307610,0.033052,21.813976,1.000000;;,
   2400;16;-0.160710,-0.402732,-0.901099,0.000000,0.068260,0.906245,-0.417206,0.000000,0.984638,-0.128558,-0.118152,0.000000,56.307494,0.033064,21.813986,1.000000;;,
   2560;16;-0.145490,-0.404656,-0.902821,0.000000,0.068260,0.906250,-0.417194,0.000000,0.987002,-0.122324,-0.104228,0.000000,56.307386,0.033076,21.813992,1.000000;;,
   2720;16;-0.111671,-0.408488,-0.905906,0.000000,0.068246,0.906304,-0.417080,0.000000,0.991399,-0.108400,-0.073330,0.000000,56.307258,0.033087,21.813992,1.000000;;,
   2880;16;-0.071537,-0.412534,-0.908129,0.000000,0.068251,0.906303,-0.417081,0.000000,0.995100,-0.091818,-0.036678,0.000000,56.307155,0.033099,21.814006,1.000000;;,
   3040;16;-0.037528,-0.415543,-0.908799,0.000000,0.068273,0.906248,-0.417197,0.000000,0.996960,-0.077703,-0.005639,0.000000,56.307046,0.033111,21.814003,1.000000;;,
   3200;16;-0.022137,-0.416706,-0.908772,0.000000,0.068277,0.906242,-0.417209,0.000000,0.997421,-0.071284,0.008390,0.000000,56.306938,0.033122,21.814018,1.000000;;,
   3360;16;-0.022137,-0.416706,-0.908771,0.000000,0.068277,0.906242,-0.417209,0.000000,0.997421,-0.071284,0.008390,0.000000,56.306803,0.033134,21.814018,1.000000;;,
   3520;16;-0.022138,-0.416706,-0.908771,0.000000,0.068277,0.906242,-0.417209,0.000000,0.997420,-0.071284,0.008390,0.000000,56.306688,0.033147,21.814018,1.000000;;,
   3680;16;-0.022137,-0.416706,-0.908771,0.000000,0.068277,0.906242,-0.417209,0.000000,0.997420,-0.071284,0.008390,0.000000,56.306579,0.033159,21.814030,1.000000;;,
   3840;16;-0.022137,-0.416706,-0.908771,0.000000,0.068277,0.906242,-0.417209,0.000000,0.997421,-0.071284,0.008390,0.000000,56.306470,0.033170,21.814037,1.000000;;,
   4000;16;-0.022137,-0.416706,-0.908771,0.000000,0.068277,0.906242,-0.417209,0.000000,0.997421,-0.071284,0.008390,0.000000,56.306349,0.033182,21.814042,1.000000;;,
   4160;16;-0.022137,-0.416706,-0.908771,0.000000,0.068277,0.906242,-0.417209,0.000000,0.997421,-0.071284,0.008390,0.000000,56.306246,0.033194,21.814045,1.000000;;,
   4320;16;-0.022137,-0.416706,-0.908771,0.000000,0.068277,0.906242,-0.417209,0.000000,0.997421,-0.071284,0.008390,0.000000,56.306131,0.033203,21.814061,1.000000;;,
   4480;16;-0.022137,-0.416706,-0.908771,0.000000,0.068277,0.906242,-0.417209,0.000000,0.997420,-0.071284,0.008390,0.000000,56.306016,0.033216,21.814061,1.000000;;,
   4640;16;-0.022137,-0.416706,-0.908772,0.000000,0.068277,0.906242,-0.417209,0.000000,0.997421,-0.071284,0.008390,0.000000,56.305914,0.033228,21.814075,1.000000;;,
   4800;16;-0.022137,-0.416706,-0.908771,0.000000,0.068277,0.906242,-0.417209,0.000000,0.997421,-0.071284,0.008390,0.000000,56.305786,0.033239,21.814072,1.000000;;,
   4960;16;-0.022137,-0.416706,-0.908771,0.000000,0.068277,0.906242,-0.417209,0.000000,0.997420,-0.071284,0.008390,0.000000,56.305677,0.033251,21.814083,1.000000;;,
   5120;16;-0.022137,-0.416706,-0.908771,0.000000,0.068277,0.906242,-0.417209,0.000000,0.997421,-0.071284,0.008390,0.000000,56.305562,0.033264,21.814090,1.000000;;,
   5280;16;-0.022137,-0.416706,-0.908771,0.000000,0.068277,0.906242,-0.417209,0.000000,0.997420,-0.071284,0.008390,0.000000,56.305421,0.033272,21.814090,1.000000;;,
   5440;16;-0.022137,-0.416706,-0.908771,0.000000,0.068277,0.906242,-0.417209,0.000000,0.997420,-0.071284,0.008390,0.000000,56.305331,0.033283,21.814096,1.000000;;,
   5600;16;-0.022137,-0.416706,-0.908771,0.000000,0.068277,0.906242,-0.417209,0.000000,0.997421,-0.071284,0.008390,0.000000,56.305216,0.033291,21.814102,1.000000;;,
   5760;16;-0.022138,-0.416706,-0.908771,0.000000,0.068277,0.906242,-0.417209,0.000000,0.997421,-0.071284,0.008390,0.000000,56.305114,0.033306,21.814112,1.000000;;,
   5920;16;-0.022137,-0.416706,-0.908771,0.000000,0.068277,0.906242,-0.417209,0.000000,0.997421,-0.071284,0.008390,0.000000,56.304992,0.033318,21.814122,1.000000;;,
   6080;16;-0.022137,-0.416706,-0.908771,0.000000,0.068277,0.906242,-0.417209,0.000000,0.997421,-0.071284,0.008390,0.000000,56.304870,0.033333,21.814122,1.000000;;,
   6240;16;-0.022137,-0.416706,-0.908771,0.000000,0.068277,0.906242,-0.417209,0.000000,0.997421,-0.071284,0.008390,0.000000,56.304768,0.033340,21.814130,1.000000;;,
   6400;16;-0.022137,-0.416706,-0.908771,0.000000,0.068277,0.906242,-0.417209,0.000000,0.997421,-0.071284,0.008390,0.000000,56.304646,0.033356,21.814136,1.000000;;,
   6560;16;-0.022137,-0.416706,-0.908771,0.000000,0.068277,0.906242,-0.417209,0.000000,0.997421,-0.071284,0.008390,0.000000,56.304538,0.033367,21.814144,1.000000;;,
   6720;16;-0.022137,-0.416706,-0.908771,0.000000,0.068277,0.906242,-0.417209,0.000000,0.997421,-0.071284,0.008390,0.000000,56.304422,0.033367,21.814152,1.000000;;,
   6880;16;-0.022137,-0.416706,-0.908771,0.000000,0.068277,0.906242,-0.417209,0.000000,0.997420,-0.071284,0.008390,0.000000,56.304301,0.033382,21.814150,1.000000;;,
   7040;16;-0.022137,-0.416706,-0.908771,0.000000,0.068277,0.906242,-0.417209,0.000000,0.997421,-0.071284,0.008390,0.000000,56.304192,0.033394,21.814160,1.000000;;,
   7200;16;-0.022137,-0.416706,-0.908771,0.000000,0.068277,0.906242,-0.417209,0.000000,0.997420,-0.071284,0.008390,0.000000,56.304070,0.033398,21.814166,1.000000;;,
   7360;16;-0.022137,-0.416706,-0.908771,0.000000,0.068277,0.906242,-0.417209,0.000000,0.997421,-0.071284,0.008390,0.000000,56.303949,0.033413,21.814170,1.000000;;,
   7520;16;-0.022137,-0.416706,-0.908771,0.000000,0.068277,0.906242,-0.417209,0.000000,0.997420,-0.071284,0.008390,0.000000,56.303846,0.033436,21.814174,1.000000;;,
   7680;16;-0.022137,-0.416706,-0.908771,0.000000,0.068277,0.906242,-0.417209,0.000000,0.997420,-0.071284,0.008390,0.000000,56.303731,0.033436,21.814182,1.000000;;,
   7840;16;-0.022138,-0.416706,-0.908771,0.000000,0.068277,0.906242,-0.417209,0.000000,0.997421,-0.071284,0.008390,0.000000,56.303622,0.033451,21.814189,1.000000;;,
   8000;16;-0.022137,-0.416706,-0.908771,0.000000,0.068277,0.906242,-0.417209,0.000000,0.997421,-0.071284,0.008390,0.000000,56.303514,0.033466,21.814197,1.000000;;,
   8160;16;-0.022137,-0.416706,-0.908771,0.000000,0.068277,0.906242,-0.417209,0.000000,0.997421,-0.071284,0.008390,0.000000,56.303386,0.033470,21.814200,1.000000;;,
   8320;16;-0.022137,-0.416706,-0.908771,0.000000,0.068277,0.906242,-0.417209,0.000000,0.997421,-0.071284,0.008390,0.000000,56.303290,0.033485,21.814211,1.000000;;,
   8480;16;-0.022137,-0.416706,-0.908771,0.000000,0.068277,0.906242,-0.417209,0.000000,0.997420,-0.071284,0.008390,0.000000,56.303162,0.033485,21.814213,1.000000;;,
   8640;16;-0.022137,-0.416706,-0.908771,0.000000,0.068277,0.906242,-0.417209,0.000000,0.997421,-0.071284,0.008390,0.000000,56.303053,0.033508,21.814222,1.000000;;,
   8800;16;-0.022137,-0.416706,-0.908771,0.000000,0.068277,0.906242,-0.417209,0.000000,0.997421,-0.071284,0.008390,0.000000,56.302950,0.033520,21.814222,1.000000;;,
   8960;16;-0.022137,-0.416706,-0.908772,0.000000,0.068277,0.906242,-0.417209,0.000000,0.997421,-0.071284,0.008390,0.000000,56.302829,0.033531,21.814234,1.000000;;,
   9120;16;-0.022137,-0.416706,-0.908771,0.000000,0.068277,0.906242,-0.417209,0.000000,0.997421,-0.071284,0.008390,0.000000,56.302714,0.033543,21.814234,1.000000;;,
   9280;16;-0.022137,-0.416706,-0.908771,0.000000,0.068277,0.906242,-0.417209,0.000000,0.997421,-0.071284,0.008390,0.000000,56.302598,0.033558,21.814243,1.000000;;,
   9440;16;-0.022138,-0.416706,-0.908771,0.000000,0.068277,0.906242,-0.417209,0.000000,0.997421,-0.071284,0.008389,0.000000,56.302490,0.033569,21.814251,1.000000;;,
   9600;16;-0.022137,-0.416706,-0.908771,0.000000,0.068277,0.906242,-0.417209,0.000000,0.997421,-0.071284,0.008390,0.000000,56.302368,0.033569,21.814254,1.000000;;,
   9760;16;-0.022137,-0.416706,-0.908771,0.000000,0.068277,0.906242,-0.417209,0.000000,0.997421,-0.071284,0.008390,0.000000,56.302253,0.033588,21.814266,1.000000;;,
   9920;16;-0.022137,-0.416706,-0.908771,0.000000,0.068277,0.906242,-0.417209,0.000000,0.997420,-0.071284,0.008390,0.000000,56.302138,0.033592,21.814270,1.000000;;,
   10080;16;-0.022137,-0.416706,-0.908772,0.000000,0.068277,0.906242,-0.417209,0.000000,0.997421,-0.071284,0.008390,0.000000,56.302029,0.033600,21.814272,1.000000;;,
   10240;16;-0.022137,-0.416706,-0.908771,0.000000,0.068277,0.906242,-0.417209,0.000000,0.997421,-0.071284,0.008390,0.000000,56.301920,0.033623,21.814283,1.000000;;,
   10400;16;-0.022137,-0.416706,-0.908771,0.000000,0.068277,0.906242,-0.417209,0.000000,0.997420,-0.071284,0.008390,0.000000,56.301798,0.033627,21.814291,1.000000;;,
   10560;16;-0.022137,-0.416706,-0.908771,0.000000,0.068277,0.906242,-0.417209,0.000000,0.997421,-0.071284,0.008390,0.000000,56.301696,0.033642,21.814294,1.000000;;,
   10720;16;-0.022137,-0.416706,-0.908771,0.000000,0.068277,0.906242,-0.417209,0.000000,0.997421,-0.071284,0.008390,0.000000,56.301581,0.033646,21.814301,1.000000;;,
   10880;16;-0.022137,-0.416706,-0.908771,0.000000,0.068277,0.906242,-0.417209,0.000000,0.997421,-0.071284,0.008390,0.000000,56.301466,0.033661,21.814302,1.000000;;,
   11040;16;-0.022137,-0.416706,-0.908771,0.000000,0.068277,0.906242,-0.417209,0.000000,0.997420,-0.071284,0.008390,0.000000,56.301338,0.033665,21.814310,1.000000;;,
   11200;16;-0.022137,-0.416706,-0.908771,0.000000,0.068277,0.906242,-0.417209,0.000000,0.997421,-0.071284,0.008390,0.000000,56.301229,0.033680,21.814320,1.000000;;,
   11360;16;-0.022137,-0.416706,-0.908771,0.000000,0.068277,0.906242,-0.417209,0.000000,0.997420,-0.071284,0.008390,0.000000,56.301107,0.033699,21.814320,1.000000;;,
   11520;16;-0.022137,-0.416706,-0.908771,0.000000,0.068277,0.906242,-0.417209,0.000000,0.997420,-0.071284,0.008390,0.000000,56.301005,0.033707,21.814334,1.000000;;,
   11680;16;-0.022137,-0.416706,-0.908771,0.000000,0.068277,0.906242,-0.417209,0.000000,0.997421,-0.071284,0.008390,0.000000,56.300883,0.033714,21.814339,1.000000;;,
   11840;16;-0.022137,-0.416706,-0.908771,0.000000,0.068277,0.906242,-0.417209,0.000000,0.997421,-0.071285,0.008390,0.000000,56.300774,0.033730,21.814342,1.000000;;,
   12000;16;-0.022137,-0.416706,-0.908771,0.000000,0.068277,0.906242,-0.417209,0.000000,0.997420,-0.071284,0.008390,0.000000,56.300653,0.033741,21.814346,1.000000;;,
   12160;16;-0.022137,-0.416706,-0.908771,0.000000,0.068277,0.906242,-0.417209,0.000000,0.997421,-0.071284,0.008390,0.000000,56.300557,0.033752,21.814358,1.000000;;,
   12320;16;-0.022137,-0.416706,-0.908771,0.000000,0.068277,0.906242,-0.417209,0.000000,0.997421,-0.071284,0.008390,0.000000,56.300435,0.033756,21.814362,1.000000;;,
   12480;16;-0.022137,-0.416706,-0.908771,0.000000,0.068277,0.906242,-0.417209,0.000000,0.997420,-0.071284,0.008390,0.000000,56.300307,0.033772,21.814370,1.000000;;,
   12640;16;-0.022137,-0.416706,-0.908771,0.000000,0.068277,0.906242,-0.417209,0.000000,0.997421,-0.071284,0.008390,0.000000,56.300205,0.033791,21.814370,1.000000;;,
   12800;16;-0.022137,-0.416706,-0.908771,0.000000,0.068277,0.906242,-0.417209,0.000000,0.997421,-0.071284,0.008390,0.000000,56.300096,0.033798,21.814378,1.000000;;,
   12960;16;-0.022137,-0.416706,-0.908771,0.000000,0.068277,0.906242,-0.417209,0.000000,0.997421,-0.071284,0.008390,0.000000,56.299974,0.033806,21.814384,1.000000;;,
   13120;16;-0.022137,-0.416706,-0.908771,0.000000,0.068277,0.906242,-0.417209,0.000000,0.997420,-0.071284,0.008390,0.000000,56.299859,0.033813,21.814392,1.000000;;,
   13280;16;-0.022137,-0.416706,-0.908771,0.000000,0.068277,0.906242,-0.417209,0.000000,0.997421,-0.071284,0.008390,0.000000,56.299757,0.033829,21.814400,1.000000;;,
   13440;16;-0.022137,-0.416706,-0.908771,0.000000,0.068277,0.906242,-0.417209,0.000000,0.997421,-0.071284,0.008390,0.000000,56.299635,0.033833,21.814403,1.000000;;,
   13600;16;-0.022137,-0.416706,-0.908771,0.000000,0.068277,0.906242,-0.417209,0.000000,0.997420,-0.071284,0.008390,0.000000,56.299507,0.033848,21.814408,1.000000;;,
   13760;16;-0.022137,-0.416706,-0.908771,0.000000,0.068277,0.906242,-0.417209,0.000000,0.997421,-0.071284,0.008390,0.000000,56.299405,0.033855,21.814414,1.000000;;,
   13920;16;-0.022137,-0.416706,-0.908771,0.000000,0.068277,0.906242,-0.417209,0.000000,0.997421,-0.071284,0.008390,0.000000,56.299296,0.033863,21.814419,1.000000;;,
   14080;16;-0.022137,-0.416706,-0.908771,0.000000,0.068277,0.906242,-0.417209,0.000000,0.997421,-0.071284,0.008390,0.000000,56.299181,0.033875,21.814430,1.000000;;,
   14240;16;-0.022137,-0.416706,-0.908771,0.000000,0.068277,0.906242,-0.417209,0.000000,0.997421,-0.071284,0.008390,0.000000,56.299066,0.033882,21.814430,1.000000;;,
   14400;16;-0.022137,-0.416706,-0.908771,0.000000,0.068277,0.906242,-0.417209,0.000000,0.997421,-0.071284,0.008390,0.000000,56.298950,0.033897,21.814438,1.000000;;,
   14560;16;-0.022137,-0.416706,-0.908771,0.000000,0.068277,0.906242,-0.417209,0.000000,0.997421,-0.071284,0.008390,0.000000,56.298835,0.033913,21.814438,1.000000;;,
