xof 0303txt 0032
template Frame {
 <3d82ab46-62da-11cf-ab39-0020af71e433>
 [...]
}

template Matrix4x4 {
 <f6f23f45-7686-11cf-8f52-0040333594a3>
 array FLOAT matrix[16];
}

template FrameTransformMatrix {
 <f6f23f41-7686-11cf-8f52-0040333594a3>
 Matrix4x4 frameMatrix;
}

template AnimTicksPerSecond {
 <9e415a43-7ba6-4a73-8743-b73d47e88476>
 DWORD AnimTicksPerSecond;
}

template Animation {
 <3d82ab4f-62da-11cf-ab39-0020af71e433>
 [...]
}

template AnimationSet {
 <3d82ab50-62da-11cf-ab39-0020af71e433>
 [Animation <3d82ab4f-62da-11cf-ab39-0020af71e433>]
}

template FloatKeys {
 <10dd46a9-775b-11cf-8f52-0040333594a3>
 DWORD nValues;
 array FLOAT values[nValues];
}

template TimedFloatKeys {
 <f406b180-7b3b-11cf-8f52-0040333594a3>
 DWORD time;
 FloatKeys tfkeys;
}

template AnimationKey {
 <10dd46a8-775b-11cf-8f52-0040333594a3>
 DWORD keyType;
 DWORD nKeys;
 array TimedFloatKeys keys[nKeys];
}


Frame ARM_nao_framework {
 

 FrameTransformMatrix {
  -0.003937,0.000000,-0.000000,0.000000,-0.000000,-0.000000,0.003937,0.000000,-0.000000,0.003937,0.000000,0.000000,0.000000,0.000000,0.000000,1.000000;;
 }

 Frame _0__-com {
  

  FrameTransformMatrix {
   1.000000,0.000038,0.000001,0.000000,0.000001,-0.057996,0.998317,0.000000,0.000038,-0.998317,-0.057996,0.000000,-8.644000,4.892300,115.052403,1.000000;;
  }

  Frame _1___body {
   

   FrameTransformMatrix {
    0.000108,-0.000007,0.999986,0.000000,0.984798,-0.173607,-0.000107,0.000000,0.173607,0.984801,-0.000012,0.000000,-0.000001,0.000000,0.064001,1.000000;;
   }

   Frame _3___chest1 {
    

    FrameTransformMatrix {
     0.970397,-0.064743,0.232678,0.000000,0.040283,0.993293,0.108384,0.000000,-0.238134,-0.095802,0.966496,0.000000,-0.812562,-1.025934,5.821686,1.000000;;
    }

    Frame _8___belt1 {
     

     FrameTransformMatrix {
      -0.997771,0.014386,-0.065720,0.000000,0.010183,0.997908,0.063839,0.000000,0.066501,0.063028,-0.995830,0.000000,8.151796,-0.000408,-2.211708,1.000000;;
     }

     Frame _15___belt2 {
      

      FrameTransformMatrix {
       0.979111,0.000509,-0.203327,0.000000,0.003231,0.999831,0.018064,0.000000,0.203302,-0.018343,0.978944,0.000000,0.000378,-0.000585,15.935165,1.000000;;
      }

      Frame _15___belt2_end {
       

       FrameTransformMatrix {
        1.000000,0.000000,-0.000000,0.000000,0.000000,1.000000,0.000000,0.000000,0.000000,-0.000000,1.000000,0.000000,0.000000,0.000000,1.000038,1.000000;;
       }
      }
     }
    }

    Frame _9___chest2 {
     

     FrameTransformMatrix {
      0.961304,-0.109949,0.252597,0.000000,0.081027,0.989191,0.122209,0.000000,-0.263304,-0.097013,0.959823,0.000000,-0.014406,0.001650,11.392052,1.000000;;
     }

     Frame _16___breast {
      

      FrameTransformMatrix {
       0.143995,0.003092,-0.989572,0.000000,-0.000866,0.999995,0.002998,0.000000,0.989576,0.000426,0.143997,0.000000,-2.807156,-0.000139,1.433785,1.000000;;
      }

      Frame _16___breast_end {
       

       FrameTransformMatrix {
        1.000000,0.000000,0.000000,0.000000,0.000000,1.000000,0.000000,0.000000,0.000000,-0.000000,1.000000,0.000000,-0.000008,0.000001,1.000023,1.000000;;
       }
      }
     }

     Frame _17__-neck {
      

      FrameTransformMatrix {
       0.945529,0.000010,-0.325540,0.000000,-0.000003,1.000000,0.000021,0.000000,0.325540,-0.000019,0.945529,0.000000,-0.003532,-0.000768,19.662034,1.000000;;
      }

      Frame _23___head {
       

       FrameTransformMatrix {
        0.973671,0.074191,-0.215547,0.000000,-0.098748,0.989507,-0.105478,0.000000,0.205460,0.123986,0.970780,0.000000,0.000022,0.000085,4.788574,1.000000;;
       }

       Frame _27___ponytaill1 {
        

        FrameTransformMatrix {
         -0.993959,0.005243,0.109631,0.000000,0.023763,0.985447,0.168317,0.000000,-0.107153,0.169905,-0.979618,0.000000,-4.678278,7.388442,17.703568,1.000000;;
        }

        Frame _33___ponytaill2 {
         

         FrameTransformMatrix {
          0.978985,0.000914,0.203932,0.000000,-0.023085,0.994059,0.106368,0.000000,-0.202623,-0.108840,0.973189,0.000000,-0.024403,0.000004,22.978302,1.000000;;
         }

         Frame _33___ponytaill2_end {
          

          FrameTransformMatrix {
           1.000000,-0.000000,0.000000,0.000000,0.000000,1.000000,0.000000,0.000000,-0.000000,0.000000,1.000000,0.000000,-0.000002,0.000000,1.000046,1.000000;;
          }
         }
        }
       }

       Frame _28___ponytailr1 {
        

        FrameTransformMatrix {
         -0.993959,-0.005243,0.109632,0.000000,-0.023763,0.985447,-0.168316,0.000000,-0.107154,-0.169905,-0.979618,0.000000,-4.677690,-7.388479,17.703507,1.000000;;
        }

        Frame _34___ponytailr2 {
         

         FrameTransformMatrix {
          0.978995,-0.000962,0.203882,0.000000,0.037189,0.984055,-0.173932,0.000000,-0.200464,0.177861,0.963421,0.000000,-0.024399,0.000008,22.978317,1.000000;;
         }

         Frame _34___ponytailr2_end {
          

          FrameTransformMatrix {
           1.000000,0.000000,0.000000,0.000000,-0.000000,1.000000,-0.000000,0.000000,0.000000,0.000000,1.000000,0.000000,0.000000,-0.000002,1.000061,1.000000;;
          }
         }
        }
       }

       Frame _29___shortaill {
        

        FrameTransformMatrix {
         0.751538,0.052511,0.657596,0.000000,0.014493,-0.997900,0.063122,0.000000,0.659530,-0.037908,-0.750721,0.000000,5.729136,8.906744,4.352417,1.000000;;
        }

        Frame _29___shortaill_end {
         

         FrameTransformMatrix {
          1.000000,0.000000,-0.000000,0.000000,0.000000,1.000000,0.000000,0.000000,-0.000000,-0.000000,1.000000,0.000000,0.000000,0.000002,1.000000,1.000000;;
         }
        }
       }

       Frame _30___shortailr {
        

        FrameTransformMatrix {
         0.875000,-0.044025,0.482117,0.000000,0.018566,-0.992073,-0.124287,0.000000,0.483767,0.117703,-0.867246,0.000000,5.729839,-8.906206,4.351974,1.000000;;
        }

        Frame _30___shortailr_end {
         

         FrameTransformMatrix {
          1.000000,0.000000,-0.000000,0.000000,0.000000,1.000000,0.000000,0.000000,0.000000,0.000000,1.000000,0.000000,0.000000,0.000001,0.999985,1.000000;;
         }
        }
       }
      }

      Frame _24__-claviclel {
       

       FrameTransformMatrix {
        -0.883044,0.356846,-0.304778,0.000000,-0.335238,-0.025197,0.941795,0.000000,0.328397,0.933822,0.141879,0.000000,-0.093010,2.222847,-0.557617,1.000000;;
       }

       Frame _31___arm1l {
        

        FrameTransformMatrix {
         0.998161,-0.008681,0.059993,0.000000,-0.060614,-0.132145,0.989376,0.000000,-0.000661,-0.991193,-0.132428,0.000000,-0.000126,-0.000015,9.141174,1.000000;;
        }

        Frame _35___arm2l {
         

         FrameTransformMatrix {
          0.998550,0.000027,0.053841,0.000000,-0.000028,1.000000,0.000014,0.000000,-0.053841,-0.000015,0.998550,0.000000,0.000870,-0.000597,24.301994,1.000000;;
         }

         Frame _37___sonl {
          

          FrameTransformMatrix {
           0.436776,-0.740472,-0.510794,0.000000,0.819995,0.561215,-0.112394,0.000000,0.369895,-0.369762,0.852320,0.000000,-0.001225,0.000023,21.827042,1.000000;;
          }

          Frame _39___handtooll {
           

           FrameTransformMatrix {
            -0.999911,0.000956,0.012701,0.000000,-0.012734,-0.095139,-0.995378,0.000000,0.000257,-0.995460,0.095144,0.000000,0.777046,-0.823431,7.656227,1.000000;;
           }

           Frame _39___handtooll_end {
            

            FrameTransformMatrix {
             1.000000,0.000000,0.000000,0.000000,-0.000000,1.000000,0.000000,0.000000,-0.000000,0.000000,1.000000,0.000000,-0.000001,0.000015,1.000007,1.000000;;
            }
           }
          }
         }
        }
       }
      }

      Frame _25__-clavicler {
       

       FrameTransformMatrix {
        -0.883057,-0.356728,-0.304884,0.000000,0.329522,-0.008812,-0.944107,0.000000,0.334103,-0.934166,0.125331,0.000000,-0.093068,-2.222836,-0.557449,1.000000;;
       }

       Frame _32___arm1r {
        

        FrameTransformMatrix {
         0.912118,0.075506,0.402915,0.000000,0.406526,-0.040227,-0.912754,0.000000,-0.052710,0.996335,-0.067387,0.000000,-0.000214,-0.000275,9.141086,1.000000;;
        }

        Frame _36___arm2r {
         

         FrameTransformMatrix {
          0.999999,-0.000015,0.001497,0.000000,0.000015,1.000000,0.000017,0.000000,-0.001497,-0.000017,0.999999,0.000000,0.000885,-0.000057,24.300354,1.000000;;
         }

         Frame _38___sonr {
          

          FrameTransformMatrix {
           0.479585,0.723536,-0.496512,0.000000,-0.876639,0.369756,-0.307931,0.000000,-0.039210,0.582924,0.811587,0.000000,0.000969,0.000763,21.828018,1.000000;;
          }

          Frame _40___handtoolr {
           

           FrameTransformMatrix {
            0.999918,0.000809,-0.012792,0.000000,-0.012811,0.095089,-0.995382,0.000000,0.000411,0.995464,0.095092,0.000000,0.776933,0.823307,7.655449,1.000000;;
           }

           Frame _40___handtoolr_end {
            

            FrameTransformMatrix {
             1.000000,-0.000000,0.000000,0.000000,0.000000,1.000000,-0.000000,0.000000,0.000000,0.000000,1.000000,0.000000,0.000000,-0.000008,1.000011,1.000000;;
            }
           }
          }
         }
        }
       }
      }
     }
    }
   }

   Frame _4___leg1l {
    

    FrameTransformMatrix {
     0.972152,-0.234246,-0.007015,0.000000,-0.228620,-0.941375,-0.248078,0.000000,0.051507,0.242773,-0.968713,0.000000,0.000170,6.246388,0.000336,1.000000;;
    }

    Frame _10___leg2l {
     

     FrameTransformMatrix {
      0.876060,0.000022,0.482195,0.000000,-0.000017,1.000000,-0.000015,0.000000,-0.482195,0.000005,0.876060,0.000000,0.001493,0.000276,48.598227,1.000000;;
     }

     Frame _18__-footl {
      

      FrameTransformMatrix {
       0.968876,0.004214,-0.247512,0.000000,-0.020946,0.997665,-0.065008,0.000000,0.246660,0.068169,0.966701,0.000000,0.000023,-0.000896,48.602288,1.000000;;
      }

      Frame _18__-footl_end {
       

       FrameTransformMatrix {
        1.000000,0.000000,0.000000,0.000000,-0.000000,1.000000,-0.000000,0.000000,0.000000,0.000000,1.000000,0.000000,-0.000004,0.000001,1.000001,1.000000;;
       }
      }
     }
    }
   }

   Frame _5___leg1r {
    

    FrameTransformMatrix {
     0.877982,0.468311,0.099153,0.000000,0.478687,-0.858060,-0.185971,0.000000,-0.002013,0.210742,-0.977536,0.000000,-0.000175,-6.246403,-0.000237,1.000000;;
    }

    Frame _11___leg2r {
     

     FrameTransformMatrix {
      0.999422,0.000000,0.033993,0.000000,-0.000000,1.000000,0.000000,0.000000,-0.033993,-0.000000,0.999422,0.000000,0.001865,-0.000602,48.599456,1.000000;;
     }

     Frame _19__-footr {
      

      FrameTransformMatrix {
       0.962981,0.256827,-0.081895,0.000000,-0.260069,0.965075,-0.031550,0.000000,0.070932,0.051681,0.996141,0.000000,-0.001644,0.000962,48.602454,1.000000;;
      }

      Frame _19__-footr_end {
       

       FrameTransformMatrix {
        1.000000,-0.000000,-0.000000,0.000000,-0.000000,1.000000,-0.000000,0.000000,0.000000,-0.000000,1.000000,0.000000,-0.000001,-0.000001,1.000002,1.000000;;
       }
      }
     }
    }

    Frame _12___skirts1 {
     

     FrameTransformMatrix {
      0.494982,-0.868767,0.015342,0.000000,0.868724,0.494446,-0.028992,0.000000,0.017602,0.027678,0.999462,0.000000,-2.299589,8.194130,2.713608,1.000000;;
     }

     Frame _20___skirts2 {
      

      FrameTransformMatrix {
       0.975043,-0.221693,-0.011949,0.000000,0.222000,0.972943,0.064016,0.000000,-0.002566,-0.065071,0.997877,0.000000,0.000719,0.002048,44.575629,1.000000;;
      }

      Frame _26___skirts3 {
       

       FrameTransformMatrix {
        0.994982,-0.013946,0.099080,0.000000,-0.000050,0.990170,0.139871,0.000000,-0.100056,-0.139174,0.985200,0.000000,-0.001774,0.000581,33.197750,1.000000;;
       }

       Frame _26___skirts3_end {
        

        FrameTransformMatrix {
         1.000000,-0.000000,0.000000,0.000000,0.000000,1.000000,0.000000,0.000000,-0.000000,0.000000,1.000000,0.000000,-0.000002,0.000000,1.000019,1.000000;;
        }
       }
      }
     }
    }
   }

   Frame _6___skirtb1 {
    

    FrameTransformMatrix {
     -0.995142,-0.087865,-0.044386,0.000000,-0.095507,0.971021,0.219083,0.000000,0.023850,0.222258,-0.974696,0.000000,-10.981043,-0.000652,-12.377052,1.000000;;
    }

    Frame _13___skirtb2 {
     

     FrameTransformMatrix {
      0.889991,-0.384151,-0.245651,0.000000,0.368700,0.923254,-0.107993,0.000000,0.268283,0.005541,0.963324,0.000000,0.001358,0.000821,33.329606,1.000000;;
     }

     Frame _21___skirtb3 {
      

      FrameTransformMatrix {
       0.994653,0.019105,0.101488,0.000000,-0.030960,0.992701,0.116560,0.000000,-0.098520,-0.119079,0.987985,0.000000,-0.000431,-0.000239,34.715370,1.000000;;
      }

      Frame _21___skirtb3_end {
       

       FrameTransformMatrix {
        1.000000,-0.000000,0.000000,0.000000,-0.000000,1.000000,0.000000,0.000000,0.000000,0.000000,1.000000,0.000000,0.000000,0.000000,1.000002,1.000000;;
       }
      }
     }
    }
   }

   Frame _7___skirtf1 {
    

    FrameTransformMatrix {
     -0.990628,0.090860,-0.101994,0.000000,0.072742,0.982912,0.169095,0.000000,0.115615,0.160091,-0.980309,0.000000,9.827906,-0.000126,-3.337975,1.000000;;
    }

    Frame _14___skirtf2 {
     

     FrameTransformMatrix {
      0.994290,-0.038439,-0.099545,0.000000,0.028123,0.994280,-0.103038,0.000000,0.102937,0.099650,0.989683,0.000000,-0.000387,0.001852,46.715866,1.000000;;
     }

     Frame _22___skirtf3 {
      

      FrameTransformMatrix {
       0.994782,0.075615,-0.068493,0.000000,-0.081506,0.992802,-0.087750,0.000000,0.061365,0.092875,0.993785,0.000000,-0.000853,0.000770,30.359110,1.000000;;
      }

      Frame _22___skirtf3_end {
       

       FrameTransformMatrix {
        1.000000,-0.000000,-0.000000,0.000000,-0.000000,1.000000,0.000000,0.000000,0.000000,0.000000,1.000000,0.000000,0.000000,0.000000,0.999954,1.000000;;
       }
      }
     }
    }
   }
  }

  Frame _2__-footsteps {
   

   FrameTransformMatrix {
    0.000038,-0.057996,-0.998317,0.000000,0.000001,0.998317,-0.057996,0.000000,1.000000,0.000001,0.000038,0.000000,-0.000001,-114.177677,6.632301,1.000000;;
   }

   Frame _2__-footsteps_end {
    

    FrameTransformMatrix {
     1.000000,0.000000,0.000000,0.000000,0.000000,1.000000,0.000000,0.000000,0.000000,-0.000000,1.000000,0.000000,0.000000,0.000000,1.000000,1.000000;;
    }
   }
  }
 }
}

AnimTicksPerSecond  {
 4800;
}

AnimationSet Anims_1 {
 

 Animation {
  
  { ARM_nao_framework }

  AnimationKey S {
   1;
   2;
   0;3;0.003937,0.003937,0.003937;;,
   57600;3;0.003937,0.003937,0.003937;;;
  }

  AnimationKey R {
   0;
   2;
   0;4;-0.000000,-0.000000,0.707107,0.707107;;,
   57600;4;-0.000000,-0.000000,0.707107,0.707107;;;
  }

  AnimationKey T {
   2;
   2;
   0;3;0.000000,0.000000,0.000000;;,
   57600;3;0.000000,0.000000,0.000000;;;
  }
 }

 Animation {
  
  { _0__-com }

  AnimationKey S {
   1;
   2;
   0;3;1.000000,1.000000,1.000000;;,
   57600;3;1.000000,1.000000,1.000000;;;
  }

  AnimationKey R {
   0;
   290;
   0;4;0.686296,-0.727323,-0.000014,-0.000014;;,
   320;4;0.686350,-0.727272,-0.000014,-0.000014;;,
   480;4;0.686457,-0.727170,-0.000014,-0.000014;;,
   800;4;0.686511,-0.727119,-0.000014,-0.000014;;,
   960;4;0.686619,-0.727018,-0.000014,-0.000014;;,
   1280;4;0.686673,-0.726967,-0.000014,-0.000014;;,
   1440;4;0.686780,-0.726865,-0.000014,-0.000014;;,
   1760;4;0.686834,-0.726814,-0.000014,-0.000014;;,
   1920;4;0.686942,-0.726712,-0.000014,-0.000013;;,
   2240;4;0.686996,-0.726661,-0.000014,-0.000013;;,
   2400;4;0.687103,-0.726560,-0.000014,-0.000013;;,
   2720;4;0.687157,-0.726509,-0.000014,-0.000013;;,
   2880;4;0.687265,-0.726407,-0.000014,-0.000013;;,
   3200;4;0.687319,-0.726356,-0.000014,-0.000013;;,
   3360;4;0.687426,-0.726254,-0.000014,-0.000013;;,
   3680;4;0.687480,-0.726203,-0.000014,-0.000013;;,
   3840;4;0.687686,-0.726008,-0.000014,-0.000013;;,
   4000;4;0.687805,-0.725895,-0.000014,-0.000013;;,
   4160;4;0.687924,-0.725782,-0.000014,-0.000013;;,
   4320;4;0.688044,-0.725669,-0.000014,-0.000013;;,
   4480;4;0.688163,-0.725556,-0.000014,-0.000013;;,
   4640;4;0.688282,-0.725443,-0.000014,-0.000013;;,
   4800;4;0.688401,-0.725330,-0.000014,-0.000013;;,
   4960;4;0.688520,-0.725217,-0.000014,-0.000013;;,
   5120;4;0.688640,-0.725104,-0.000014,-0.000013;;,
   5280;4;0.688759,-0.724991,-0.000014,-0.000013;;,
   5440;4;0.688884,-0.724872,-0.000014,-0.000013;;,
   5600;4;0.689029,-0.724734,-0.000014,-0.000013;;,
   5760;4;0.689174,-0.724596,-0.000014,-0.000013;;,
   5920;4;0.689319,-0.724458,-0.000014,-0.000013;;,
   6080;4;0.689464,-0.724320,-0.000014,-0.000013;;,
   6240;4;0.689608,-0.724183,-0.000014,-0.000013;;,
   6400;4;0.689753,-0.724045,-0.000014,-0.000013;;,
   6560;4;0.689898,-0.723907,-0.000014,-0.000013;;,
   6720;4;0.690042,-0.723769,-0.000014,-0.000013;;,
   6880;4;0.690195,-0.723623,-0.000014,-0.000013;;,
   7040;4;0.690356,-0.723470,-0.000014,-0.000013;;,
   7200;4;0.690517,-0.723316,-0.000014,-0.000013;;,
   7360;4;0.690678,-0.723163,-0.000014,-0.000013;;,
   7520;4;0.690838,-0.723010,-0.000014,-0.000013;;,
   7680;4;0.690999,-0.722856,-0.000014,-0.000013;;,
   7840;4;0.691159,-0.722703,-0.000014,-0.000013;;,
   8000;4;0.691320,-0.722549,-0.000014,-0.000013;;,
   8160;4;0.691492,-0.722385,-0.000014,-0.000013;;,
   8320;4;0.691663,-0.722220,-0.000014,-0.000013;;,
   8480;4;0.691835,-0.722055,-0.000014,-0.000013;;,
   8640;4;0.692007,-0.721891,-0.000014,-0.000013;;,
   8800;4;0.692179,-0.721726,-0.000014,-0.000013;;,
   8960;4;0.692350,-0.721562,-0.000014,-0.000013;;,
   9120;4;0.692522,-0.721397,-0.000014,-0.000013;;,
   9280;4;0.692698,-0.721228,-0.000014,-0.000013;;,
   9440;4;0.692879,-0.721054,-0.000014,-0.000013;;,
   9600;4;0.693059,-0.720881,-0.000014,-0.000013;;,
   9760;4;0.693240,-0.720707,-0.000014,-0.000013;;,
   9920;4;0.693420,-0.720534,-0.000014,-0.000013;;,
   10080;4;0.693601,-0.720360,-0.000014,-0.000013;;,
   10240;4;0.693781,-0.720186,-0.000014,-0.000013;;,
   10400;4;0.693961,-0.720012,-0.000014,-0.000013;;,
   10560;4;0.694148,-0.719832,-0.000014,-0.000013;;,
   10720;4;0.694335,-0.719652,-0.000014,-0.000013;;,
   10880;4;0.694522,-0.719471,-0.000014,-0.000013;;,
   11040;4;0.694709,-0.719291,-0.000014,-0.000013;;,
   11200;4;0.694896,-0.719110,-0.000014,-0.000013;;,
   11360;4;0.695083,-0.718930,-0.000014,-0.000013;;,
   11520;4;0.695273,-0.718746,-0.000014,-0.000013;;,
   11680;4;0.695464,-0.718561,-0.000014,-0.000013;;,
   11840;4;0.695656,-0.718376,-0.000014,-0.000013;;,
   12000;4;0.695847,-0.718190,-0.000014,-0.000013;;,
   12160;4;0.696038,-0.718005,-0.000014,-0.000013;;,
   12320;4;0.696229,-0.717820,-0.000014,-0.000013;;,
   12480;4;0.696426,-0.717628,-0.000014,-0.000013;;,
   12640;4;0.696629,-0.717431,-0.000014,-0.000013;;,
   12800;4;0.696833,-0.717234,-0.000014,-0.000013;;,
   12960;4;0.697036,-0.717037,-0.000014,-0.000013;;,
   13120;4;0.697239,-0.716839,-0.000014,-0.000013;;,
   13280;4;0.697442,-0.716642,-0.000014,-0.000013;;,
   13440;4;0.697646,-0.716443,-0.000014,-0.000013;;,
   13600;4;0.697854,-0.716240,-0.000014,-0.000013;;,
   13760;4;0.698062,-0.716038,-0.000014,-0.000013;;,
   13920;4;0.698270,-0.715835,-0.000014,-0.000013;;,
   14080;4;0.698478,-0.715632,-0.000014,-0.000013;;,
   14240;4;0.698685,-0.715429,-0.000014,-0.000013;;,
   14400;4;0.698893,-0.715226,-0.000014,-0.000013;;,
   14560;4;0.699067,-0.715056,-0.000014,-0.000013;;,
   14720;4;0.699241,-0.714886,-0.000014,-0.000013;;,
   14880;4;0.699415,-0.714715,-0.000014,-0.000013;;,
   15040;4;0.699589,-0.714545,-0.000014,-0.000013;;,
   15200;4;0.699763,-0.714375,-0.000014,-0.000013;;,
   15360;4;0.699937,-0.714204,-0.000014,-0.000013;;,
   15520;4;0.700111,-0.714034,-0.000014,-0.000013;;,
   15680;4;0.700290,-0.713859,-0.000014,-0.000013;;,
   15840;4;0.700474,-0.713678,-0.000014,-0.000013;;,
   16000;4;0.700657,-0.713498,-0.000014,-0.000013;;,
   16160;4;0.700841,-0.713318,-0.000014,-0.000013;;,
   16320;4;0.701025,-0.713137,-0.000014,-0.000013;;,
   16480;4;0.701208,-0.712957,-0.000014,-0.000013;;,
   16640;4;0.701391,-0.712777,-0.000014,-0.000013;;,
   16800;4;0.701572,-0.712599,-0.000014,-0.000013;;,
   16960;4;0.701753,-0.712420,-0.000014,-0.000013;;,
   17120;4;0.701934,-0.712242,-0.000014,-0.000013;;,
   17280;4;0.702115,-0.712064,-0.000014,-0.000013;;,
   17440;4;0.702296,-0.711885,-0.000014,-0.000013;;,
   17600;4;0.702477,-0.711707,-0.000014,-0.000013;;,
   17760;4;0.702633,-0.711552,-0.000014,-0.000013;;,
   17920;4;0.702789,-0.711398,-0.000014,-0.000013;;,
   18080;4;0.702946,-0.711243,-0.000014,-0.000013;;,
   18240;4;0.703102,-0.711089,-0.000014,-0.000013;;,
   18400;4;0.703259,-0.710934,-0.000014,-0.000013;;,
   18560;4;0.703415,-0.710779,-0.000014,-0.000013;;,
   18720;4;0.703571,-0.710625,-0.000014,-0.000013;;,
   18880;4;0.703720,-0.710477,-0.000014,-0.000013;;,
   19040;4;0.703861,-0.710338,-0.000014,-0.000013;;,
   19200;4;0.704002,-0.710198,-0.000014,-0.000013;;,
   19360;4;0.704143,-0.710059,-0.000014,-0.000013;;,
   19520;4;0.704284,-0.709919,-0.000014,-0.000013;;,
   19680;4;0.704424,-0.709779,-0.000014,-0.000014;;,
   19840;4;0.704565,-0.709639,-0.000014,-0.000014;;,
   20000;4;0.704706,-0.709500,-0.000014,-0.000014;;,
   20160;4;0.704847,-0.709360,-0.000014,-0.000014;;,
   20320;4;0.704963,-0.709244,-0.000014,-0.000014;;,
   20480;4;0.705071,-0.709137,-0.000014,-0.000014;;,
   20640;4;0.705179,-0.709029,-0.000014,-0.000014;;,
   20800;4;0.705288,-0.708921,-0.000014,-0.000014;;,
   20960;4;0.705396,-0.708813,-0.000014,-0.000014;;,
   21120;4;0.705504,-0.708706,-0.000014,-0.000014;;,
   21280;4;0.705612,-0.708598,-0.000014,-0.000014;;,
   21440;4;0.705721,-0.708490,-0.000014,-0.000014;;,
   21600;4;0.705829,-0.708383,-0.000014,-0.000014;;,
   21760;4;0.705937,-0.708275,-0.000014,-0.000014;;,
   21920;4;0.706045,-0.708167,-0.000014,-0.000014;;,
   22880;4;0.706090,-0.708122,-0.000014,-0.000014;;,
   23040;4;0.705982,-0.708230,-0.000014,-0.000014;;,
   24000;4;0.705964,-0.708248,-0.000014,-0.000014;;,
   24160;4;0.705856,-0.708356,-0.000014,-0.000014;;,
   25120;4;0.705838,-0.708373,-0.000014,-0.000014;;,
   25280;4;0.705730,-0.708481,-0.000014,-0.000014;;,
   26240;4;0.705712,-0.708499,-0.000014,-0.000014;;,
   26400;4;0.705603,-0.708607,-0.000014,-0.000014;;,
   27360;4;0.705585,-0.708625,-0.000014,-0.000014;;,
   27520;4;0.705477,-0.708733,-0.000014,-0.000014;;,
   28480;4;0.705459,-0.708751,-0.000014,-0.000014;;,
   28640;4;0.705351,-0.708858,-0.000014,-0.000014;;,
   29600;4;0.705333,-0.708876,-0.000014,-0.000014;;,
   29760;4;0.705225,-0.708984,-0.000014,-0.000014;;,
   30720;4;0.705207,-0.709002,-0.000014,-0.000014;;,
   30880;4;0.705098,-0.709110,-0.000014,-0.000014;;,
   31840;4;0.705080,-0.709128,-0.000014,-0.000014;;,
   32000;4;0.704972,-0.709235,-0.000014,-0.000014;;,
   32160;4;0.704857,-0.709350,-0.000014,-0.000014;;,
   32320;4;0.704741,-0.709465,-0.000014,-0.000014;;,
   32480;4;0.704626,-0.709579,-0.000014,-0.000014;;,
   32640;4;0.704510,-0.709694,-0.000014,-0.000014;;,
   32800;4;0.704395,-0.709808,-0.000014,-0.000014;;,
   32960;4;0.704279,-0.709923,-0.000014,-0.000014;;,
   33120;4;0.704164,-0.710038,-0.000014,-0.000014;;,
   33280;4;0.704048,-0.710152,-0.000014,-0.000014;;,
   33440;4;0.703933,-0.710267,-0.000014,-0.000014;;,
   33600;4;0.703817,-0.710381,-0.000014,-0.000014;;,
   33760;4;0.703702,-0.710495,-0.000014,-0.000014;;,
   33920;4;0.703586,-0.710610,-0.000014,-0.000014;;,
   34080;4;0.703471,-0.710724,-0.000014,-0.000014;;,
   34240;4;0.703356,-0.710838,-0.000014,-0.000014;;,
   34400;4;0.703240,-0.710952,-0.000014,-0.000014;;,
   34560;4;0.703125,-0.711066,-0.000014,-0.000014;;,
   34720;4;0.703010,-0.711180,-0.000014,-0.000014;;,
   34880;4;0.702894,-0.711294,-0.000014,-0.000014;;,
   35040;4;0.702779,-0.711409,-0.000014,-0.000014;;,
   35200;4;0.702663,-0.711523,-0.000014,-0.000014;;,
   35360;4;0.702520,-0.711664,-0.000014,-0.000014;;,
   35520;4;0.702377,-0.711806,-0.000014,-0.000014;;,
   35680;4;0.702233,-0.711947,-0.000014,-0.000014;;,
   35840;4;0.702090,-0.712089,-0.000014,-0.000014;;,
   36000;4;0.701946,-0.712230,-0.000014,-0.000014;;,
   36160;4;0.701803,-0.712371,-0.000014,-0.000014;;,
   36320;4;0.701659,-0.712513,-0.000014,-0.000014;;,
   36480;4;0.701516,-0.712654,-0.000014,-0.000014;;,
   36640;4;0.701373,-0.712795,-0.000014,-0.000014;;,
   36800;4;0.701229,-0.712936,-0.000014,-0.000014;;,
   36960;4;0.701086,-0.713077,-0.000014,-0.000014;;,
   37120;4;0.700943,-0.713217,-0.000014,-0.000014;;,
   37280;4;0.700800,-0.713358,-0.000014,-0.000014;;,
   37440;4;0.700656,-0.713499,-0.000014,-0.000014;;,
   37600;4;0.700513,-0.713640,-0.000014,-0.000014;;,
   37760;4;0.700369,-0.713781,-0.000014,-0.000014;;,
   37920;4;0.700226,-0.713921,-0.000014,-0.000014;;,
   38080;4;0.700079,-0.714065,-0.000014,-0.000014;;,
   38240;4;0.699929,-0.714213,-0.000014,-0.000014;;,
   38400;4;0.699778,-0.714360,-0.000014,-0.000014;;,
   38560;4;0.699628,-0.714507,-0.000014,-0.000014;;,
   38720;4;0.699478,-0.714655,-0.000014,-0.000014;;,
   38880;4;0.699327,-0.714802,-0.000014,-0.000014;;,
   39040;4;0.699177,-0.714949,-0.000014,-0.000014;;,
   39200;4;0.699026,-0.715096,-0.000014,-0.000014;;,
   39360;4;0.698876,-0.715243,-0.000014,-0.000014;;,
   39520;4;0.698719,-0.715396,-0.000014,-0.000014;;,
   39680;4;0.698560,-0.715552,-0.000014,-0.000014;;,
   39840;4;0.698401,-0.715707,-0.000014,-0.000014;;,
   40000;4;0.698242,-0.715862,-0.000014,-0.000014;;,
   40160;4;0.698083,-0.716017,-0.000014,-0.000014;;,
   40320;4;0.697924,-0.716172,-0.000014,-0.000014;;,
   40480;4;0.697764,-0.716327,-0.000014,-0.000014;;,
   40640;4;0.697608,-0.716480,-0.000014,-0.000014;;,
   40800;4;0.697460,-0.716624,-0.000014,-0.000014;;,
   40960;4;0.697311,-0.716768,-0.000014,-0.000014;;,
   41120;4;0.697163,-0.716913,-0.000014,-0.000014;;,
   41280;4;0.697014,-0.717057,-0.000014,-0.000014;;,
   41440;4;0.696866,-0.717201,-0.000014,-0.000014;;,
   41600;4;0.696718,-0.717346,-0.000014,-0.000014;;,
   41760;4;0.696569,-0.717490,-0.000014,-0.000014;;,
   41920;4;0.696420,-0.717634,-0.000014,-0.000014;;,
   42080;4;0.696273,-0.717777,-0.000014,-0.000014;;,
   42240;4;0.696126,-0.717920,-0.000014,-0.000014;;,
   42400;4;0.695979,-0.718062,-0.000014,-0.000014;;,
   42560;4;0.695833,-0.718204,-0.000014,-0.000014;;,
   42720;4;0.695686,-0.718346,-0.000014,-0.000014;;,
   42880;4;0.695539,-0.718488,-0.000014,-0.000014;;,
   43040;4;0.695392,-0.718631,-0.000014,-0.000014;;,
   43200;4;0.695245,-0.718773,-0.000014,-0.000014;;,
   43360;4;0.695098,-0.718915,-0.000014,-0.000014;;,
   43520;4;0.694952,-0.719056,-0.000014,-0.000014;;,
   43680;4;0.694807,-0.719197,-0.000014,-0.000014;;,
   43840;4;0.694661,-0.719337,-0.000014,-0.000014;;,
   44000;4;0.694515,-0.719478,-0.000014,-0.000014;;,
   44160;4;0.694370,-0.719619,-0.000014,-0.000014;;,
   44320;4;0.694224,-0.719759,-0.000014,-0.000014;;,
   44480;4;0.694078,-0.719900,-0.000014,-0.000014;;,
   44640;4;0.693932,-0.720041,-0.000014,-0.000014;;,
   44800;4;0.693786,-0.720181,-0.000014,-0.000014;;,
   44960;4;0.693642,-0.720320,-0.000014,-0.000014;;,
   45120;4;0.693497,-0.720459,-0.000014,-0.000014;;,
   45280;4;0.693353,-0.720599,-0.000014,-0.000014;;,
   45440;4;0.693208,-0.720738,-0.000014,-0.000014;;,
   45600;4;0.693063,-0.720877,-0.000014,-0.000014;;,
   45760;4;0.692919,-0.721016,-0.000014,-0.000014;;,
   45920;4;0.692774,-0.721155,-0.000014,-0.000014;;,
   46080;4;0.692629,-0.721294,-0.000014,-0.000014;;,
   46240;4;0.692485,-0.721432,-0.000014,-0.000014;;,
   46400;4;0.692342,-0.721569,-0.000014,-0.000014;;,
   46560;4;0.692199,-0.721706,-0.000014,-0.000014;;,
   46720;4;0.692057,-0.721844,-0.000014,-0.000014;;,
   46880;4;0.691914,-0.721980,-0.000014,-0.000014;;,
   47040;4;0.691771,-0.722117,-0.000014,-0.000014;;,
   47200;4;0.691628,-0.722254,-0.000014,-0.000014;;,
   47360;4;0.691485,-0.722391,-0.000014,-0.000014;;,
   47520;4;0.691342,-0.722528,-0.000014,-0.000014;;,
   47680;4;0.691200,-0.722663,-0.000014,-0.000014;;,
   47840;4;0.691060,-0.722797,-0.000014,-0.000014;;,
   48000;4;0.690920,-0.722931,-0.000014,-0.000014;;,
   48160;4;0.690780,-0.723065,-0.000014,-0.000014;;,
   48320;4;0.690640,-0.723199,-0.000014,-0.000014;;,
   48480;4;0.690500,-0.723332,-0.000014,-0.000014;;,
   48640;4;0.690360,-0.723466,-0.000014,-0.000014;;,
   48800;4;0.690220,-0.723600,-0.000014,-0.000014;;,
   48960;4;0.690080,-0.723733,-0.000014,-0.000014;;,
   49120;4;0.689960,-0.723847,-0.000014,-0.000014;;,
   49280;4;0.689847,-0.723955,-0.000014,-0.000014;;,
   49440;4;0.689734,-0.724063,-0.000014,-0.000014;;,
   49600;4;0.689621,-0.724170,-0.000014,-0.000014;;,
   49760;4;0.689508,-0.724278,-0.000014,-0.000014;;,
   49920;4;0.689395,-0.724386,-0.000014,-0.000014;;,
   50080;4;0.689282,-0.724493,-0.000014,-0.000014;;,
   50240;4;0.689169,-0.724601,-0.000014,-0.000014;;,
   50400;4;0.689056,-0.724708,-0.000014,-0.000014;;,
   50560;4;0.688943,-0.724816,-0.000014,-0.000014;;,
   50720;4;0.688830,-0.724923,-0.000014,-0.000014;;,
   50880;4;0.688729,-0.725019,-0.000014,-0.000014;;,
   51200;4;0.688642,-0.725102,-0.000014,-0.000014;;,
   51360;4;0.688467,-0.725268,-0.000014,-0.000014;;,
   51680;4;0.688379,-0.725351,-0.000014,-0.000014;;,
   51840;4;0.688205,-0.725517,-0.000014,-0.000014;;,
   52160;4;0.688117,-0.725600,-0.000014,-0.000014;;,
   52320;4;0.687942,-0.725766,-0.000014,-0.000014;;,
   52640;4;0.687855,-0.725849,-0.000014,-0.000014;;,
   52800;4;0.687679,-0.726014,-0.000014,-0.000014;;,
   53120;4;0.687592,-0.726097,-0.000014,-0.000014;;,
   53280;4;0.687472,-0.726211,-0.000014,-0.000014;;,
   53600;4;0.687415,-0.726265,-0.000014,-0.000014;;,
   53760;4;0.687303,-0.726371,-0.000014,-0.000014;;,
   54080;4;0.687247,-0.726424,-0.000014,-0.000014;;,
   54240;4;0.687134,-0.726531,-0.000014,-0.000014;;,
   54560;4;0.687078,-0.726584,-0.000014,-0.000014;;,
   54720;4;0.686965,-0.726690,-0.000014,-0.000014;;,
   55040;4;0.686909,-0.726743,-0.000014,-0.000014;;,
   55200;4;0.686797,-0.726850,-0.000014,-0.000014;;,
   55520;4;0.686740,-0.726903,-0.000014,-0.000014;;,
   55680;4;0.686628,-0.727009,-0.000014,-0.000014;;,
   56000;4;0.686571,-0.727063,-0.000014,-0.000014;;,
   56160;4;0.686459,-0.727169,-0.000014,-0.000014;;,
   57440;4;0.686402,-0.727222,-0.000014,-0.000014;;,
   57600;4;0.686296,-0.727323,-0.000014,-0.000014;;;
  }

  AnimationKey T {
   2;
   2;
   0;3;-8.644000,4.892300,115.052403;;,
   57600;3;-8.644001,4.892300,115.052403;;;
  }
 }

 Animation {
  
  { _1___body }

  AnimationKey S {
   1;
   2;
   0;3;0.999986,0.999983,0.999986;;,
   57600;3;0.999986,0.999983,0.999986;;;
  }

  AnimationKey R {
   0;
   2;
   0;4;0.454557,0.541694,0.454504,0.541639;;,
   57600;4;0.454556,0.541694,0.454504,0.541639;;;
  }

  AnimationKey T {
   2;
   2;
   0;3;-0.000001,0.000000,0.064001;;,
   57600;3;-0.000001,-0.000008,0.064002;;;
  }
 }

 Animation {
  
  { _3___chest1 }

  AnimationKey S {
   1;
   2;
   0;3;1.000000,1.000000,1.000000;;,
   57600;3;1.000000,1.000000,1.000000;;;
  }

  AnimationKey R {
   0;
   322;
   0;4;0.991235,-0.051498,0.118744,0.026489;;,
   640;4;0.991239,-0.051501,0.118712,0.026485;;,
   800;4;0.991254,-0.051513,0.118583,0.026468;;,
   1280;4;0.991258,-0.051516,0.118551,0.026464;;,
   1440;4;0.991271,-0.051525,0.118440,0.026452;;,
   1760;4;0.991281,-0.051527,0.118349,0.026451;;,
   1920;4;0.991303,-0.051530,0.118168,0.026448;;,
   2080;4;0.991315,-0.051531,0.118068,0.026448;;,
   2240;4;0.991328,-0.051532,0.117960,0.026446;;,
   2400;4;0.991341,-0.051532,0.117852,0.026442;;,
   2720;4;0.991351,-0.051534,0.117768,0.026436;;,
   2880;4;0.991371,-0.051536,0.117600,0.026425;;,
   3040;4;0.991382,-0.051537,0.117508,0.026420;;,
   3200;4;0.991396,-0.051537,0.117392,0.026416;;,
   3360;4;0.991409,-0.051538,0.117276,0.026412;;,
   3520;4;0.991427,-0.051542,0.117131,0.026404;;,
   3680;4;0.991445,-0.051547,0.116976,0.026395;;,
   3840;4;0.991464,-0.051552,0.116818,0.026387;;,
   4000;4;0.991483,-0.051556,0.116649,0.026379;;,
   4160;4;0.991503,-0.051561,0.116480,0.026371;;,
   4320;4;0.991524,-0.051565,0.116303,0.026361;;,
   4480;4;0.991545,-0.051570,0.116122,0.026352;;,
   4640;4;0.991567,-0.051574,0.115937,0.026343;;,
   4800;4;0.991589,-0.051578,0.115752,0.026333;;,
   4960;4;0.991610,-0.051583,0.115568,0.026324;;,
   5120;4;0.991631,-0.051587,0.115387,0.026315;;,
   5280;4;0.991652,-0.051593,0.115208,0.026305;;,
   5440;4;0.991673,-0.051598,0.115030,0.026295;;,
   5600;4;0.991693,-0.051603,0.114851,0.026286;;,
   5760;4;0.991714,-0.051608,0.114673,0.026276;;,
   5920;4;0.991735,-0.051612,0.114487,0.026267;;,
   6080;4;0.991758,-0.051617,0.114294,0.026257;;,
   6240;4;0.991781,-0.051622,0.114093,0.026245;;,
   6400;4;0.991805,-0.051629,0.113885,0.026234;;,
   6560;4;0.991830,-0.051636,0.113663,0.026224;;,
   6720;4;0.991857,-0.051642,0.113426,0.026211;;,
   6880;4;0.991885,-0.051648,0.113180,0.026199;;,
   7040;4;0.991914,-0.051654,0.112930,0.026186;;,
   7200;4;0.991942,-0.051660,0.112681,0.026173;;,
   7360;4;0.991971,-0.051666,0.112430,0.026160;;,
   7520;4;0.992000,-0.051673,0.112175,0.026146;;,
   7680;4;0.992029,-0.051680,0.111917,0.026133;;,
   7840;4;0.992058,-0.051687,0.111656,0.026120;;,
   8000;4;0.992088,-0.051694,0.111392,0.026106;;,
   8160;4;0.992118,-0.051701,0.111125,0.026092;;,
   8320;4;0.992148,-0.051707,0.110854,0.026078;;,
   8480;4;0.992179,-0.051714,0.110577,0.026063;;,
   8640;4;0.992210,-0.051721,0.110297,0.026049;;,
   8800;4;0.992241,-0.051728,0.110016,0.026035;;,
   8960;4;0.992272,-0.051736,0.109740,0.026020;;,
   9120;4;0.992302,-0.051743,0.109465,0.026006;;,
   9280;4;0.992332,-0.051751,0.109192,0.025992;;,
   9440;4;0.992362,-0.051758,0.108920,0.025977;;,
   9600;4;0.992392,-0.051765,0.108650,0.025963;;,
   9760;4;0.992421,-0.051772,0.108380,0.025949;;,
   9920;4;0.992451,-0.051779,0.108110,0.025935;;,
   10080;4;0.992480,-0.051786,0.107840,0.025921;;,
   10240;4;0.992510,-0.051793,0.107567,0.025907;;,
   10400;4;0.992540,-0.051800,0.107293,0.025892;;,
   10560;4;0.992569,-0.051808,0.107015,0.025878;;,
   10720;4;0.992600,-0.051816,0.106734,0.025863;;,
   10880;4;0.992630,-0.051823,0.106450,0.025848;;,
   11040;4;0.992661,-0.051831,0.106162,0.025833;;,
   11200;4;0.992692,-0.051838,0.105870,0.025818;;,
   11360;4;0.992724,-0.051845,0.105574,0.025803;;,
   11520;4;0.992756,-0.051853,0.105267,0.025786;;,
   11680;4;0.992790,-0.051860,0.104946,0.025769;;,
   11840;4;0.992825,-0.051868,0.104622,0.025753;;,
   12000;4;0.992858,-0.051876,0.104309,0.025738;;,
   12160;4;0.992889,-0.051884,0.104013,0.025721;;,
   12320;4;0.992919,-0.051893,0.103720,0.025706;;,
   12480;4;0.992949,-0.051901,0.103431,0.025691;;,
   12640;4;0.992979,-0.051908,0.103144,0.025676;;,
   12800;4;0.993009,-0.051915,0.102859,0.025661;;,
   12960;4;0.993038,-0.051922,0.102577,0.025646;;,
   13120;4;0.993067,-0.051930,0.102296,0.025631;;,
   13280;4;0.993096,-0.051937,0.102017,0.025617;;,
   13440;4;0.993124,-0.051945,0.101739,0.025602;;,
   13600;4;0.993153,-0.051952,0.101462,0.025588;;,
   13760;4;0.993181,-0.051959,0.101186,0.025573;;,
   13920;4;0.993209,-0.051966,0.100910,0.025559;;,
   14080;4;0.993237,-0.051973,0.100635,0.025544;;,
   14240;4;0.993264,-0.051980,0.100360,0.025530;;,
   14400;4;0.993292,-0.051987,0.100086,0.025516;;,
   14560;4;0.993320,-0.051994,0.099811,0.025501;;,
   14720;4;0.993347,-0.052001,0.099536,0.025487;;,
   14880;4;0.993375,-0.052008,0.099261,0.025472;;,
   15040;4;0.993402,-0.052016,0.098986,0.025458;;,
   15200;4;0.993430,-0.052023,0.098710,0.025443;;,
   15360;4;0.993457,-0.052030,0.098432,0.025429;;,
   15520;4;0.993485,-0.052037,0.098153,0.025414;;,
   15680;4;0.993513,-0.052045,0.097873,0.025400;;,
   15840;4;0.993540,-0.052052,0.097591,0.025385;;,
   16000;4;0.993568,-0.052059,0.097307,0.025369;;,
   16160;4;0.993597,-0.052067,0.097015,0.025355;;,
   16320;4;0.993626,-0.052074,0.096720,0.025340;;,
   16480;4;0.993654,-0.052081,0.096429,0.025324;;,
   16640;4;0.993681,-0.052088,0.096144,0.025309;;,
   16800;4;0.993708,-0.052095,0.095865,0.025294;;,
   16960;4;0.993735,-0.052102,0.095585,0.025280;;,
   17120;4;0.993762,-0.052109,0.095306,0.025265;;,
   17280;4;0.993789,-0.052116,0.095028,0.025251;;,
   17440;4;0.993815,-0.052123,0.094753,0.025236;;,
   17600;4;0.993841,-0.052129,0.094482,0.025223;;,
   17760;4;0.993866,-0.052135,0.094219,0.025208;;,
   17920;4;0.993890,-0.052141,0.093963,0.025195;;,
   18080;4;0.993914,-0.052147,0.093713,0.025182;;,
   18240;4;0.993937,-0.052154,0.093470,0.025169;;,
   18400;4;0.993959,-0.052161,0.093233,0.025157;;,
   18560;4;0.993980,-0.052168,0.093002,0.025145;;,
   18720;4;0.994001,-0.052173,0.092778,0.025133;;,
   18880;4;0.994022,-0.052177,0.092559,0.025122;;,
   19040;4;0.994042,-0.052182,0.092347,0.025111;;,
   19200;4;0.994061,-0.052187,0.092141,0.025100;;,
   19360;4;0.994079,-0.052192,0.091942,0.025089;;,
   19520;4;0.994097,-0.052197,0.091748,0.025079;;,
   19680;4;0.994115,-0.052203,0.091556,0.025069;;,
   19840;4;0.994132,-0.052208,0.091366,0.025059;;,
   20000;4;0.994149,-0.052214,0.091177,0.025048;;,
   20160;4;0.994167,-0.052218,0.090986,0.025038;;,
   20320;4;0.994185,-0.052222,0.090794,0.025028;;,
   20480;4;0.994202,-0.052227,0.090602,0.025018;;,
   20640;4;0.994219,-0.052231,0.090412,0.025008;;,
   20800;4;0.994236,-0.052236,0.090227,0.024999;;,
   20960;4;0.994253,-0.052240,0.090047,0.024989;;,
   21120;4;0.994269,-0.052245,0.089864,0.024980;;,
   21280;4;0.994285,-0.052249,0.089684,0.024971;;,
   21440;4;0.994301,-0.052255,0.089511,0.024964;;,
   21600;4;0.994315,-0.052260,0.089356,0.024955;;,
   21760;4;0.994327,-0.052261,0.089222,0.024946;;,
   21920;4;0.994339,-0.052263,0.089089,0.024940;;,
   22080;4;0.994350,-0.052265,0.088966,0.024935;;,
   22240;4;0.994360,-0.052267,0.088854,0.024929;;,
   22400;4;0.994370,-0.052269,0.088741,0.024923;;,
   22560;4;0.994379,-0.052271,0.088640,0.024917;;,
   22720;4;0.994388,-0.052274,0.088539,0.024911;;,
   22880;4;0.994397,-0.052276,0.088436,0.024905;;,
   23040;4;0.994407,-0.052278,0.088333,0.024900;;,
   23200;4;0.994416,-0.052281,0.088229,0.024894;;,
   23360;4;0.994425,-0.052283,0.088123,0.024889;;,
   23520;4;0.994435,-0.052286,0.088016,0.024884;;,
   23840;4;0.994443,-0.052288,0.087919,0.024878;;,
   24000;4;0.994458,-0.052295,0.087746,0.024881;;,
   24320;4;0.994462,-0.052300,0.087693,0.024885;;,
   24480;4;0.994471,-0.052305,0.087586,0.024894;;,
   26080;4;0.994475,-0.052301,0.087549,0.024898;;,
   26240;4;0.994466,-0.052278,0.087658,0.024914;;,
   27200;4;0.994465,-0.052275,0.087669,0.024915;;,
   27360;4;0.994456,-0.052262,0.087777,0.024922;;,
   27680;4;0.994452,-0.052261,0.087830,0.024922;;,
   27840;4;0.994442,-0.052258,0.087939,0.024920;;,
   28160;4;0.994436,-0.052258,0.088006,0.024919;;,
   28320;4;0.994424,-0.052256,0.088141,0.024916;;,
   28640;4;0.994418,-0.052255,0.088212,0.024914;;,
   28800;4;0.994405,-0.052253,0.088361,0.024911;;,
   29120;4;0.994398,-0.052253,0.088447,0.024908;;,
   29280;4;0.994381,-0.052254,0.088631,0.024919;;,
   29440;4;0.994371,-0.052254,0.088741,0.024925;;,
   29600;4;0.994361,-0.052255,0.088850,0.024931;;,
   29760;4;0.994350,-0.052257,0.088974,0.024936;;,
   29920;4;0.994338,-0.052258,0.089098,0.024941;;,
   30080;4;0.994327,-0.052259,0.089227,0.024946;;,
   30240;4;0.994315,-0.052260,0.089359,0.024953;;,
   30400;4;0.994303,-0.052256,0.089491,0.024959;;,
   30560;4;0.994291,-0.052252,0.089619,0.024966;;,
   30720;4;0.994280,-0.052249,0.089748,0.024973;;,
   30880;4;0.994268,-0.052245,0.089873,0.024980;;,
   31040;4;0.994257,-0.052241,0.089996,0.024987;;,
   31200;4;0.994246,-0.052237,0.090118,0.024994;;,
   31360;4;0.994235,-0.052233,0.090246,0.025000;;,
   31520;4;0.994223,-0.052230,0.090374,0.025007;;,
   31680;4;0.994211,-0.052226,0.090508,0.025014;;,
   31840;4;0.994198,-0.052223,0.090649,0.025023;;,
