xof 0303txt 0032
template Frame {
 <3d82ab46-62da-11cf-ab39-0020af71e433>
 [...]
}

template Matrix4x4 {
 <f6f23f45-7686-11cf-8f52-0040333594a3>
 array FLOAT matrix[16];
}

template FrameTransformMatrix {
 <f6f23f41-7686-11cf-8f52-0040333594a3>
 Matrix4x4 frameMatrix;
}

template AnimTicksPerSecond {
 <9e415a43-7ba6-4a73-8743-b73d47e88476>
 DWORD AnimTicksPerSecond;
}

template Animation {
 <3d82ab4f-62da-11cf-ab39-0020af71e433>
 [...]
}

template AnimationSet {
 <3d82ab50-62da-11cf-ab39-0020af71e433>
 [Animation <3d82ab4f-62da-11cf-ab39-0020af71e433>]
}

template FloatKeys {
 <10dd46a9-775b-11cf-8f52-0040333594a3>
 DWORD nValues;
 array FLOAT values[nValues];
}

template TimedFloatKeys {
 <f406b180-7b3b-11cf-8f52-0040333594a3>
 DWORD time;
 FloatKeys tfkeys;
}

template AnimationKey {
 <10dd46a8-775b-11cf-8f52-0040333594a3>
 DWORD keyType;
 DWORD nKeys;
 array TimedFloatKeys keys[nKeys];
}


Frame ARM_nao_framework {
 

 FrameTransformMatrix {
  -0.003937,0.000000,-0.000000,0.000000,-0.000000,-0.000000,0.003937,0.000000,-0.000000,0.003937,0.000000,0.000000,0.000000,0.000000,0.000000,1.000000;;
 }

 Frame _0__-com {
  

  FrameTransformMatrix {
   1.000000,0.000000,0.000000,0.000000,-0.000000,-0.000000,1.000000,0.000000,0.000000,-1.000000,-0.000000,0.000000,0.000000,-0.000000,115.737907,1.000000;;
  }

  Frame _1___body {
   

   FrameTransformMatrix {
    -0.000000,0.000000,1.000000,0.000000,1.000000,-0.000000,0.000000,0.000000,0.000000,1.000000,0.000000,0.000000,-0.000000,0.000000,0.064000,1.000000;;
   }

   Frame _3___chest1 {
    

    FrameTransformMatrix {
     0.996261,0.000000,0.086397,0.000000,-0.000000,1.000000,0.000000,0.000000,-0.086397,-0.000000,0.996261,0.000000,-0.812700,-0.000000,5.913010,1.000000;;
    }

    Frame _8___belt1 {
     

     FrameTransformMatrix {
      -0.996919,-0.000000,-0.078464,0.000000,-0.000000,1.000000,-0.000000,0.000000,0.078464,0.000000,-0.996917,0.000000,8.151704,0.000000,-2.211647,1.000000;;
     }

     Frame _15___belt2 {
      

      FrameTransformMatrix {
       0.990265,-0.000000,-0.139195,0.000000,0.000000,1.000000,-0.000000,0.000000,0.139195,0.000000,0.990265,0.000000,-0.000307,-0.000000,15.935814,1.000000;;
      }

      Frame _15___belt2_end {
       

       FrameTransformMatrix {
        1.000000,0.000000,0.000000,0.000000,-0.000000,1.000000,0.000000,0.000000,0.000000,0.000000,1.000000,0.000000,-0.000001,0.000000,1.000023,1.000000;;
       }
      }
     }
    }

    Frame _9___chest2 {
     

     FrameTransformMatrix {
      0.996194,-0.000000,0.087166,0.000000,0.000000,1.000000,0.000000,0.000000,-0.087166,-0.000000,0.996194,0.000000,-0.015214,-0.000000,11.394425,1.000000;;
     }

     Frame _16___breast {
      

      FrameTransformMatrix {
       0.103376,-0.000000,-0.994642,0.000000,-0.000000,1.000000,-0.000000,0.000000,0.994643,0.000000,0.103376,0.000000,-2.807037,-0.000000,1.433960,1.000000;;
      }

      Frame _16___breast_end {
       

       FrameTransformMatrix {
        1.000000,0.000000,-0.000000,0.000000,0.000000,1.000000,-0.000000,0.000000,0.000000,0.000000,1.000000,0.000000,0.000015,0.000000,1.000015,1.000000;;
       }
      }
     }

     Frame _17__-neck {
      

      FrameTransformMatrix {
       0.987688,-0.000000,-0.156436,0.000000,-0.000000,1.000000,-0.000000,0.000000,0.156436,0.000000,0.987688,0.000000,-0.002880,-0.000000,19.661742,1.000000;;
      }

      Frame _23___head {
       

       FrameTransformMatrix {
        0.999861,0.000000,-0.016699,0.000000,-0.000000,1.000000,-0.000000,0.000000,0.016699,0.000000,0.999861,0.000000,0.000164,0.000000,4.788452,1.000000;;
       }

       Frame _27___ponytaill1 {
        

        FrameTransformMatrix {
         -0.989075,-0.000125,0.147423,0.000000,0.020402,0.990262,0.137724,0.000000,-0.146004,0.139227,-0.979438,0.000000,-4.677901,7.388999,17.702118,1.000000;;
        }

        Frame _33___ponytaill2 {
         

         FrameTransformMatrix {
          0.979709,0.000114,0.200424,0.000000,-0.028016,0.990259,0.136385,0.000000,-0.198456,-0.139233,0.970170,0.000000,-0.023460,-0.000744,22.978470,1.000000;;
         }

         Frame _33___ponytaill2_end {
          

          FrameTransformMatrix {
           1.000000,-0.000000,-0.000000,0.000000,0.000000,1.000000,0.000000,0.000000,0.000000,0.000000,1.000000,0.000000,-0.000002,0.000000,1.000046,1.000000;;
          }
         }
        }
       }

       Frame _28___ponytailr1 {
        

        FrameTransformMatrix {
         -0.989075,0.000125,0.147423,0.000000,-0.020403,0.990262,-0.137724,0.000000,-0.146004,-0.139227,-0.979438,0.000000,-4.677900,-7.388702,17.702301,1.000000;;
        }

        Frame _34___ponytailr2 {
         

         FrameTransformMatrix {
          0.979709,-0.000114,0.200425,0.000000,0.028016,0.990260,-0.136385,0.000000,-0.198457,0.139233,0.970169,0.000000,-0.023453,0.000732,22.978363,1.000000;;
         }

         Frame _34___ponytailr2_end {
          

          FrameTransformMatrix {
           1.000000,-0.000000,0.000000,0.000000,-0.000000,1.000000,0.000000,0.000000,0.000000,-0.000000,1.000000,0.000000,0.000000,0.000000,1.000046,1.000000;;
          }
         }
        }
       }

       Frame _29___shortaill {
        

        FrameTransformMatrix {
         0.977962,0.012295,0.208432,0.000000,-0.034512,-0.975017,0.219445,0.000000,0.205922,-0.221801,-0.953101,0.000000,5.729699,8.906998,4.352020,1.000000;;
        }

        Frame _29___shortaill_end {
         

         FrameTransformMatrix {
          1.000000,0.000000,-0.000000,0.000000,0.000000,1.000000,0.000000,0.000000,0.000000,-0.000000,1.000000,0.000000,0.000000,-0.000004,1.000000,1.000000;;
         }
        }
       }

       Frame _30___shortailr {
        

        FrameTransformMatrix {
         0.976917,-0.000047,0.213618,0.000000,0.046910,-0.975544,-0.214741,0.000000,0.208404,0.219805,-0.953023,0.000000,5.729701,-8.906602,4.352020,1.000000;;
        }

        Frame _30___shortailr_end {
         

         FrameTransformMatrix {
          1.000000,0.000000,0.000000,0.000000,0.000000,1.000000,0.000000,0.000000,0.000000,0.000000,1.000000,0.000000,0.000004,-0.000002,0.999970,1.000000;;
         }
        }
       }
      }

      Frame _24__-claviclel {
       

       FrameTransformMatrix {
        -0.986297,0.050665,-0.157005,0.000000,-0.144135,0.198387,0.969468,0.000000,0.080266,0.978814,-0.188366,0.000000,-0.188314,2.222701,-0.532227,1.000000;;
       }

       Frame _31___arm1l {
        

        FrameTransformMatrix {
         0.983530,0.160273,-0.083554,0.000000,0.048612,0.210676,0.976347,0.000000,0.174084,-0.964328,0.199415,0.000000,0.000431,-0.000305,9.141001,1.000000;;
        }

        Frame _35___arm2l {
         

         FrameTransformMatrix {
          0.999968,0.000105,0.008000,0.000000,-0.000105,1.000000,0.000001,0.000000,-0.008000,-0.000002,0.999968,0.000000,0.000001,0.000854,24.301285,1.000000;;
         }

         Frame _37___sonl {
          

          FrameTransformMatrix {
           0.000867,-1.000000,-0.000000,0.000000,1.000000,0.000867,0.000000,0.000000,-0.000000,-0.000000,1.000000,0.000000,-0.000285,0.000694,21.827461,1.000000;;
          }

          Frame _39___handtooll {
           

           FrameTransformMatrix {
            -0.999919,0.000917,0.012700,0.000000,-0.012729,-0.095151,-0.995382,0.000000,0.000296,-0.995463,0.095155,0.000000,0.776839,-0.823413,7.655983,1.000000;;
           }

           Frame _39___handtooll_end {
            

            FrameTransformMatrix {
             1.000000,-0.000000,-0.000000,0.000000,0.000000,1.000000,0.000000,0.000000,0.000000,-0.000000,1.000000,0.000000,0.000000,0.000008,1.000011,1.000000;;
            }
           }
          }
         }
        }
       }
      }

      Frame _25__-clavicler {
       

       FrameTransformMatrix {
        -0.986297,-0.050665,-0.157005,0.000000,0.144135,0.198387,-0.969468,0.000000,0.080266,-0.978814,-0.188366,0.000000,-0.188313,-2.222700,-0.532227,1.000000;;
       }

       Frame _32___arm1r {
        

        FrameTransformMatrix {
         0.983530,-0.160273,-0.083554,0.000000,-0.048612,0.210676,-0.976346,0.000000,0.174084,0.964328,0.199415,0.000000,0.000433,0.000275,9.141104,1.000000;;
        }

        Frame _36___arm2r {
         

         FrameTransformMatrix {
          0.999968,-0.000105,0.008000,0.000000,0.000105,1.000000,-0.000001,0.000000,-0.008000,0.000002,0.999968,0.000000,0.000000,-0.000751,24.301285,1.000000;;
         }

         Frame _38___sonr {
          

          FrameTransformMatrix {
           0.000866,1.000000,0.000000,0.000000,-1.000000,0.000866,0.000000,0.000000,0.000000,-0.000000,1.000000,0.000000,-0.000284,-0.000696,21.827461,1.000000;;
          }

          Frame _40___handtoolr {
           

           FrameTransformMatrix {
            0.999919,0.000916,-0.012700,0.000000,-0.012729,0.095151,-0.995382,0.000000,0.000296,0.995463,0.095155,0.000000,0.776836,0.823414,7.655960,1.000000;;
           }

           Frame _40___handtoolr_end {
            

            FrameTransformMatrix {
             1.000000,0.000000,0.000000,0.000000,0.000000,1.000000,0.000000,0.000000,0.000000,0.000000,1.000000,0.000000,0.000000,-0.000015,1.000009,1.000000;;
            }
           }
          }
         }
        }
       }
      }
     }
    }
   }

   Frame _4___leg1l {
    

    FrameTransformMatrix {
     0.999680,0.000000,-0.021496,0.000000,0.000000,-1.000000,0.000000,0.000000,-0.021498,-0.000000,-0.999769,0.000000,-0.000000,6.246400,0.000008,1.000000;;
    }

    Frame _10___leg2l {
     

     FrameTransformMatrix {
      0.999912,0.000000,0.013307,0.000000,-0.000000,1.000000,0.000000,0.000000,-0.013307,-0.000000,0.999912,0.000000,0.001568,0.000000,48.600112,1.000000;;
     }

     Frame _18__-footl {
      

      FrameTransformMatrix {
       0.999394,-0.000000,-0.034803,0.000000,0.000000,1.000000,-0.000000,0.000000,0.034803,0.000000,0.999394,0.000000,-0.000824,0.000001,48.600166,1.000000;;
      }

      Frame _18__-footl_end {
       

       FrameTransformMatrix {
        1.000000,-0.000000,-0.000000,0.000000,0.000000,1.000000,0.000000,0.000000,0.000000,0.000000,1.000000,0.000000,0.000000,0.000000,0.999998,1.000000;;
       }
      }
     }
    }
   }

   Frame _5___leg1r {
    

    FrameTransformMatrix {
     0.999680,0.000000,-0.021496,0.000000,0.000000,-1.000000,0.000000,0.000000,-0.021498,-0.000000,-0.999769,0.000000,0.000000,-6.246400,0.000008,1.000000;;
    }

    Frame _11___leg2r {
     

     FrameTransformMatrix {
      0.999912,0.000000,0.013307,0.000000,-0.000000,1.000000,0.000000,0.000000,-0.013307,-0.000000,0.999912,0.000000,0.001568,-0.000000,48.600112,1.000000;;
     }

     Frame _19__-footr {
      

      FrameTransformMatrix {
       0.999394,-0.000000,-0.034803,0.000000,0.000000,1.000000,-0.000000,0.000000,0.034803,0.000000,0.999394,0.000000,-0.000725,-0.000000,48.600166,1.000000;;
      }

      Frame _19__-footr_end {
       

       FrameTransformMatrix {
        1.000000,-0.000000,-0.000000,0.000000,0.000000,1.000000,0.000000,0.000000,0.000000,0.000000,1.000000,0.000000,0.000000,0.000000,1.000002,1.000000;;
       }
      }
     }
    }

    Frame _12___skirts1 {
     

     FrameTransformMatrix {
      -0.014158,-0.999284,0.035099,0.000000,0.999080,-0.015559,-0.039965,0.000000,0.040483,0.034501,0.998585,0.000000,-2.299986,8.194399,2.714157,1.000000;;
     }

     Frame _20___skirts2 {
      

      FrameTransformMatrix {
       0.998172,-0.029082,-0.052979,0.000000,0.030692,0.999084,0.029829,0.000000,0.052063,-0.031401,0.998150,0.000000,-0.001579,0.001880,44.577072,1.000000;;
      }

      Frame _26___skirts3 {
       

       FrameTransformMatrix {
        0.995867,0.084457,0.033417,0.000000,-0.084669,0.996397,0.004986,0.000000,-0.032876,-0.007795,0.999429,0.000000,0.000770,-0.000195,33.196269,1.000000;;
       }

       Frame _26___skirts3_end {
        

        FrameTransformMatrix {
         1.000000,0.000000,-0.000000,0.000000,-0.000000,1.000000,-0.000000,0.000000,-0.000000,0.000000,1.000000,0.000000,0.000000,0.000000,1.000023,1.000000;;
        }
       }
      }
     }
    }
   }

   Frame _6___skirtb1 {
    

    FrameTransformMatrix {
     -0.999491,-0.014696,-0.020489,0.000000,-0.014696,0.999892,-0.000301,0.000000,0.020495,-0.000000,-0.999790,0.000000,-10.980702,-0.000000,-12.377495,1.000000;;
    }

    Frame _13___skirtb2 {
     

     FrameTransformMatrix {
      0.998026,-0.028357,-0.056037,0.000000,0.028266,0.999598,-0.002413,0.000000,0.056083,0.000824,0.998426,0.000000,0.001026,0.000015,33.328186,1.000000;;
     }

     Frame _21___skirtb3 {
      

      FrameTransformMatrix {
       0.996683,0.081082,-0.007002,0.000000,-0.081082,0.996708,0.000267,0.000000,0.007001,0.000301,0.999976,0.000000,0.000318,0.000014,34.717146,1.000000;;
      }

      Frame _21___skirtb3_end {
       

       FrameTransformMatrix {
        1.000000,0.000000,0.000000,0.000000,-0.000000,1.000000,0.000000,0.000000,0.000000,0.000000,1.000000,0.000000,0.000000,-0.000000,1.000008,1.000000;;
       }
      }
     }
    }
   }

   Frame _7___skirtf1 {
    

    FrameTransformMatrix {
     -0.999892,-0.014700,-0.001300,0.000000,-0.014700,0.999892,-0.000019,0.000000,0.001300,-0.000000,-0.999999,0.000000,9.827802,0.000000,-3.338409,1.000000;;
    }

    Frame _14___skirtf2 {
     

     FrameTransformMatrix {
      0.999090,-0.028344,0.031873,0.000000,0.028314,0.999598,0.001373,0.000000,-0.031899,-0.000469,0.999491,0.000000,0.002120,0.000031,46.713539,1.000000;;
     }

     Frame _22___skirtf3 {
      

      FrameTransformMatrix {
       0.996577,0.081122,-0.015895,0.000000,-0.081123,0.996704,0.000607,0.000000,0.015891,0.000684,0.999873,0.000000,-0.001132,-0.000049,30.358672,1.000000;;
      }

      Frame _22___skirtf3_end {
       

       FrameTransformMatrix {
        1.000000,0.000000,0.000000,0.000000,0.000000,1.000000,-0.000000,0.000000,0.000000,0.000000,1.000000,0.000000,-0.000001,0.000000,0.999947,1.000000;;
       }
      }
     }
    }
   }
  }

  Frame _2__-footsteps {
   

   FrameTransformMatrix {
    -0.000000,0.000000,-1.000000,0.000000,0.000000,1.000000,0.000000,0.000000,1.000000,0.000000,-0.000000,0.000000,-0.000000,-115.737600,-0.000000,1.000000;;
   }

   Frame _2__-footsteps_end {
    

    FrameTransformMatrix {
     1.000000,-0.000000,0.000000,0.000000,0.000000,1.000000,0.000000,0.000000,0.000000,-0.000000,1.000000,0.000000,0.000000,0.000000,1.000000,1.000000;;
    }
   }
  }
 }
}

AnimTicksPerSecond  {
 4800;
}

AnimationSet Anims_1 {
 

 Animation {
  
  { ARM_nao_framework }

  AnimationKey S {
   1;
   2;
   0;3;0.003937,0.003937,0.003937;;,
   160;3;0.003937,0.003937,0.003937;;;
  }

  AnimationKey R {
   0;
   2;
   0;4;-0.000000,-0.000000,0.707107,0.707107;;,
   160;4;-0.000000,-0.000000,0.707107,0.707107;;;
  }

  AnimationKey T {
   2;
   2;
   0;3;0.000000,0.000000,0.000000;;,
   160;3;0.000000,0.000000,0.000000;;;
  }
 }

 Animation {
  
  { _0__-com }

  AnimationKey S {
   1;
   2;
   0;3;1.000000,1.000000,1.000000;;,
   160;3;1.000000,1.000000,1.000000;;;
  }

  AnimationKey R {
   0;
   2;
   0;4;0.707107,-0.707107,-0.000000,-0.000000;;,
   160;4;0.707107,-0.707107,-0.000000,-0.000000;;;
  }

  AnimationKey T {
   2;
   2;
   0;3;0.000000,-0.000000,115.737907;;,
   160;3;0.000000,-0.000000,115.737907;;;
  }
 }

 Animation {
  
  { _1___body }

  AnimationKey S {
   1;
   2;
   0;3;1.000000,1.000000,1.000000;;,
   160;3;1.000000,1.000000,1.000000;;;
  }

  AnimationKey R {
   0;
   2;
   0;4;0.500000,0.500000,0.500000,0.500000;;,
   160;4;0.500000,0.500000,0.500000,0.500000;;;
  }

  AnimationKey T {
   2;
   2;
   0;3;-0.000000,0.000000,0.064000;;,
   160;3;-0.000000,0.000000,0.064000;;;
  }
 }

 Animation {
  
  { _3___chest1 }

  AnimationKey S {
   1;
   2;
   0;3;1.000000,1.000000,1.000000;;,
   160;3;1.000000,1.000000,1.000000;;;
  }

  AnimationKey R {
   0;
   2;
   0;4;0.999065,-0.000000,0.043239,-0.000000;;,
   160;4;0.999065,-0.000000,0.043239,-0.000000;;;
  }

  AnimationKey T {
   2;
   2;
   0;3;-0.812700,-0.000000,5.913010;;,
   160;3;-0.812700,-0.000000,5.913010;;;
  }
 }

 Animation {
  
  { _8___belt1 }

  AnimationKey S {
   1;
   2;
   0;3;1.000002,1.000000,1.000000;;,
   160;3;1.000002,1.000000,1.000000;;;
  }

  AnimationKey R {
   0;
   2;
   0;4;-0.039262,-0.000000,0.999229,0.000000;;,
   160;4;-0.039262,-0.000000,0.999229,0.000000;;;
  }

  AnimationKey T {
   2;
   2;
   0;3;8.151704,0.000000,-2.211647;;,
   160;3;8.151704,0.000000,-2.211647;;;
  }
 }

 Animation {
  
  { _15___belt2 }

  AnimationKey S {
   1;
   2;
   0;3;1.000000,1.000000,1.000000;;,
   160;3;1.000000,1.000000,1.000000;;;
  }

  AnimationKey R {
   0;
   2;
   0;4;0.997563,0.000000,-0.069767,0.000000;;,
   160;4;0.997563,0.000000,-0.069767,0.000000;;;
  }

  AnimationKey T {
   2;
   2;
   0;3;-0.000307,-0.000000,15.935814;;,
   160;3;-0.000307,-0.000000,15.935814;;;
  }
 }

 Animation {
  
  { _15___belt2_end }

  AnimationKey S {
   1;
   2;
   0;3;1.000000,1.000000,1.000000;;,
   160;3;1.000000,1.000000,1.000000;;;
  }

  AnimationKey R {
   0;
   2;
   0;4;1.000000,0.000000,0.000000,-0.000000;;,
   160;4;1.000000,0.000000,0.000000,-0.000000;;;
  }

  AnimationKey T {
   2;
   2;
   0;3;-0.000001,0.000000,1.000023;;,
   160;3;-0.000001,0.000000,1.000023;;;
  }
 }

 Animation {
  
  { _9___chest2 }

  AnimationKey S {
   1;
   2;
   0;3;1.000000,1.000000,1.000000;;,
   160;3;1.000000,1.000000,1.000000;;;
  }

  AnimationKey R {
   0;
   2;
   0;4;0.999048,-0.000000,0.043624,0.000000;;,
   160;4;0.999048,-0.000000,0.043624,0.000000;;;
  }

  AnimationKey T {
   2;
   2;
   0;3;-0.015214,-0.000000,11.394425;;,
   160;3;-0.015214,-0.000000,11.394425;;;
  }
 }

 Animation {
  
  { _16___breast }

  AnimationKey S {
   1;
   2;
   0;3;1.000000,1.000000,1.000000;;,
   160;3;1.000000,1.000000,1.000000;;;
  }

  AnimationKey R {
   0;
   2;
   0;4;0.742757,0.000000,-0.669561,0.000000;;,
   160;4;0.742757,0.000000,-0.669561,0.000000;;;
  }

  AnimationKey T {
   2;
   2;
   0;3;-2.807037,-0.000000,1.433960;;,
   160;3;-2.807037,-0.000000,1.433960;;;
  }
 }

 Animation {
  
  { _16___breast_end }

  AnimationKey S {
   1;
   2;
   0;3;1.000000,1.000000,1.000000;;,
   160;3;1.000000,1.000000,1.000000;;;
  }

  AnimationKey R {
   0;
   2;
   0;4;1.000000,0.000000,-0.000000,-0.000000;;,
   160;4;1.000000,0.000000,-0.000000,-0.000000;;;
  }

  AnimationKey T {
   2;
   2;
   0;3;0.000015,0.000000,1.000015;;,
   160;3;0.000015,0.000000,1.000015;;;
  }
 }

 Animation {
  
  { _17__-neck }

  AnimationKey S {
   1;
   2;
   0;3;1.000000,1.000000,1.000000;;,
   160;3;1.000000,1.000000,1.000000;;;
  }

  AnimationKey R {
   0;
   2;
   0;4;0.996917,0.000000,-0.078460,-0.000000;;,
   160;4;0.996917,0.000000,-0.078460,-0.000000;;;
  }

  AnimationKey T {
   2;
   2;
   0;3;-0.002880,-0.000000,19.661742;;,
   160;3;-0.002880,-0.000000,19.661742;;;
  }
 }

 Animation {
  
  { _23___head }

  AnimationKey S {
   1;
   2;
   0;3;1.000000,1.000000,1.000000;;,
   160;3;1.000000,1.000000,1.000000;;;
  }

  AnimationKey R {
   0;
   2;
   0;4;0.999965,0.000000,-0.008350,-0.000000;;,
   160;4;0.999965,0.000000,-0.008350,-0.000000;;;
  }

  AnimationKey T {
   2;
   2;
   0;3;0.000164,0.000000,4.788452;;,
   160;3;0.000164,0.000000,4.788452;;;
  }
 }

 Animation {
  
  { _27___ponytaill1 }

  AnimationKey S {
   1;
   2;
   0;3;1.000002,1.000001,1.000000;;,
   160;3;1.000002,1.000001,1.000000;;;
  }

  AnimationKey R {
   0;
   2;
   0;4;0.073738,0.005096,0.994833,0.069597;;,
   160;4;0.073738,0.005096,0.994833,0.069597;;;
  }

  AnimationKey T {
   2;
   2;
   0;3;-4.677901,7.388999,17.702118;;,
   160;3;-4.677901,7.388999,17.702118;;;
  }
 }

 Animation {
  
  { _33___ponytaill2 }

  AnimationKey S {
   1;
   2;
   0;3;1.000000,1.000000,1.000000;;,
   160;3;1.000000,1.000000,1.000000;;;
  }

  AnimationKey R {
   0;
   2;
   0;4;0.992489,-0.069426,0.100475,-0.007086;;,
   160;4;0.992489,-0.069426,0.100475,-0.007086;;;
  }

  AnimationKey T {
   2;
   2;
   0;3;-0.023460,-0.000744,22.978470;;,
   160;3;-0.023460,-0.000744,22.978470;;;
  }
 }

 Animation {
  
  { _33___ponytaill2_end }

  AnimationKey S {
   1;
   2;
   0;3;1.000000,1.000000,1.000000;;,
   160;3;1.000000,1.000000,1.000000;;;
  }

  AnimationKey R {
   0;
   2;
   0;4;1.000000,0.000000,-0.000000,0.000000;;,
   160;4;1.000000,0.000000,-0.000000,0.000000;;;
  }

  AnimationKey T {
   2;
   2;
   0;3;-0.000002,0.000000,1.000046;;,
   160;3;-0.000002,0.000000,1.000046;;;
  }
 }

 Animation {
  
  { _28___ponytailr1 }

  AnimationKey S {
   1;
   2;
   0;3;1.000002,1.000001,1.000000;;,
   160;3;1.000002,1.000001,1.000000;;;
  }

  AnimationKey R {
   0;
   2;
   0;4;0.073738,-0.005096,0.994833,-0.069597;;,
   160;4;0.073738,-0.005096,0.994833,-0.069597;;;
  }

  AnimationKey T {
   2;
   2;
   0;3;-4.677900,-7.388702,17.702301;;,
   160;3;-4.677900,-7.388702,17.702301;;;
  }
 }

 Animation {
  
  { _34___ponytailr2 }

  AnimationKey S {
   1;
   2;
   0;3;1.000000,1.000000,1.000000;;,
   160;3;1.000000,1.000000,1.000000;;;
  }

  AnimationKey R {
   0;
   2;
   0;4;0.992489,0.069426,0.100475,0.007086;;,
   160;4;0.992489,0.069426,0.100475,0.007086;;;
  }

  AnimationKey T {
   2;
   2;
   0;3;-0.023453,0.000732,22.978363;;,
   160;3;-0.023453,0.000732,22.978363;;;
  }
 }

 Animation {
  
  { _34___ponytailr2_end }

  AnimationKey S {
   1;
   2;
   0;3;1.000000,1.000000,1.000000;;,
   160;3;1.000000,1.000000,1.000000;;;
  }

  AnimationKey R {
   0;
   2;
   0;4;1.000000,-0.000000,0.000000,-0.000000;;,
   160;4;1.000000,-0.000000,0.000000,-0.000000;;;
  }

  AnimationKey T {
   2;
   2;
   0;3;0.000000,0.000000,1.000046;;,
   160;3;0.000000,0.000000,1.000046;;;
  }
 }

 Animation {
  
  { _29___shortaill }

  AnimationKey S {
   1;
   2;
   0;3;1.000002,1.000003,1.000000;;,
   160;3;1.000002,1.000003,1.000000;;;
  }

  AnimationKey R {
   0;
   2;
   0;4;-0.111630,0.988190,-0.005620,0.104826;;,
   160;4;-0.111630,0.988190,-0.005620,0.104826;;;
  }

  AnimationKey T {
   2;
   2;
   0;3;5.729699,8.906998,4.352020;;,
   160;3;5.729699,8.906998,4.352020;;;
  }
 }

 Animation {
  
  { _29___shortaill_end }

  AnimationKey S {
   1;
   2;
   0;3;1.000000,1.000000,1.000000;;,
   160;3;1.000000,1.000000,1.000000;;;
  }

  AnimationKey R {
   0;
   2;
   0;4;1.000000,-0.000000,-0.000000,0.000000;;,
   160;4;1.000000,-0.000000,-0.000000,0.000000;;;
  }

  AnimationKey T {
   2;
   2;
   0;3;0.000000,-0.000004,1.000000;;,
   160;3;0.000000,-0.000004,1.000000;;;
  }
 }

 Animation {
  
  { _30___shortailr }

  AnimationKey S {
   1;
   2;
   0;3;1.000000,1.000000,1.000000;;,
   160;3;1.000000,1.000000,1.000000;;;
  }

  AnimationKey R {
   0;
   2;
   0;4;0.109943,0.988115,0.011857,0.106774;;,
   160;4;0.109943,0.988115,0.011857,0.106774;;;
  }

  AnimationKey T {
   2;
   2;
   0;3;5.729701,-8.906602,4.352020;;,
   160;3;5.729701,-8.906602,4.352020;;;
  }
 }

 Animation {
  
  { _30___shortailr_end }

  AnimationKey S {
   1;
   2;
   0;3;1.000000,1.000000,1.000000;;,
   160;3;1.000000,1.000000,1.000000;;;
  }

  AnimationKey R {
   0;
   2;
   0;4;1.000000,0.000000,0.000000,0.000000;;,
   160;4;1.000000,0.000000,0.000000,0.000000;;;
  }

  AnimationKey T {
   2;
   2;
   0;3;0.000004,-0.000002,0.999970;;,
   160;3;0.000004,-0.000002,0.999970;;;
  }
 }

 Animation {
  
  { _24__-claviclel }

  AnimationKey S {
   1;
   2;
   0;3;1.000000,1.000000,1.000001;;,
   160;3;1.000000,1.000000,1.000001;;;
  }

  AnimationKey R {
   0;
   2;
   0;4;-0.077012,-0.030338,0.770235,0.632366;;,
   160;4;-0.077012,-0.030338,0.770235,0.632366;;;
  }

  AnimationKey T {
   2;
   2;
   0;3;-0.188314,2.222701,-0.532227;;,
   160;3;-0.188314,2.222701,-0.532227;;;
  }
 }

 Animation {
  
  { _31___arm1l }

  AnimationKey S {
   1;
   2;
   0;3;1.000000,1.000000,1.000000;;,
   160;3;1.000000,1.000000,1.000000;;;
  }

  AnimationKey R {
   0;
   2;
   0;4;0.773567,-0.627184,-0.083263,-0.036086;;,
   160;4;0.773567,-0.627184,-0.083263,-0.036086;;;
  }

  AnimationKey T {
   2;
   2;
   0;3;0.000431,-0.000305,9.141001;;,
   160;3;0.000431,-0.000305,9.141001;;;
  }
 }

 Animation {
  
  { _35___arm2l }

  AnimationKey S {
   1;
   2;
   0;3;1.000000,1.000000,1.000000;;,
   160;3;1.000000,1.000000,1.000000;;;
  }

  AnimationKey R {
   0;
   2;
   0;4;0.999992,-0.000001,0.004000,-0.000052;;,
   160;4;0.999992,-0.000001,0.004000,-0.000052;;;
  }

  AnimationKey T {
   2;
   2;
   0;3;0.000001,0.000854,24.301285;;,
   160;3;0.000001,0.000854,24.301285;;;
  }
 }

 Animation {
  
  { _37___sonl }

  AnimationKey S {
   1;
   2;
   0;3;1.000000,1.000000,1.000000;;,
   160;3;1.000000,1.000000,1.000000;;;
  }

  AnimationKey R {
   0;
   2;
   0;4;0.707413,-0.000000,-0.000000,0.706800;;,
   160;4;0.707413,-0.000000,-0.000000,0.706800;;;
  }

  AnimationKey T {
   2;
   2;
   0;3;-0.000285,0.000694,21.827461;;,
   160;3;-0.000285,0.000694,21.827461;;;
  }
 }

 Animation {
  
  { _39___handtooll }

  AnimationKey S {
   1;
   2;
   0;3;1.000000,1.000000,1.000000;;,
   160;3;1.000000,1.000000,1.000000;;;
  }

  AnimationKey R {
   0;
   2;
   0;4;-0.004610,0.004391,-0.672609,0.739970;;,
   160;4;-0.004610,0.004391,-0.672609,0.739970;;;
  }

  AnimationKey T {
   2;
   2;
   0;3;0.776839,-0.823413,7.655983;;,
   160;3;0.776839,-0.823413,7.655983;;;
  }
 }

 Animation {
  
  { _39___handtooll_end }

  AnimationKey S {
   1;
   2;
   0;3;1.000000,1.000000,1.000000;;,
   160;3;1.000000,1.000000,1.000000;;;
  }

  AnimationKey R {
   0;
   2;
   0;4;1.000000,-0.000000,-0.000000,0.000000;;,
   160;4;1.000000,-0.000000,-0.000000,0.000000;;;
  }

  AnimationKey T {
   2;
   2;
   0;3;0.000000,0.000008,1.000011;;,
   160;3;0.000000,0.000008,1.000011;;;
  }
 }

 Animation {
  
  { _25__-clavicler }

  AnimationKey S {
   1;
   2;
   0;3;1.000000,1.000000,1.000000;;,
   160;3;1.000000,1.000000,1.000000;;;
  }

  AnimationKey R {
   0;
   2;
   0;4;-0.077013,0.030338,0.770235,-0.632366;;,
   160;4;-0.077013,0.030338,0.770235,-0.632366;;;
  }

  AnimationKey T {
   2;
   2;
   0;3;-0.188313,-2.222700,-0.532227;;,
   160;3;-0.188313,-2.222700,-0.532227;;;
  }
 }

 Animation {
  
  { _32___arm1r }

  AnimationKey S {
   1;
   2;
   0;3;1.000000,1.000000,1.000000;;,
   160;3;1.000000,1.000000,1.000000;;;
  }

  AnimationKey R {
   0;
   2;
   0;4;0.773567,0.627184,-0.083263,0.036086;;,
   160;4;0.773567,0.627184,-0.083263,0.036086;;;
  }

  AnimationKey T {
   2;
   2;
   0;3;0.000433,0.000275,9.141104;;,
   160;3;0.000433,0.000275,9.141104;;;
  }
 }

 Animation {
  
  { _36___arm2r }

  AnimationKey S {
   1;
   2;
   0;3;1.000000,1.000000,1.000000;;,
   160;3;1.000000,1.000000,1.000000;;;
  }

  AnimationKey R {
   0;
   2;
   0;4;0.999992,0.000001,0.004000,0.000053;;,
   160;4;0.999992,0.000001,0.004000,0.000053;;;
  }

  AnimationKey T {
   2;
   2;
   0;3;0.000000,-0.000751,24.301285;;,
   160;3;0.000000,-0.000751,24.301285;;;
  }
 }

 Animation {
  
  { _38___sonr }

  AnimationKey S {
   1;
   2;
   0;3;1.000000,1.000000,1.000000;;,
   160;3;1.000000,1.000000,1.000000;;;
  }

  AnimationKey R {
   0;
   2;
   0;4;0.707413,-0.000000,0.000000,-0.706801;;,
   160;4;0.707413,-0.000000,0.000000,-0.706801;;;
  }

  AnimationKey T {
   2;
   2;
   0;3;-0.000284,-0.000696,21.827461;;,
   160;3;-0.000284,-0.000696,21.827461;;;
  }
 }

 Animation {
  
  { _40___handtoolr }

  AnimationKey S {
   1;
   2;
   0;3;1.000000,1.000000,1.000000;;,
   160;3;1.000000,1.000000,1.000000;;;
  }

  AnimationKey R {
   0;
   2;
   0;4;0.739971,0.672609,-0.004391,-0.004610;;,
   160;4;0.739971,0.672609,-0.004391,-0.004610;;;
  }

  AnimationKey T {
   2;
   2;
   0;3;0.776836,0.823414,7.655960;;,
   160;3;0.776836,0.823414,7.655960;;;
  }
 }

 Animation {
  
  { _40___handtoolr_end }

  AnimationKey S {
   1;
   2;
   0;3;1.000000,1.000000,1.000000;;,
   160;3;1.000000,1.000000,1.000000;;;
  }

  AnimationKey R {
   0;
   2;
   0;4;1.000000,0.000000,0.000000,-0.000000;;,
   160;4;1.000000,0.000000,0.000000,-0.000000;;;
  }

  AnimationKey T {
   2;
   2;
   0;3;0.000000,-0.000015,1.000009;;,
   160;3;0.000000,-0.000015,1.000009;;;
  }
 }

 Animation {
  
  { _4___leg1l }

  AnimationKey S {
   1;
   2;
   0;3;0.999911,1.000000,1.000000;;,
   160;3;0.999911,1.000000,1.000000;;;
  }

  AnimationKey R {
   0;
   2;
   0;4;-0.000000,0.999942,0.000000,-0.010750;;,
   160;4;-0.000000,0.999942,0.000000,-0.010750;;;
  }

  AnimationKey T {
   2;
   2;
   0;3;-0.000000,6.246400,0.000008;;,
   160;3;-0.000000,6.246400,0.000008;;;
  }
 }

 Animation {
  
  { _10___leg2l }

  AnimationKey S {
   1;
   2;
   0;3;1.000000,1.000000,1.000000;;,
   160;3;1.000000,1.000000,1.000000;;;
  }

  AnimationKey R {
   0;
   2;
   0;4;0.999978,-0.000000,0.006653,-0.000000;;,
   160;4;0.999978,-0.000000,0.006653,-0.000000;;;
  }

  AnimationKey T {
   2;
   2;
   0;3;0.001568,0.000000,48.600112;;,
   160;3;0.001568,0.000000,48.600112;;;
  }
 }

 Animation {
  
  { _18__-footl }

  AnimationKey S {
   1;
   2;
   0;3;1.000000,1.000000,1.000000;;,
   160;3;1.000000,1.000000,1.000000;;;
  }

  AnimationKey R {
   0;
   2;
   0;4;0.999849,0.000000,-0.017404,0.000000;;,
   160;4;0.999849,0.000000,-0.017404,0.000000;;;
  }

  AnimationKey T {
   2;
   2;
   0;3;-0.000824,0.000001,48.600166;;,
   160;3;-0.000824,0.000001,48.600166;;;
  }
 }

 Animation {
  
  { _18__-footl_end }

  AnimationKey S {
   1;
   2;
   0;3;1.000000,1.000000,1.000000;;,
   160;3;1.000000,1.000000,1.000000;;;
  }

  AnimationKey R {
   0;
   2;
   0;4;1.000000,0.000000,-0.000000,0.000000;;,
   160;4;1.000000,0.000000,-0.000000,0.000000;;;
  }

  AnimationKey T {
   2;
   2;
   0;3;0.000000,0.000000,0.999998;;,
   160;3;0.000000,0.000000,0.999998;;;
  }
 }

 Animation {
  
  { _5___leg1r }

  AnimationKey S {
   1;
   2;
   0;3;0.999911,1.000000,1.000000;;,
   160;3;0.999911,1.000000,1.000000;;;
  }

  AnimationKey R {
   0;
   2;
   0;4;-0.000000,0.999942,0.000000,-0.010750;;,
   160;4;-0.000000,0.999942,0.000000,-0.010750;;;
  }

  AnimationKey T {
   2;
   2;
   0;3;0.000000,-6.246400,0.000008;;,
   160;3;0.000000,-6.246400,0.000008;;;
  }
 }

 Animation {
  
  { _11___leg2r }

  AnimationKey S {
   1;
   2;
   0;3;1.000000,1.000000,1.000000;;,
   160;3;1.000000,1.000000,1.000000;;;
  }

  AnimationKey R {
   0;
   2;
   0;4;0.999978,-0.000000,0.006653,-0.000000;;,
   160;4;0.999978,-0.000000,0.006653,-0.000000;;;
  }

  AnimationKey T {
   2;
   2;
   0;3;0.001568,-0.000000,48.600112;;,
   160;3;0.001568,-0.000000,48.600112;;;
  }
 }

 Animation {
  
  { _19__-footr }

  AnimationKey S {
   1;
   2;
   0;3;1.000000,1.000000,1.000000;;,
   160;3;1.000000,1.000000,1.000000;;;
  }

  AnimationKey R {
   0;
   2;
   0;4;0.999849,0.000000,-0.017404,0.000000;;,
   160;4;0.999849,0.000000,-0.017404,0.000000;;;
  }

  AnimationKey T {
   2;
   2;
   0;3;-0.000725,-0.000000,48.600166;;,
   160;3;-0.000725,-0.000000,48.600166;;;
  }
 }

 Animation {
  
  { _19__-footr_end }

  AnimationKey S {
   1;
   2;
   0;3;1.000000,1.000000,1.000000;;,
   160;3;1.000000,1.000000,1.000000;;;
  }

  AnimationKey R {
   0;
   2;
   0;4;1.000000,0.000000,-0.000000,0.000000;;,
   160;4;1.000000,0.000000,-0.000000,0.000000;;;
  }

  AnimationKey T {
   2;
   2;
   0;3;0.000000,0.000000,1.000002;;,
   160;3;0.000000,0.000000,1.000002;;;
  }
 }

 Animation {
  
  { _12___skirts1 }

  AnimationKey S {
   1;
   2;
   0;3;1.000000,1.000000,1.000001;;,
   160;3;1.000000,1.000000,1.000001;;;
  }

  AnimationKey R {
   0;
   2;
   0;4;0.701582,0.026535,-0.001918,0.712092;;,
   160;4;0.701582,0.026535,-0.001918,0.712092;;;
  }

  AnimationKey T {
   2;
   2;
   0;3;-2.299986,8.194399,2.714157;;,
   160;3;-2.299986,8.194399,2.714157;;;
  }
 }

 Animation {
  
  { _20___skirts2 }

  AnimationKey S {
   1;
   2;
   0;3;1.000000,1.000000,1.000000;;,
   160;3;1.000000,1.000000,1.000000;;;
  }

  AnimationKey R {
   0;
   2;
   0;4;0.999426,-0.015316,-0.026275,0.014952;;,
   160;4;0.999426,-0.015316,-0.026275,0.014952;;;
  }

  AnimationKey T {
   2;
   2;
   0;3;-0.001579,0.001880,44.577072;;,
   160;3;-0.001579,0.001880,44.577072;;;
  }
 }

 Animation {
  
  { _26___skirts3 }

  AnimationKey S {
   1;
   2;
   0;3;1.000000,1.000000,1.000000;;,
   160;3;1.000000,1.000000,1.000000;;;
  }

  AnimationKey R {
   0;
   2;
   0;4;0.998961,-0.003199,0.016590,-0.042325;;,
   160;4;0.998961,-0.003199,0.016590,-0.042325;;;
  }

  AnimationKey T {
   2;
   2;
   0;3;0.000770,-0.000195,33.196269;;,
   160;3;0.000770,-0.000195,33.196269;;;
  }
 }

 Animation {
  
  { _26___skirts3_end }

  AnimationKey S {
   1;
   2;
   0;3;1.000000,1.000000,1.000000;;,
   160;3;1.000000,1.000000,1.000000;;;
  }

  AnimationKey R {
   0;
   2;
   0;4;1.000000,0.000000,0.000000,-0.000000;;,
   160;4;1.000000,0.000000,0.000000,-0.000000;;;
  }

  AnimationKey T {
   2;
   2;
   0;3;0.000000,0.000000,1.000023;;,
   160;3;0.000000,0.000000,1.000023;;;
  }
 }

 Animation {
  
  { _6___skirtb1 }

  AnimationKey S {
   1;
   2;
   0;3;0.999809,1.000000,1.000000;;,
   160;3;0.999809,1.000000,1.000000;;;
  }

  AnimationKey R {
   0;
   2;
   0;4;-0.010248,-0.007349,0.999921,-0.000075;;,
   160;4;-0.010248,-0.007349,0.999921,-0.000075;;;
  }

  AnimationKey T {
   2;
   2;
   0;3;-10.980702,-0.000000,-12.377495;;,
   160;3;-10.980702,-0.000000,-12.377495;;;
  }
 }

 Animation {
  
  { _13___skirtb2 }

  AnimationKey S {
   1;
   2;
   0;3;1.000000,1.000000,1.000000;;,
   160;3;1.000000,1.000000,1.000000;;;
  }

  AnimationKey R {
   0;
   2;
   0;4;0.999506,0.000810,-0.028044,0.014163;;,
   160;4;0.999506,0.000810,-0.028044,0.014163;;;
  }

  AnimationKey T {
   2;
   2;
   0;3;0.001026,0.000015,33.328186;;,
   160;3;0.001026,0.000015,33.328186;;;
  }
 }

 Animation {
  
  { _21___skirtb3 }

  AnimationKey S {
   1;
   2;
   0;3;1.000000,1.000000,1.000000;;,
   160;3;1.000000,1.000000,1.000000;;;
  }

  AnimationKey R {
   0;
   2;
   0;4;0.999170,0.000009,-0.003504,-0.040574;;,
   160;4;0.999170,0.000009,-0.003504,-0.040574;;;
  }

  AnimationKey T {
   2;
   2;
   0;3;0.000318,0.000014,34.717146;;,
   160;3;0.000318,0.000014,34.717146;;;
  }
 }

 Animation {
  
  { _21___skirtb3_end }

  AnimationKey S {
   1;
   2;
   0;3;1.000000,1.000000,1.000000;;,
   160;3;1.000000,1.000000,1.000000;;;
  }

  AnimationKey R {
   0;
   2;
   0;4;1.000000,0.000000,-0.000000,-0.000000;;,
   160;4;1.000000,0.000000,-0.000000,-0.000000;;;
  }

  AnimationKey T {
   2;
   2;
   0;3;0.000000,-0.000000,1.000008;;,
   160;3;0.000000,-0.000000,1.000008;;;
  }
 }

 Animation {
  
  { _7___skirtf1 }

  AnimationKey S {
   1;
   2;
   0;3;1.000001,1.000000,1.000000;;,
   160;3;1.000001,1.000000,1.000000;;;
  }

  AnimationKey R {
   0;
   2;
   0;4;-0.000650,-0.007350,0.999973,-0.000005;;,
   160;4;-0.000650,-0.007350,0.999973,-0.000005;;;
  }

  AnimationKey T {
   2;
   2;
   0;3;9.827802,0.000000,-3.338409;;,
   160;3;9.827802,0.000000,-3.338409;;;
  }
 }

 Animation {
  
  { _14___skirtf2 }

  AnimationKey S {
   1;
   2;
   0;3;1.000000,1.000000,1.000000;;,
   160;3;1.000000,1.000000,1.000000;;;
  }

  AnimationKey R {
   0;
   2;
   0;4;0.999772,-0.000461,0.015947,0.014168;;,
   160;4;0.999772,-0.000461,0.015947,0.014168;;;
  }

  AnimationKey T {
   2;
   2;
   0;3;0.002120,0.000031,46.713539;;,
   160;3;0.002120,0.000031,46.713539;;;
  }
 }

 Animation {
  
  { _22___skirtf3 }

  AnimationKey S {
   1;
   2;
   0;3;1.000000,1.000000,1.000000;;,
   160;3;1.000000,1.000000,1.000000;;;
  }

  AnimationKey R {
   0;
   2;
   0;4;0.999144,0.000019,-0.007953,-0.040596;;,
   160;4;0.999144,0.000019,-0.007953,-0.040596;;;
  }

  AnimationKey T {
   2;
   2;
   0;3;-0.001132,-0.000049,30.358672;;,
   160;3;-0.001132,-0.000049,30.358672;;;
  }
 }

 Animation {
  
  { _22___skirtf3_end }

  AnimationKey S {
   1;
   2;
   0;3;1.000000,1.000000,1.000000;;,
   160;3;1.000000,1.000000,1.000000;;;
  }

  AnimationKey R {
   0;
   2;
   0;4;1.000000,0.000000,0.000000,-0.000000;;,
   160;4;1.000000,0.000000,0.000000,-0.000000;;;
  }

  AnimationKey T {
   2;
   2;
   0;3;-0.000001,0.000000,0.999947;;,
   160;3;-0.000001,0.000000,0.999947;;;
  }
 }

 Animation {
  
  { _2__-footsteps }

  AnimationKey S {
   1;
   2;
   0;3;1.000000,1.000000,1.000000;;,
   160;3;1.000000,1.000000,1.000000;;;
  }

  AnimationKey R {
   0;
   2;
   0;4;0.707107,-0.000000,-0.707107,-0.000000;;,
   160;4;0.707107,-0.000000,-0.707107,-0.000000;;;
  }

  AnimationKey T {
   2;
   2;
   0;3;-0.000000,-115.737600,-0.000000;;,
   160;3;-0.000000,-115.737600,-0.000000;;;
  }
 }

 Animation {
  
  { _2__-footsteps_end }

  AnimationKey S {
   1;
   2;
   0;3;1.000000,1.000000,1.000000;;,
   160;3;1.000000,1.000000,1.000000;;;
  }

  AnimationKey R {
   0;
   2;
   0;4;1.000000,-0.000000,0.000000,0.000000;;,
   160;4;1.000000,-0.000000,0.000000,0.000000;;;
  }

  AnimationKey T {
   2;
   2;
   0;3;0.000000,0.000000,1.000000;;,
   160;3;0.000000,0.000000,1.000000;;;
  }
 }
}