xof 0303txt 0032
template Frame {
 <3d82ab46-62da-11cf-ab39-0020af71e433>
 [...]
}

template Matrix4x4 {
 <f6f23f45-7686-11cf-8f52-0040333594a3>
 array FLOAT matrix[16];
}

template FrameTransformMatrix {
 <f6f23f41-7686-11cf-8f52-0040333594a3>
 Matrix4x4 frameMatrix;
}

template AnimTicksPerSecond {
 <9e415a43-7ba6-4a73-8743-b73d47e88476>
 DWORD AnimTicksPerSecond;
}

template Animation {
 <3d82ab4f-62da-11cf-ab39-0020af71e433>
 [...]
}

template AnimationSet {
 <3d82ab50-62da-11cf-ab39-0020af71e433>
 [Animation <3d82ab4f-62da-11cf-ab39-0020af71e433>]
}

template FloatKeys {
 <10dd46a9-775b-11cf-8f52-0040333594a3>
 DWORD nValues;
 array FLOAT values[nValues];
}

template TimedFloatKeys {
 <f406b180-7b3b-11cf-8f52-0040333594a3>
 DWORD time;
 FloatKeys tfkeys;
}

template AnimationKey {
 <10dd46a8-775b-11cf-8f52-0040333594a3>
 DWORD keyType;
 DWORD nKeys;
 array TimedFloatKeys keys[nKeys];
}


Frame ARM_female_framework {
 

 FrameTransformMatrix {
  -0.003937,0.000000,-0.000000,0.000000,-0.000000,-0.000000,0.003937,0.000000,-0.000000,0.003937,0.000000,0.000000,0.000000,0.000000,0.000000,1.000000;;
 }

 Frame _0__-com {
  

  FrameTransformMatrix {
   1.000000,0.000000,0.000000,0.000000,-0.000000,-0.000000,1.000000,0.000000,0.000000,-1.000000,-0.000000,0.000000,-0.026700,-6.911801,108.164301,1.000000;;
  }

  Frame _1___body {
   

   FrameTransformMatrix {
    -0.000000,0.000000,1.000000,0.000000,1.000000,-0.000000,0.000000,0.000000,0.000000,1.000000,0.000000,0.000000,0.000000,0.000000,-3.651900,1.000000;;
   }

   Frame _3___bodytooll {
    

    FrameTransformMatrix {
     0.000001,-1.000001,0.000000,0.000000,-0.766020,-0.000000,0.642817,0.000000,-0.642817,-0.000000,-0.766020,0.000000,-0.533601,15.718101,3.686905,1.000000;;
    }

    Frame _3___bodytooll_end {
     

     FrameTransformMatrix {
      1.000000,0.000000,-0.000000,0.000000,-0.000000,1.000000,0.000000,0.000000,0.000000,-0.000000,1.000000,0.000000,0.000000,0.000000,0.999970,1.000000;;
     }
    }
   }

   Frame _4___bodytoolr {
    

    FrameTransformMatrix {
     0.000000,-1.000000,-0.000000,0.000000,-0.766020,-0.000000,0.642817,0.000000,-0.642817,-0.000000,-0.766020,0.000000,-0.533600,-15.718101,3.686905,1.000000;;
    }

    Frame _4___bodytoolr_end {
     

     FrameTransformMatrix {
      1.000000,0.000000,0.000000,0.000000,-0.000000,1.000000,0.000000,0.000000,0.000000,0.000000,1.000000,0.000000,0.000000,0.000000,0.999977,1.000000;;
     }
    }
   }

   Frame _5___chest {
    

    FrameTransformMatrix {
     0.981785,-0.000000,0.189998,0.000000,0.000000,1.000000,0.000000,0.000000,-0.189998,-0.000000,0.981785,0.000000,-0.021400,-0.000000,9.549721,1.000000;;
    }

    Frame _8___backtool {
     

     FrameTransformMatrix {
      -0.064975,-0.939699,-0.335777,0.000000,-0.935881,-0.059379,0.347277,0.000000,-0.346273,0.336811,-0.875588,0.000000,-8.742859,-5.451801,27.626662,1.000000;;
     }

     Frame _8___backtool_end {
      

      FrameTransformMatrix {
       1.000000,0.000000,0.000000,0.000000,0.000000,1.000000,0.000000,0.000000,-0.000000,0.000000,1.000000,0.000000,0.000004,-0.000004,0.999970,1.000000;;
      }
     }
    }

    Frame _9__-neck {
     

     FrameTransformMatrix {
      0.987693,0.000000,-0.156407,0.000000,-0.000000,1.000000,-0.000000,0.000000,0.156407,0.000000,0.987693,0.000000,-0.003899,0.000000,27.342317,1.000000;;
     }

     Frame _12___head {
      

      FrameTransformMatrix {
       0.999418,0.000000,-0.034101,0.000000,-0.000000,1.000000,-0.000000,0.000000,0.034101,0.000000,0.999418,0.000000,0.000072,0.000000,3.870026,1.000000;;
      }

      Frame _12___head_end {
       

       FrameTransformMatrix {
        1.000000,-0.000000,0.000000,0.000000,-0.000000,1.000000,-0.000000,0.000000,0.000000,0.000000,1.000000,0.000000,0.000000,0.000000,1.000000,1.000000;;
       }
      }
     }

     Frame _13__-claviclel {
      

      FrameTransformMatrix {
       -0.987565,-0.000003,-0.157210,0.000000,-0.154077,0.198650,0.967883,0.000000,0.031227,0.980071,-0.196180,0.000000,0.003101,2.222800,0.000000,1.000000;;
      }

      Frame _17___arm1l {
       

       FrameTransformMatrix {
        0.981630,0.186939,-0.038154,0.000000,-0.002170,0.210902,0.977504,0.000000,0.190780,-0.959465,0.207434,0.000000,-0.000044,-0.000275,10.799992,1.000000;;
       }

       Frame _19___arm2l {
        

        FrameTransformMatrix {
         0.999968,0.000231,0.008000,0.000000,-0.000231,1.000000,0.000001,0.000000,-0.008000,-0.000003,0.999968,0.000000,0.000001,0.000740,24.923141,1.000000;;
        }

        Frame _21___arm2tooll {
         

         FrameTransformMatrix {
          -0.000071,-0.999920,-0.012700,0.000000,-0.008004,0.012700,-0.999887,0.000000,0.999968,0.000031,-0.008004,0.000000,-0.145995,4.385860,12.630501,1.000000;;
         }

         Frame _21___arm2tooll_end {
          

          FrameTransformMatrix {
           1.000000,-0.000000,-0.000000,0.000000,0.000000,1.000000,0.000000,0.000000,0.000000,0.000000,1.000000,0.000000,0.000000,0.000015,1.000000,1.000000;;
          }
         }
        }

        Frame _22___handl {
         

         FrameTransformMatrix {
          0.000851,-1.000000,-0.000000,0.000000,0.999999,0.000851,-0.000000,0.000000,0.000000,-0.000000,1.000000,0.000000,-0.000318,0.000735,21.485435,1.000000;;
         }

         Frame _24___handtooll {
          

          FrameTransformMatrix {
           -0.999919,0.000922,0.012700,0.000000,-0.012730,-0.095151,-0.995382,0.000000,0.000290,-0.995463,0.095155,0.000000,0.776832,-0.823417,7.655960,1.000000;;
          }

          Frame _24___handtooll_end {
           

           FrameTransformMatrix {
            1.000000,-0.000000,0.000000,0.000000,0.000000,1.000000,0.000000,0.000000,0.000000,-0.000000,1.000000,0.000000,-0.000001,0.000008,1.000009,1.000000;;
           }
          }
         }
        }
       }
      }
     }

     Frame _14__-clavicler {
      

      FrameTransformMatrix {
       -0.987565,0.000003,-0.157209,0.000000,0.154077,0.198650,-0.967883,0.000000,0.031227,-0.980071,-0.196180,0.000000,0.003101,-2.222700,0.000000,1.000000;;
      }

      Frame _18___arm1r {
       

       FrameTransformMatrix {
        0.981630,-0.186938,-0.038154,0.000000,0.002170,0.210902,-0.977504,0.000000,0.190780,0.959466,0.207433,0.000000,-0.000149,0.000214,10.799986,1.000000;;
       }

       Frame _20___arm2r {
        

        FrameTransformMatrix {
         0.999968,-0.000231,0.008000,0.000000,0.000231,1.000000,-0.000001,0.000000,-0.008000,0.000003,0.999968,0.000000,0.000001,-0.000858,24.923141,1.000000;;
        }

        Frame _23___handr {
         

         FrameTransformMatrix {
          0.000851,1.000000,-0.000000,0.000000,-1.000000,0.000851,-0.000000,0.000000,0.000000,0.000000,1.000000,0.000000,-0.000218,-0.000738,21.485443,1.000000;;
         }

         Frame _25___handtoolr {
          

          FrameTransformMatrix {
           0.999919,0.000922,-0.012700,0.000000,-0.012730,0.095151,-0.995382,0.000000,0.000290,0.995463,0.095155,0.000000,0.776835,0.823417,7.655968,1.000000;;
          }

          Frame _25___handtoolr_end {
           

           FrameTransformMatrix {
            1.000000,0.000000,0.000000,0.000000,0.000000,1.000000,0.000000,0.000000,-0.000000,-0.000000,1.000000,0.000000,0.000000,0.000000,1.000009,1.000000;;
           }
          }
         }
        }
       }
      }
     }
    }
   }

   Frame _6___leg1l {
    

    FrameTransformMatrix {
     0.999944,-0.000000,-0.022205,0.000000,-0.000000,-1.000000,0.000000,0.000000,-0.022201,-0.000000,-0.999754,0.000000,-0.000000,6.246401,0.000008,1.000000;;
    }

    Frame _10___leg2l {
     

     FrameTransformMatrix {
      1.000000,-0.000000,-0.000700,0.000000,0.000000,1.000000,-0.000000,0.000000,0.000700,0.000000,1.000000,0.000000,0.001374,0.000002,48.600035,1.000000;;
     }

     Frame _15__-footl {
      

      FrameTransformMatrix {
       0.999769,-0.000000,-0.021495,0.000000,0.000000,1.000000,0.000000,0.000000,0.021495,-0.000000,0.999769,0.000000,0.001975,0.000000,48.600090,1.000000;;
      }

      Frame _15__-footl_end {
       

       FrameTransformMatrix {
        1.000000,0.000000,0.000000,0.000000,0.000000,1.000000,-0.000000,0.000000,0.000000,0.000000,1.000000,0.000000,0.000000,0.000000,1.000002,1.000000;;
       }
      }
     }
    }
   }

   Frame _7___leg1r {
    

    FrameTransformMatrix {
     0.999944,-0.000000,-0.022205,0.000000,-0.000000,-1.000000,0.000000,0.000000,-0.022201,-0.000000,-0.999754,0.000000,0.000001,-6.246401,0.000008,1.000000;;
    }

    Frame _11___leg2r {
     

     FrameTransformMatrix {
      1.000000,-0.000000,-0.000700,0.000000,0.000000,1.000000,0.000000,0.000000,0.000700,-0.000000,1.000000,0.000000,0.001374,0.000001,48.600042,1.000000;;
     }

     Frame _16__-footr {
      

      FrameTransformMatrix {
       0.999769,-0.000000,-0.021495,0.000000,0.000000,1.000000,-0.000000,0.000000,0.021495,0.000000,0.999769,0.000000,0.001970,0.000001,48.600086,1.000000;;
      }

      Frame _16__-footr_end {
       

       FrameTransformMatrix {
        1.000000,0.000000,0.000000,0.000000,0.000000,1.000000,0.000000,0.000000,0.000000,0.000000,1.000000,0.000000,0.000000,0.000000,1.000002,1.000000;;
       }
      }
     }
    }
   }
  }

  Frame _2__-footsteps {
   

   FrameTransformMatrix {
    -0.000000,0.000000,-1.000000,0.000000,0.000000,1.000000,0.000000,0.000000,1.000000,0.000000,-0.000000,0.000000,0.000000,-108.164006,0.000001,1.000000;;
   }

   Frame _2__-footsteps_end {
    

    FrameTransformMatrix {
     1.000000,-0.000000,0.000000,0.000000,0.000000,1.000000,0.000000,0.000000,0.000000,-0.000000,1.000000,0.000000,0.000000,0.000000,1.000000,1.000000;;
    }
   }
  }
 }
}

AnimTicksPerSecond  {
 4800;
}

AnimationSet Dummy {
 

 Animation {
  
  { ARM_female_framework }

  AnimationKey  {
   4;
   2;
   0;16;-0.003937,0.000000,-0.000000,0.000000,-0.000000,-0.000000,0.003937,0.000000,-0.000000,0.003937,0.000000,0.000000,0.000000,0.000000,0.000000,1.000000;;,
   160;16;-0.003937,0.000000,-0.000000,0.000000,-0.000000,-0.000000,0.003937,0.000000,-0.000000,0.003937,0.000000,0.000000,0.000000,0.000000,0.000000,1.000000;;;
  }
 }

 Animation {
  
  { _0__-com }

  AnimationKey  {
   4;
   2;
   0;16;1.000000,0.000000,0.000000,0.000000,-0.000000,-0.000000,1.000000,0.000000,0.000000,-1.000000,-0.000000,0.000000,-0.026700,-6.911801,108.164301,1.000000;;,
   160;16;1.000000,0.000000,0.000000,0.000000,-0.000000,-0.000000,1.000000,0.000000,0.000000,-1.000000,-0.000000,0.000000,-0.026700,-6.911801,108.164301,1.000000;;;
  }
 }

 Animation {
  
  { _1___body }

  AnimationKey  {
   4;
   2;
   0;16;-0.000000,0.000000,1.000000,0.000000,1.000000,-0.000000,0.000000,0.000000,0.000000,1.000000,0.000000,0.000000,0.000000,0.000000,-3.651900,1.000000;;,
   160;16;-0.000000,0.000000,1.000000,0.000000,1.000000,-0.000000,0.000000,0.000000,0.000000,1.000000,0.000000,0.000000,0.000000,0.000000,-3.651900,1.000000;;;
  }
 }

 Animation {
  
  { _3___bodytooll }

  AnimationKey  {
   4;
   2;
   0;16;0.000001,-1.000001,0.000000,0.000000,-0.766020,-0.000000,0.642817,0.000000,-0.642817,-0.000000,-0.766020,0.000000,-0.533601,15.718101,3.686905,1.000000;;,
   160;16;0.000001,-1.000001,0.000000,0.000000,-0.766020,-0.000000,0.642817,0.000000,-0.642817,-0.000000,-0.766020,0.000000,-0.533601,15.718101,3.686905,1.000000;;;
  }
 }

 Animation {
  
  { _3___bodytooll_end }

  AnimationKey  {
   4;
   2;
   0;16;1.000000,0.000000,-0.000000,0.000000,-0.000000,1.000000,0.000000,0.000000,0.000000,-0.000000,1.000000,0.000000,0.000000,0.000000,0.999970,1.000000;;,
   160;16;1.000000,0.000000,-0.000000,0.000000,-0.000000,1.000000,0.000000,0.000000,0.000000,-0.000000,1.000000,0.000000,0.000000,0.000000,0.999970,1.000000;;;
  }
 }

 Animation {
  
  { _4___bodytoolr }

  AnimationKey  {
   4;
   2;
   0;16;0.000000,-1.000000,-0.000000,0.000000,-0.766020,-0.000000,0.642817,0.000000,-0.642817,-0.000000,-0.766020,0.000000,-0.533600,-15.718101,3.686905,1.000000;;,
   160;16;0.000000,-1.000000,-0.000000,0.000000,-0.766020,-0.000000,0.642817,0.000000,-0.642817,-0.000000,-0.766020,0.000000,-0.533600,-15.718101,3.686905,1.000000;;;
  }
 }

 Animation {
  
  { _4___bodytoolr_end }

  AnimationKey  {
   4;
   2;
   0;16;1.000000,0.000000,0.000000,0.000000,-0.000000,1.000000,0.000000,0.000000,0.000000,0.000000,1.000000,0.000000,0.000000,0.000000,0.999977,1.000000;;,
   160;16;1.000000,0.000000,0.000000,0.000000,-0.000000,1.000000,0.000000,0.000000,0.000000,0.000000,1.000000,0.000000,0.000000,0.000000,0.999977,1.000000;;;
  }
 }

 Animation {
  
  { _5___chest }

  AnimationKey  {
   4;
   2;
   0;16;0.981785,-0.000000,0.189998,0.000000,0.000000,1.000000,0.000000,0.000000,-0.189998,-0.000000,0.981785,0.000000,-0.021400,-0.000000,9.549721,1.000000;;,
   160;16;0.981785,-0.000000,0.189998,0.000000,0.000000,1.000000,0.000000,0.000000,-0.189998,-0.000000,0.981785,0.000000,-0.021400,-0.000000,9.549721,1.000000;;;
  }
 }

 Animation {
  
  { _8___backtool }

  AnimationKey  {
   4;
   2;
   0;16;-0.064975,-0.939699,-0.335777,0.000000,-0.935881,-0.059379,0.347277,0.000000,-0.346273,0.336811,-0.875588,0.000000,-8.742859,-5.451801,27.626662,1.000000;;,
   160;16;-0.064975,-0.939699,-0.335777,0.000000,-0.935881,-0.059379,0.347277,0.000000,-0.346273,0.336811,-0.875588,0.000000,-8.742859,-5.451801,27.626662,1.000000;;;
  }
 }

 Animation {
  
  { _8___backtool_end }

  AnimationKey  {
   4;
   2;
   0;16;1.000000,0.000000,0.000000,0.000000,0.000000,1.000000,0.000000,0.000000,-0.000000,0.000000,1.000000,0.000000,0.000004,-0.000004,0.999970,1.000000;;,
   160;16;1.000000,0.000000,0.000000,0.000000,0.000000,1.000000,0.000000,0.000000,-0.000000,0.000000,1.000000,0.000000,0.000004,-0.000004,0.999970,1.000000;;;
  }
 }

 Animation {
  
  { _9__-neck }

  AnimationKey  {
   4;
   2;
   0;16;0.987693,0.000000,-0.156407,0.000000,-0.000000,1.000000,-0.000000,0.000000,0.156407,0.000000,0.987693,0.000000,-0.003899,0.000000,27.342317,1.000000;;,
   160;16;0.987693,0.000000,-0.156407,0.000000,-0.000000,1.000000,-0.000000,0.000000,0.156407,0.000000,0.987693,0.000000,-0.003899,0.000000,27.342317,1.000000;;;
  }
 }

 Animation {
  
  { _12___head }

  AnimationKey  {
   4;
   2;
   0;16;0.999418,0.000000,-0.034101,0.000000,-0.000000,1.000000,-0.000000,0.000000,0.034101,0.000000,0.999418,0.000000,0.000072,0.000000,3.870026,1.000000;;,
   160;16;0.999418,0.000000,-0.034101,0.000000,-0.000000,1.000000,-0.000000,0.000000,0.034101,0.000000,0.999418,0.000000,0.000072,0.000000,3.870026,1.000000;;;
  }
 }

 Animation {
  
  { _12___head_end }

  AnimationKey  {
   4;
   2;
   0;16;1.000000,-0.000000,0.000000,0.000000,-0.000000,1.000000,-0.000000,0.000000,0.000000,0.000000,1.000000,0.000000,0.000000,0.000000,1.000000,1.000000;;,
   160;16;1.000000,-0.000000,0.000000,0.000000,-0.000000,1.000000,-0.000000,0.000000,0.000000,0.000000,1.000000,0.000000,0.000000,0.000000,1.000000,1.000000;;;
  }
 }

 Animation {
  
  { _13__-claviclel }

  AnimationKey  {
   4;
   2;
   0;16;-0.987565,-0.000003,-0.157210,0.000000,-0.154077,0.198650,0.967883,0.000000,0.031227,0.980071,-0.196180,0.000000,0.003101,2.222800,0.000000,1.000000;;,
   160;16;-0.987565,-0.000003,-0.157210,0.000000,-0.154077,0.198650,0.967883,0.000000,0.031227,0.980071,-0.196180,0.000000,0.003101,2.222800,0.000000,1.000000;;;
  }
 }

 Animation {
  
  { _17___arm1l }

  AnimationKey  {
   4;
   2;
   0;16;0.981630,0.186939,-0.038154,0.000000,-0.002170,0.210902,0.977504,0.000000,0.190780,-0.959465,0.207434,0.000000,-0.000044,-0.000275,10.799992,1.000000;;,
   160;16;0.981630,0.186939,-0.038154,0.000000,-0.002170,0.210902,0.977504,0.000000,0.190780,-0.959465,0.207434,0.000000,-0.000044,-0.000275,10.799992,1.000000;;;
  }
 }

 Animation {
  
  { _19___arm2l }

  AnimationKey  {
   4;
   2;
   0;16;0.999968,0.000231,0.008000,0.000000,-0.000231,1.000000,0.000001,0.000000,-0.008000,-0.000003,0.999968,0.000000,0.000001,0.000740,24.923141,1.000000;;,
   160;16;0.999968,0.000231,0.008000,0.000000,-0.000231,1.000000,0.000001,0.000000,-0.008000,-0.000003,0.999968,0.000000,0.000001,0.000740,24.923141,1.000000;;;
  }
 }

 Animation {
  
  { _21___arm2tooll }

  AnimationKey  {
   4;
   2;
   0;16;-0.000071,-0.999920,-0.012700,0.000000,-0.008004,0.012700,-0.999887,0.000000,0.999968,0.000031,-0.008004,0.000000,-0.145995,4.385860,12.630501,1.000000;;,
   160;16;-0.000071,-0.999920,-0.012700,0.000000,-0.008004,0.012700,-0.999887,0.000000,0.999968,0.000031,-0.008004,0.000000,-0.145995,4.385860,12.630501,1.000000;;;
  }
 }

 Animation {
  
  { _21___arm2tooll_end }

  AnimationKey  {
   4;
   2;
   0;16;1.000000,-0.000000,-0.000000,0.000000,0.000000,1.000000,0.000000,0.000000,0.000000,0.000000,1.000000,0.000000,0.000000,0.000015,1.000000,1.000000;;,
   160;16;1.000000,-0.000000,-0.000000,0.000000,0.000000,1.000000,0.000000,0.000000,0.000000,0.000000,1.000000,0.000000,0.000000,0.000015,1.000000,1.000000;;;
  }
 }

 Animation {
  
  { _22___handl }

  AnimationKey  {
   4;
   2;
   0;16;0.000851,-1.000000,-0.000000,0.000000,0.999999,0.000851,-0.000000,0.000000,0.000000,-0.000000,1.000000,0.000000,-0.000318,0.000735,21.485435,1.000000;;,
   160;16;0.000851,-1.000000,-0.000000,0.000000,0.999999,0.000851,-0.000000,0.000000,0.000000,-0.000000,1.000000,0.000000,-0.000318,0.000735,21.485435,1.000000;;;
  }
 }

 Animation {
  
  { _24___handtooll }

  AnimationKey  {
   4;
   2;
   0;16;-0.999919,0.000922,0.012700,0.000000,-0.012730,-0.095151,-0.995382,0.000000,0.000290,-0.995463,0.095155,0.000000,0.776832,-0.823417,7.655960,1.000000;;,
   160;16;-0.999919,0.000922,0.012700,0.000000,-0.012730,-0.095151,-0.995382,0.000000,0.000290,-0.995463,0.095155,0.000000,0.776832,-0.823417,7.655960,1.000000;;;
  }
 }

 Animation {
  
  { _24___handtooll_end }

  AnimationKey  {
   4;
   2;
   0;16;1.000000,-0.000000,0.000000,0.000000,0.000000,1.000000,0.000000,0.000000,0.000000,-0.000000,1.000000,0.000000,-0.000001,0.000008,1.000009,1.000000;;,
   160;16;1.000000,-0.000000,0.000000,0.000000,0.000000,1.000000,0.000000,0.000000,0.000000,-0.000000,1.000000,0.000000,-0.000001,0.000008,1.000009,1.000000;;;
  }
 }

 Animation {
  
  { _14__-clavicler }

  AnimationKey  {
   4;
   2;
   0;16;-0.987565,0.000003,-0.157209,0.000000,0.154077,0.198650,-0.967883,0.000000,0.031227,-0.980071,-0.196180,0.000000,0.003101,-2.222700,0.000000,1.000000;;,
   160;16;-0.987565,0.000003,-0.157209,0.000000,0.154077,0.198650,-0.967883,0.000000,0.031227,-0.980071,-0.196180,0.000000,0.003101,-2.222700,0.000000,1.000000;;;
  }
 }

 Animation {
  
  { _18___arm1r }

  AnimationKey  {
   4;
   2;
   0;16;0.981630,-0.186938,-0.038154,0.000000,0.002170,0.210902,-0.977504,0.000000,0.190780,0.959466,0.207433,0.000000,-0.000149,0.000214,10.799986,1.000000;;,
   160;16;0.981630,-0.186938,-0.038154,0.000000,0.002170,0.210902,-0.977504,0.000000,0.190780,0.959466,0.207433,0.000000,-0.000149,0.000214,10.799986,1.000000;;;
  }
 }

 Animation {
  
  { _20___arm2r }

  AnimationKey  {
   4;
   2;
   0;16;0.999968,-0.000231,0.008000,0.000000,0.000231,1.000000,-0.000001,0.000000,-0.008000,0.000003,0.999968,0.000000,0.000001,-0.000858,24.923141,1.000000;;,
   160;16;0.999968,-0.000231,0.008000,0.000000,0.000231,1.000000,-0.000001,0.000000,-0.008000,0.000003,0.999968,0.000000,0.000001,-0.000858,24.923141,1.000000;;;
  }
 }

 Animation {
  
  { _23___handr }

  AnimationKey  {
   4;
   2;
   0;16;0.000851,1.000000,-0.000000,0.000000,-1.000000,0.000851,-0.000000,0.000000,0.000000,0.000000,1.000000,0.000000,-0.000218,-0.000738,21.485443,1.000000;;,
   160;16;0.000851,1.000000,-0.000000,0.000000,-1.000000,0.000851,-0.000000,0.000000,0.000000,0.000000,1.000000,0.000000,-0.000218,-0.000738,21.485443,1.000000;;;
  }
 }

 Animation {
  
  { _25___handtoolr }

  AnimationKey  {
   4;
   2;
   0;16;0.999919,0.000922,-0.012700,0.000000,-0.012730,0.095151,-0.995382,0.000000,0.000290,0.995463,0.095155,0.000000,0.776835,0.823417,7.655968,1.000000;;,
   160;16;0.999919,0.000922,-0.012700,0.000000,-0.012730,0.095151,-0.995382,0.000000,0.000290,0.995463,0.095155,0.000000,0.776835,0.823417,7.655968,1.000000;;;
  }
 }

 Animation {
  
  { _25___handtoolr_end }

  AnimationKey  {
   4;
   2;
   0;16;1.000000,0.000000,0.000000,0.000000,0.000000,1.000000,0.000000,0.000000,-0.000000,-0.000000,1.000000,0.000000,0.000000,0.000000,1.000009,1.000000;;,
   160;16;1.000000,0.000000,0.000000,0.000000,0.000000,1.000000,0.000000,0.000000,-0.000000,-0.000000,1.000000,0.000000,0.000000,0.000000,1.000009,1.000000;;;
  }
 }

 Animation {
  
  { _6___leg1l }

  AnimationKey  {
   4;
   2;
   0;16;0.999944,-0.000000,-0.022205,0.000000,-0.000000,-1.000000,0.000000,0.000000,-0.022201,-0.000000,-0.999754,0.000000,-0.000000,6.246401,0.000008,1.000000;;,
   160;16;0.999944,-0.000000,-0.022205,0.000000,-0.000000,-1.000000,0.000000,0.000000,-0.022201,-0.000000,-0.999754,0.000000,-0.000000,6.246401,0.000008,1.000000;;;
  }
 }

 Animation {
  
  { _10___leg2l }

  AnimationKey  {
   4;
   2;
   0;16;1.000000,-0.000000,-0.000700,0.000000,0.000000,1.000000,-0.000000,0.000000,0.000700,0.000000,1.000000,0.000000,0.001374,0.000002,48.600035,1.000000;;,
   160;16;1.000000,-0.000000,-0.000700,0.000000,0.000000,1.000000,-0.000000,0.000000,0.000700,0.000000,1.000000,0.000000,0.001374,0.000002,48.600035,1.000000;;;
  }
 }

 Animation {
  
  { _15__-footl }

  AnimationKey  {
   4;
   2;
   0;16;0.999769,-0.000000,-0.021495,0.000000,0.000000,1.000000,0.000000,0.000000,0.021495,-0.000000,0.999769,0.000000,0.001975,0.000000,48.600090,1.000000;;,
   160;16;0.999769,-0.000000,-0.021495,0.000000,0.000000,1.000000,0.000000,0.000000,0.021495,-0.000000,0.999769,0.000000,0.001975,0.000000,48.600090,1.000000;;;
  }
 }

 Animation {
  
  { _15__-footl_end }

  AnimationKey  {
   4;
   2;
   0;16;1.000000,0.000000,0.000000,0.000000,0.000000,1.000000,-0.000000,0.000000,0.000000,0.000000,1.000000,0.000000,0.000000,0.000000,1.000002,1.000000;;,
   160;16;1.000000,0.000000,0.000000,0.000000,0.000000,1.000000,-0.000000,0.000000,0.000000,0.000000,1.000000,0.000000,0.000000,0.000000,1.000002,1.000000;;;
  }
 }

 Animation {
  
  { _7___leg1r }

  AnimationKey  {
   4;
   2;
   0;16;0.999944,-0.000000,-0.022205,0.000000,-0.000000,-1.000000,0.000000,0.000000,-0.022201,-0.000000,-0.999754,0.000000,0.000001,-6.246401,0.000008,1.000000;;,
   160;16;0.999944,-0.000000,-0.022205,0.000000,-0.000000,-1.000000,0.000000,0.000000,-0.022201,-0.000000,-0.999754,0.000000,0.000001,-6.246401,0.000008,1.000000;;;
  }
 }

 Animation {
  
  { _11___leg2r }

  AnimationKey  {
   4;
   2;
   0;16;1.000000,-0.000000,-0.000700,0.000000,0.000000,1.000000,0.000000,0.000000,0.000700,-0.000000,1.000000,0.000000,0.001374,0.000001,48.600042,1.000000;;,
   160;16;1.000000,-0.000000,-0.000700,0.000000,0.000000,1.000000,0.000000,0.000000,0.000700,-0.000000,1.000000,0.000000,0.001374,0.000001,48.600042,1.000000;;;
  }
 }

 Animation {
  
  { _16__-footr }

  AnimationKey  {
   4;
   2;
   0;16;0.999769,-0.000000,-0.021495,0.000000,0.000000,1.000000,-0.000000,0.000000,0.021495,0.000000,0.999769,0.000000,0.001970,0.000001,48.600086,1.000000;;,
   160;16;0.999769,-0.000000,-0.021495,0.000000,0.000000,1.000000,-0.000000,0.000000,0.021495,0.000000,0.999769,0.000000,0.001970,0.000001,48.600086,1.000000;;;
  }
 }

 Animation {
  
  { _16__-footr_end }

  AnimationKey  {
   4;
   2;
   0;16;1.000000,0.000000,0.000000,0.000000,0.000000,1.000000,0.000000,0.000000,0.000000,0.000000,1.000000,0.000000,0.000000,0.000000,1.000002,1.000000;;,
   160;16;1.000000,0.000000,0.000000,0.000000,0.000000,1.000000,0.000000,0.000000,0.000000,0.000000,1.000000,0.000000,0.000000,0.000000,1.000002,1.000000;;;
  }
 }

 Animation {
  
  { _2__-footsteps }

  AnimationKey  {
   4;
   2;
   0;16;-0.000000,0.000000,-1.000000,0.000000,0.000000,1.000000,0.000000,0.000000,1.000000,0.000000,-0.000000,0.000000,0.000000,-108.164006,0.000001,1.000000;;,
   160;16;-0.000000,0.000000,-1.000000,0.000000,0.000000,1.000000,0.000000,0.000000,1.000000,0.000000,-0.000000,0.000000,0.000000,-108.164006,0.000001,1.000000;;;
  }
 }

 Animation {
  
  { _2__-footsteps_end }

  AnimationKey  {
   4;
   2;
   0;16;1.000000,-0.000000,0.000000,0.000000,0.000000,1.000000,0.000000,0.000000,0.000000,-0.000000,1.000000,0.000000,0.000000,0.000000,1.000000,1.000000;;,
   160;16;1.000000,-0.000000,0.000000,0.000000,0.000000,1.000000,0.000000,0.000000,0.000000,-0.000000,1.000000,0.000000,0.000000,0.000000,1.000000,1.000000;;;
  }
 }
}