xof 0303txt 0032
template ColorRGBA {
 <35ff44e0-6c7c-11cf-8f52-0040333594a3>
 FLOAT red;
 FLOAT green;
 FLOAT blue;
 FLOAT alpha;
}

template ColorRGB {
 <d3e16e81-7835-11cf-8f52-0040333594a3>
 FLOAT red;
 FLOAT green;
 FLOAT blue;
}

template Material {
 <3d82ab4d-62da-11cf-ab39-0020af71e433>
 ColorRGBA faceColor;
 FLOAT power;
 ColorRGB specularColor;
 ColorRGB emissiveColor;
 [...]
}

template TextureFilename {
 <a42790e1-7810-11cf-8f52-0040333594a3>
 STRING filename;
}

template Frame {
 <3d82ab46-62da-11cf-ab39-0020af71e433>
 [...]
}

template Matrix4x4 {
 <f6f23f45-7686-11cf-8f52-0040333594a3>
 array FLOAT matrix[16];
}

template FrameTransformMatrix {
 <f6f23f41-7686-11cf-8f52-0040333594a3>
 Matrix4x4 frameMatrix;
}

template Vector {
 <3d82ab5e-62da-11cf-ab39-0020af71e433>
 FLOAT x;
 FLOAT y;
 FLOAT z;
}

template MeshFace {
 <3d82ab5f-62da-11cf-ab39-0020af71e433>
 DWORD nFaceVertexIndices;
 array DWORD faceVertexIndices[nFaceVertexIndices];
}

template Mesh {
 <3d82ab44-62da-11cf-ab39-0020af71e433>
 DWORD nVertices;
 array Vector vertices[nVertices];
 DWORD nFaces;
 array MeshFace faces[nFaces];
 [...]
}

template MeshNormals {
 <f6f23f43-7686-11cf-8f52-0040333594a3>
 DWORD nNormals;
 array Vector normals[nNormals];
 DWORD nFaceNormals;
 array MeshFace faceNormals[nFaceNormals];
}

template MeshMaterialList {
 <f6f23f42-7686-11cf-8f52-0040333594a3>
 DWORD nMaterials;
 DWORD nFaceIndexes;
 array DWORD faceIndexes[nFaceIndexes];
 [Material <3d82ab4d-62da-11cf-ab39-0020af71e433>]
}

template Coords2d {
 <f6f23f44-7686-11cf-8f52-0040333594a3>
 FLOAT u;
 FLOAT v;
}

template MeshTextureCoords {
 <f6f23f40-7686-11cf-8f52-0040333594a3>
 DWORD nTextureCoords;
 array Coords2d textureCoords[nTextureCoords];
}

template XSkinMeshHeader {
 <3cf169ce-ff7c-44ab-93c0-f78f62d172e2>
 WORD nMaxSkinWeightsPerVertex;
 WORD nMaxSkinWeightsPerFace;
 WORD nBones;
}

template SkinWeights {
 <6f0d123b-bad2-4167-a0d0-80224f25fabb>
 STRING transformNodeName;
 DWORD nWeights;
 array DWORD vertexIndices[nWeights];
 array FLOAT weights[nWeights];
 Matrix4x4 matrixOffset;
}

template AnimTicksPerSecond {
 <9e415a43-7ba6-4a73-8743-b73d47e88476>
 DWORD AnimTicksPerSecond;
}

template Animation {
 <3d82ab4f-62da-11cf-ab39-0020af71e433>
 [...]
}

template AnimationSet {
 <3d82ab50-62da-11cf-ab39-0020af71e433>
 [Animation <3d82ab4f-62da-11cf-ab39-0020af71e433>]
}

template FloatKeys {
 <10dd46a9-775b-11cf-8f52-0040333594a3>
 DWORD nValues;
 array FLOAT values[nValues];
}

template TimedFloatKeys {
 <f406b180-7b3b-11cf-8f52-0040333594a3>
 DWORD time;
 FloatKeys tfkeys;
}

template AnimationKey {
 <10dd46a8-775b-11cf-8f52-0040333594a3>
 DWORD keyType;
 DWORD nKeys;
 array TimedFloatKeys keys[nKeys];
}


Material bodymap01 {
 1.000000;1.000000;1.000000;0.200000;;
 32.642128;
 0.025000;0.025000;0.025000;;
 0.000000;0.000000;0.000000;;

 TextureFilename {
  "bodymap01.dds";
 }
}

Material mouth_0 {
 1.000000;1.000000;1.000000;0.200000;;
 32.642128;
 0.025000;0.025000;0.025000;;
 0.000000;0.000000;0.000000;;

 TextureFilename {
  "mouth_0.dds";
 }
}

Material eye_0 {
 1.000000;1.000000;1.000000;0.200000;;
 32.642128;
 0.025000;0.025000;0.025000;;
 0.000000;0.000000;0.000000;;

 TextureFilename {
  "eye_0.dds";
 }
}

Frame ARM_female_framework {
 

 FrameTransformMatrix {
  39.370080,0.000000,0.000000,0.000000,0.000000,39.370080,0.000005,0.000000,0.000000,-0.000005,39.370080,0.000000,0.000000,0.000000,0.000000,1.000000;;
 }

 Frame _0__-com {
  

  FrameTransformMatrix {
   0.899268,-0.437398,0.000000,0.000000,-0.000000,-0.000000,1.000000,0.000000,-0.437398,-0.899268,-0.000000,0.000000,-1.473600,1.090200,83.633901,1.000000;;
  }

  Frame _1___body {
   

   FrameTransformMatrix {
    0.000024,-0.000025,0.999999,0.000000,0.999386,-0.034984,-0.000025,0.000000,0.034984,0.999386,0.000024,0.000000,-0.000014,0.000000,-3.651834,1.000000;;
   }

   Frame _3___bodytooll {
    

    FrameTransformMatrix {
     0.000043,-0.999978,0.000012,0.000000,-0.767521,-0.000026,0.640990,0.000000,-0.640979,-0.000037,-0.767508,0.000000,-0.533787,15.718427,3.686867,1.000000;;
    }

    Frame _3___bodytooll_end {
     

     FrameTransformMatrix {
      1.000000,0.000000,0.000000,0.000000,0.000000,1.000000,0.000000,0.000000,0.000000,0.000000,1.000000,0.000000,0.000000,-0.000004,0.999973,1.000000;;
     }
    }
   }

   Frame _4___bodytoolr {
    

    FrameTransformMatrix {
     0.000043,-0.999978,0.000012,0.000000,-0.767968,-0.000026,0.640453,0.000000,-0.640442,-0.000037,-0.767955,0.000000,-0.533568,-15.718758,3.686813,1.000000;;
    }

    Frame _4___bodytoolr_end {
     

     FrameTransformMatrix {
      1.000000,0.000000,0.000000,0.000000,-0.000000,1.000000,0.000000,0.000000,0.000000,0.000000,1.000000,0.000000,0.000000,0.000000,0.999973,1.000000;;
     }
    }
   }

   Frame _5___chest {
    

    FrameTransformMatrix {
     0.946962,-0.265646,-0.180817,0.000000,0.287190,0.952065,0.105331,0.000000,0.144169,-0.151673,0.977860,0.000000,-0.020600,-0.327600,9.551994,1.000000;;
    }

    Frame _8___backtool {
     

     FrameTransformMatrix {
      -0.064957,-0.939673,-0.335818,0.000000,-0.935862,-0.059419,0.347288,0.000000,-0.346292,0.336839,-0.875547,0.000000,-8.743160,-5.451446,27.625725,1.000000;;
     }

     Frame _8___backtool_end {
      

      FrameTransformMatrix {
       1.000000,-0.000000,-0.000000,0.000000,0.000000,1.000000,0.000000,0.000000,0.000000,0.000000,1.000000,0.000000,0.000004,0.000000,0.999985,1.000000;;
      }
     }
    }

    Frame _9__-neck {
     

     FrameTransformMatrix {
      0.987685,-0.000000,-0.156455,0.000000,0.000000,1.000000,-0.000000,0.000000,0.156455,0.000000,0.987685,0.000000,-0.002998,0.000001,27.342317,1.000000;;
     }

     Frame _12___head {
      

      FrameTransformMatrix {
       0.765383,0.629823,-0.132337,0.000000,-0.640921,0.727279,-0.245532,0.000000,-0.058396,0.272743,0.960313,0.000000,0.000122,0.000147,3.870323,1.000000;;
      }

      Frame _12___head_end {
       

       FrameTransformMatrix {
        1.000000,0.000000,-0.000000,0.000000,0.000000,1.000000,-0.000000,0.000000,0.000000,-0.000000,1.000000,0.000000,0.000004,0.000000,1.000000,1.000000;;
       }
      }
     }

     Frame _13__-claviclel {
      

      FrameTransformMatrix {
       -0.970288,0.186246,-0.154448,0.000000,-0.108854,0.234067,0.966108,0.000000,0.216085,0.954214,-0.206839,0.000000,0.003117,2.222740,0.000076,1.000000;;
      }

      Frame _17___arm1l {
       

       FrameTransformMatrix {
        0.520303,-0.757583,-0.394148,0.000000,0.834564,0.353213,0.422780,0.000000,-0.181073,-0.548916,0.816030,0.000000,0.000355,0.000061,10.799765,1.000000;;
       }

       Frame _19___arm2l {
        

        FrameTransformMatrix {
         -0.290265,-0.000000,0.956946,0.000000,-0.000000,1.000000,0.000000,0.000000,-0.956946,0.000000,-0.290265,0.000000,0.000374,-0.000397,24.921776,1.000000;;
        }

        Frame _21___arm2tooll {
         

         FrameTransformMatrix {
          -0.000076,-0.999951,-0.012598,0.000000,-0.008104,0.012599,-0.999918,0.000000,0.999998,0.000026,-0.008105,0.000000,-0.145702,4.386082,12.630402,1.000000;;
         }

         Frame _21___arm2tooll_end {
          

          FrameTransformMatrix {
           1.000000,0.000000,0.000000,0.000000,-0.000000,1.000000,0.000000,0.000000,0.000000,-0.000000,1.000000,0.000000,0.000000,0.000000,1.000000,1.000000;;
          }
         }
        }

        Frame _22___handl {
         

         FrameTransformMatrix {
          -0.030178,-0.980100,-0.196201,0.000000,0.998022,-0.040376,0.048187,0.000000,-0.055149,-0.194359,0.979379,0.000000,-0.000240,0.001305,21.485366,1.000000;;
         }

         Frame _24___handtooll {
          

          FrameTransformMatrix {
           -0.999797,0.000954,0.012789,0.000000,-0.012823,-0.095136,-0.995315,0.000000,0.000267,-0.995409,0.095141,0.000000,0.777596,-0.823326,7.655792,1.000000;;
          }

          Frame _24___handtooll_end {
           

           FrameTransformMatrix {
            1.000000,-0.000000,0.000000,0.000000,0.000000,1.000000,-0.000000,0.000000,-0.000000,0.000000,1.000000,0.000000,0.000000,0.000000,1.000023,1.000000;;
           }
          }
         }
        }
       }
      }
     }

     Frame _14__-clavicler {
      

      FrameTransformMatrix {
       -0.966776,-0.204091,-0.153904,0.000000,0.092675,0.281268,-0.955143,0.000000,0.238225,-0.937674,-0.253009,0.000000,0.003082,-2.222629,0.000023,1.000000;;
      }

      Frame _18___arm1r {
       

       FrameTransformMatrix {
        0.276489,0.428774,0.860063,0.000000,0.461376,0.725843,-0.510181,0.000000,-0.843024,0.537871,0.002861,0.000000,-0.000086,0.000160,10.800709,1.000000;;
       }

       Frame _20___arm2r {
        

        FrameTransformMatrix {
         -0.137467,0.000000,0.990506,0.000000,0.000000,1.000000,0.000000,0.000000,-0.990506,-0.000000,-0.137467,0.000000,-0.001129,-0.000443,24.922928,1.000000;;
        }

        Frame _23___handr {
         

         FrameTransformMatrix {
          -0.232248,0.971171,-0.053738,0.000000,-0.945581,-0.238383,-0.221474,0.000000,-0.227900,-0.000624,0.973684,0.000000,-0.000870,0.000538,21.486320,1.000000;;
         }

         Frame _25___handtoolr {
          

          FrameTransformMatrix {
           0.999918,0.000944,-0.012730,0.000000,-0.012762,0.095183,-0.995348,0.000000,0.000272,0.995430,0.095187,0.000000,0.777271,0.822920,7.656067,1.000000;;
          }

          Frame _25___handtoolr_end {
           

           FrameTransformMatrix {
            1.000000,0.000000,-0.000000,0.000000,-0.000000,1.000000,-0.000000,0.000000,0.000000,-0.000000,1.000000,0.000000,-0.000004,0.000023,1.000000,1.000000;;
           }
          }
         }

         Frame _26___i0111 {
          

          FrameTransformMatrix {
           -0.793487,0.603536,0.078249,0.000000,0.070588,0.218977,-0.973173,0.000000,-0.604480,-0.766677,-0.216358,0.000000,6.491406,-2.818743,-43.915629,1.000000;;
          }

          Frame _26___i0111_end {
           

           FrameTransformMatrix {
            1.000000,-0.000000,-0.000000,0.000000,0.000000,1.000000,0.000000,0.000000,-0.000000,0.000000,1.000000,0.000000,0.000000,-0.000004,1.000019,1.000000;;
           }
          }
         }

         Frame _27___i0112 {
          

          FrameTransformMatrix {
           -0.486350,-0.801609,0.347689,0.000000,-0.629793,0.597427,0.496429,0.000000,-0.605660,0.022466,-0.795406,0.000000,-7.932083,-21.113155,-49.079894,1.000000;;
          }

          Frame _27___i0112_end {
           

           FrameTransformMatrix {
            1.000000,0.000000,0.000000,0.000000,-0.000000,1.000000,0.000000,0.000000,0.000000,-0.000000,1.000000,0.000000,0.000004,0.000000,1.000014,1.000000;;
           }
          }
         }

         Frame _28___i0113 {
          

          FrameTransformMatrix {
           -0.180967,0.938406,0.294355,0.000000,0.554638,0.344540,-0.757409,0.000000,-0.812174,0.026195,-0.582826,0.000000,-18.931571,-20.705533,-63.523213,1.000000;;
          }

          Frame _28___i0113_end {
           

           FrameTransformMatrix {
            1.000000,0.000000,-0.000000,0.000000,-0.000000,1.000000,-0.000000,0.000000,0.000000,0.000000,1.000000,0.000000,-0.000008,-0.000008,1.000023,1.000000;;
           }
          }
         }

         Frame _29___i0114 {
          

          FrameTransformMatrix {
           -0.244503,0.935846,0.253791,0.000000,-0.960104,-0.197023,-0.198450,0.000000,-0.135716,-0.292187,0.946682,0.000000,-21.653573,-21.538637,-62.267341,1.000000;;
          }

          Frame _29___i0114_end {
           

           FrameTransformMatrix {
            1.000000,0.000000,0.000000,0.000000,0.000000,1.000000,0.000000,0.000000,-0.000000,-0.000000,1.000000,0.000000,-0.000008,-0.000015,1.000031,1.000000;;
           }
          }
         }

         Frame _30___i0115 {
          

          FrameTransformMatrix {
           -0.185029,0.943095,0.276291,0.000000,-0.658943,0.089518,-0.746847,0.000000,-0.729081,-0.320248,0.604882,0.000000,-23.850502,-21.221685,-64.523347,1.000000;;
          }

          Frame _30___i0115_end {
           

           FrameTransformMatrix {
            1.000000,0.000000,0.000000,0.000000,0.000000,1.000000,0.000000,0.000000,0.000000,0.000000,1.000000,0.000000,0.000004,0.000004,0.999985,1.000000;;
           }
          }
         }

         Frame _31___i0116 {
          

          FrameTransformMatrix {
           0.008048,0.943669,0.330792,0.000000,0.586740,0.263415,-0.765734,0.000000,-0.809736,0.200251,-0.551569,0.000000,-25.411378,-20.686742,-68.236442,1.000000;;
          }

          Frame _31___i0116_end {
           

           FrameTransformMatrix {
            1.000000,-0.000000,0.000000,0.000000,0.000000,1.000000,-0.000000,0.000000,0.000000,-0.000000,1.000000,0.000000,0.000002,0.000008,1.000023,1.000000;;
           }
          }
         }

         Frame _32___i0117 {
          

          FrameTransformMatrix {
           -0.788056,-0.615569,-0.006528,0.000000,-0.137786,0.186710,-0.972705,0.000000,0.599986,-0.765646,-0.231955,0.000000,19.247376,-2.807383,-44.077142,1.000000;;
          }

          Frame _32___i0117_end {
           

           FrameTransformMatrix {
            1.000000,0.000000,0.000000,0.000000,-0.000000,1.000000,-0.000000,0.000000,0.000000,-0.000000,1.000000,0.000000,0.000000,0.000004,1.000038,1.000000;;
           }
          }
         }

         Frame _33___i0118 {
          

          FrameTransformMatrix {
           0.496503,-0.800702,0.335207,0.000000,-0.641095,-0.598601,-0.480286,0.000000,0.585221,0.023564,-0.810532,0.000000,33.568963,-21.075176,-49.606486,1.000000;;
          }

          Frame _33___i0118_end {
           

           FrameTransformMatrix {
            1.000000,0.000000,-0.000000,0.000000,0.000000,1.000000,0.000000,0.000000,-0.000000,0.000000,1.000000,0.000000,0.000000,0.000002,1.000019,1.000000;;
           }
          }
         }

         Frame _34___i0119 {
          

          FrameTransformMatrix {
           0.186709,0.938713,0.289755,0.000000,0.574318,-0.343587,0.743039,0.000000,0.797056,0.027679,-0.603271,0.000000,44.197501,-20.647094,-64.325056,1.000000;;
          }

          Frame _34___i0119_end {
           

           FrameTransformMatrix {
            1.000000,0.000000,0.000000,0.000000,0.000000,1.000000,0.000000,0.000000,-0.000000,0.000000,1.000000,0.000000,0.000002,0.000000,1.000021,1.000000;;
           }
          }
         }

         Frame _35___i0120 {
          

          FrameTransformMatrix {
           -0.001194,0.943578,0.331149,0.000000,0.606479,-0.262613,0.750478,0.000000,0.795098,0.201732,-0.571947,0.000000,50.555670,-20.617062,-69.200877,1.000000;;
          }

          Frame _35___i0120_end {
           

           FrameTransformMatrix {
            1.000000,0.000000,-0.000000,0.000000,-0.000000,1.000000,-0.000000,0.000000,0.000000,-0.000000,1.000000,0.000000,-0.000004,0.000002,1.000019,1.000000;;
           }
          }
         }

         Frame _36___i0121 {
          

          FrameTransformMatrix {
           0.189628,0.943352,0.272265,0.000000,-0.639778,-0.091630,0.763078,0.000000,0.744799,-0.318890,0.586160,0.000000,49.090493,-21.155000,-65.448915,1.000000;;
          }

          Frame _36___i0121_end {
           

           FrameTransformMatrix {
            1.000000,0.000000,0.000000,0.000000,0.000000,1.000000,0.000000,0.000000,-0.000000,0.000000,1.000000,0.000000,0.000002,0.000002,0.999995,1.000000;;
           }
          }
         }

         Frame _37___i0122 {
          

          FrameTransformMatrix {
           0.248423,0.936448,0.247691,0.000000,-0.955303,0.194549,0.222590,0.000000,0.160256,-0.291916,0.942923,0.000000,46.952451,-21.475048,-63.139046,1.000000;;
          }

          Frame _37___i0122_end {
           

           FrameTransformMatrix {
            1.000000,0.000000,-0.000000,0.000000,-0.000000,1.000000,0.000000,0.000000,0.000000,0.000000,1.000000,0.000000,0.000006,-0.000002,1.000027,1.000000;;
           }
          }
         }

         Frame _38___i0123 {
          

          FrameTransformMatrix {
           -0.163455,0.914552,0.369968,0.000000,0.383215,-0.286705,0.878036,0.000000,0.909081,0.285297,-0.303607,0.000000,69.337939,-15.851819,-82.710266,1.000000;;
          }

          Frame _38___i0123_end {
           

           FrameTransformMatrix {
            1.000000,0.000000,0.000000,0.000000,0.000000,1.000000,-0.000000,0.000000,0.000000,0.000000,1.000000,0.000000,0.000004,-0.000004,0.999973,1.000000;;
           }
          }
         }

         Frame _39___i0124 {
          

          FrameTransformMatrix {
           0.171338,0.915045,0.365151,0.000000,0.360157,0.286805,-0.887711,0.000000,-0.917022,0.283610,-0.280419,0.000000,-44.539040,-15.956373,-81.264173,1.000000;;
          }

          Frame _39___i0124_end {
           

           FrameTransformMatrix {
            1.000000,-0.000000,0.000000,0.000000,0.000000,1.000000,-0.000000,0.000000,0.000000,-0.000000,1.000000,0.000000,0.000006,0.000000,0.999970,1.000000;;
           }
          }
         }

         Frame _40___i0125 {
          

          FrameTransformMatrix {
           -0.369478,0.860124,0.351672,0.000000,-0.927884,-0.361931,-0.089650,0.000000,0.050171,-0.359435,0.931821,0.000000,-28.011498,-25.127722,-62.173402,1.000000;;
          }

          Frame _40___i0125_end {
           

           FrameTransformMatrix {
            1.000000,0.000000,0.000000,0.000000,0.000000,1.000000,0.000000,0.000000,0.000000,-0.000000,1.000000,0.000000,0.000000,0.000015,0.999970,1.000000;;
           }
          }
         }

         Frame _41___i0126 {
          

          FrameTransformMatrix {
           -0.171331,0.929994,0.325203,0.000000,-0.754718,0.088282,-0.650082,0.000000,-0.633282,-0.356816,0.686758,0.000000,-30.583482,-24.544848,-64.019578,1.000000;;
          }

          Frame _41___i0126_end {
           

           FrameTransformMatrix {
            1.000000,0.000000,0.000000,0.000000,0.000000,1.000000,0.000000,0.000000,-0.000000,-0.000000,1.000000,0.000000,0.000004,-0.000004,1.000031,1.000000;;
           }
          }
         }

         Frame _42___i0127 {
          

          FrameTransformMatrix {
           -0.038760,0.841737,0.538495,0.000000,0.495699,0.484114,-0.721052,0.000000,-0.867629,0.238983,-0.436013,0.000000,-31.390381,-23.041950,-68.283584,1.000000;;
          }

          Frame _42___i0127_end {
           

           FrameTransformMatrix {
            1.000000,0.000000,-0.000000,0.000000,0.000000,1.000000,0.000000,0.000000,0.000000,0.000000,1.000000,0.000000,0.000000,0.000000,1.000004,1.000000;;
           }
          }
         }

         Frame _43___i0128 {
          

          FrameTransformMatrix {
           0.589973,-0.687908,0.422748,0.000000,-0.624631,-0.720621,-0.300901,0.000000,0.511633,-0.086538,-0.854835,0.000000,39.203962,-21.541008,-47.676288,1.000000;;
          }

          Frame _43___i0128_end {
           

           FrameTransformMatrix {
            1.000000,0.000000,0.000000,0.000000,-0.000000,1.000000,0.000000,0.000000,0.000000,0.000000,1.000000,0.000000,0.000000,-0.000004,1.000057,1.000000;;
           }
          }
         }

         Frame _44___i0129 {
          

          FrameTransformMatrix {
           0.297131,0.835215,0.462741,0.000000,0.508296,-0.548612,0.663823,0.000000,0.808300,0.037967,-0.587546,0.000000,48.749488,-23.155046,-63.623866,1.000000;;
          }

          Frame _44___i0129_end {
           

           FrameTransformMatrix {
            1.000000,0.000000,0.000000,0.000000,0.000000,1.000000,0.000000,0.000000,0.000000,-0.000000,1.000000,0.000000,0.000002,-0.000004,0.999970,1.000000;;
           }
          }
         }

         Frame _45___i0130 {
          

          FrameTransformMatrix {
           0.051101,0.841604,0.537672,0.000000,0.514718,-0.483558,0.707981,0.000000,0.855835,0.240571,-0.457899,0.000000,56.535686,-22.960941,-69.399686,1.000000;;
          }

          Frame _45___i0130_end {
           

           FrameTransformMatrix {
            1.000000,0.000000,-0.000000,0.000000,0.000000,1.000000,-0.000000,0.000000,0.000000,0.000000,1.000000,0.000000,0.000000,0.000002,1.000001,1.000000;;
           }
          }
         }

         Frame _46___i0131 {
          

          FrameTransformMatrix {
           0.177035,0.930221,0.321478,0.000000,-0.737989,-0.090647,0.668697,0.000000,0.651177,-0.355630,0.670445,0.000000,55.840602,-24.464918,-65.117690,1.000000;;
          }

          Frame _46___i0131_end {
           

           FrameTransformMatrix {
            1.000000,-0.000000,-0.000000,0.000000,0.000000,1.000000,-0.000000,0.000000,-0.000000,0.000000,1.000000,0.000000,0.000002,0.000002,1.000025,1.000000;;
           }
          }
         }

         Frame _47___i0132 {
          

          FrameTransformMatrix {
           0.376172,0.861018,0.342261,0.000000,-0.926190,0.359725,0.113003,0.000000,-0.025823,-0.359507,0.932785,0.000000,53.317504,-25.052891,-63.206701,1.000000;;
          }

          Frame _47___i0132_end {
           

           FrameTransformMatrix {
            1.000000,-0.000000,-0.000000,0.000000,0.000000,1.000000,-0.000000,0.000000,-0.000000,0.000000,1.000000,0.000000,-0.000002,0.000000,0.999970,1.000000;;
           }
          }
         }

         Frame _48___i0133 {
          

          FrameTransformMatrix {
           -0.577841,-0.688906,0.437617,0.000000,-0.618053,0.719549,0.316638,0.000000,-0.533020,-0.087504,-0.841565,0.000000,-13.516059,-21.589245,-47.006016,1.000000;;
          }

          Frame _48___i0133_end {
           

           FrameTransformMatrix {
            1.000000,0.000000,0.000000,0.000000,0.000000,1.000000,0.000000,0.000000,-0.000000,0.000000,1.000000,0.000000,0.000000,0.000000,1.000058,1.000000;;
           }
          }
         }

         Frame _49___i0134 {
          

          FrameTransformMatrix {
           -0.286824,0.834676,0.470157,0.000000,0.490261,0.549533,-0.676504,0.000000,-0.823029,0.036462,-0.566828,0.000000,-23.459557,-23.221653,-62.707379,1.000000;;
          }

          Frame _49___i0134_end {
           

           FrameTransformMatrix {
            1.000000,0.000000,-0.000000,0.000000,0.000000,1.000000,0.000000,0.000000,-0.000000,0.000000,1.000000,0.000000,-0.000008,0.000000,0.999973,1.000000;;
           }
          }
         }

         Frame _50___i0135 {
          

          FrameTransformMatrix {
           0.284532,0.770126,0.570918,0.000000,0.258161,0.511981,-0.819285,0.000000,-0.923252,0.380502,-0.053142,0.000000,-56.508102,-16.122670,-80.905594,1.000000;;
          }

          Frame _50___i0135_end {
           

           FrameTransformMatrix {
            1.000000,-0.000000,-0.000000,0.000000,-0.000000,1.000000,0.000000,0.000000,0.000000,0.000000,1.000000,0.000000,0.000004,0.000008,0.999947,1.000000;;
           }
          }
         }

         Frame _51___i0136 {
          

          FrameTransformMatrix {
           -0.270999,0.768957,0.579020,0.000000,0.280177,-0.512472,0.811711,0.000000,0.920902,0.382201,-0.076565,0.000000,81.311923,-15.995531,-82.655962,1.000000;;
          }

          Frame _51___i0136_end {
           

           FrameTransformMatrix {
            1.000000,0.000000,0.000000,0.000000,-0.000000,1.000000,0.000000,0.000000,0.000000,0.000000,1.000000,0.000000,-0.000002,0.000000,0.999935,1.000000;;
           }
          }
         }

         Frame _52___i0137 {
          

          FrameTransformMatrix {
           0.737798,-0.648807,-0.186287,0.000000,-0.195709,-0.469721,0.860849,0.000000,-0.646028,-0.598674,-0.473536,0.000000,6.639961,-2.912580,-32.233664,1.000000;;
          }

          Frame _52___i0137_end {
           

           FrameTransformMatrix {
            1.000000,0.000000,-0.000000,0.000000,0.000000,1.000000,0.000000,0.000000,0.000000,0.000000,1.000000,0.000000,0.000000,0.000004,0.999979,1.000000;;
           }
          }
         }

         Frame _53___i0138 {
          

          FrameTransformMatrix {
           -0.742061,-0.648069,-0.171322,0.000000,-0.215065,0.472238,-0.854832,0.000000,0.634896,-0.597493,-0.489806,0.000000,19.396030,-2.900213,-32.395171,1.000000;;
          }

          Frame _53___i0138_end {
           

           FrameTransformMatrix {
            1.000000,0.000000,0.000000,0.000000,0.000000,1.000000,0.000000,0.000000,0.000000,-0.000000,1.000000,0.000000,-0.000002,-0.000004,0.999985,1.000000;;
           }
          }
         }

         Frame _54___i1001 {
          

          FrameTransformMatrix {
           0.991979,-0.000197,0.126406,0.000000,-0.000821,0.999968,0.008000,0.000000,-0.126404,-0.008040,0.991946,0.000000,-1.617558,1.408602,-4.285683,1.000000;;
          }

          Frame _54___i1001_end {
           

           FrameTransformMatrix {
            1.000000,0.000000,-0.000000,0.000000,0.000000,1.000000,0.000000,0.000000,0.000000,0.000000,1.000000,0.000000,-0.000008,0.000000,1.000015,1.000000;;
           }
          }
         }

         Frame _55___i1002 {
          

          FrameTransformMatrix {
           0.990763,0.001898,-0.135591,0.000000,-0.000821,0.999968,0.008000,0.000000,0.135602,-0.007815,0.990733,0.000000,28.573133,1.433020,-4.240898,1.000000;;
          }

          Frame _55___i1002_end {
           

           FrameTransformMatrix {
            1.000000,0.000000,0.000000,0.000000,0.000000,1.000000,0.000000,0.000000,0.000000,0.000000,1.000000,0.000000,0.000004,-0.000004,0.999977,1.000000;;
           }
          }
         }

         Frame _56___i1003 {
          

          FrameTransformMatrix {
           -0.000994,-0.988669,-0.150108,0.000000,0.999919,0.000923,-0.012700,0.000000,0.012695,-0.150108,0.988588,0.000000,13.339062,-10.608652,-7.630608,1.000000;;
          }

          Frame _56___i1003_end {
           

           FrameTransformMatrix {
            1.000000,0.000000,-0.000000,0.000000,0.000000,1.000000,-0.000000,0.000000,0.000000,-0.000000,1.000000,0.000000,-0.000008,0.000000,0.999985,1.000000;;
           }
          }
         }

         Frame _57___i1004 {
          

          FrameTransformMatrix {
           -0.000877,-0.990021,-0.140916,0.000000,0.999919,0.000922,-0.012700,0.000000,0.012703,-0.140916,0.989940,0.000000,14.014816,-17.999678,45.037398,1.000000;;
          }

          Frame _57___i1004_end {
           

           FrameTransformMatrix {
            1.000000,0.000000,0.000000,0.000000,-0.000000,1.000000,0.000000,0.000000,0.000000,-0.000000,1.000000,0.000000,0.000000,-0.000008,1.000000,1.000000;;
           }
          }
         }

         Frame _58___i1005 {
          

          FrameTransformMatrix {
           0.996221,0.000123,0.086857,0.000000,-0.000821,0.999968,0.008000,0.000000,-0.086853,-0.008041,0.996189,0.000000,-6.977703,1.004561,45.668106,1.000000;;
          }

          Frame _58___i1005_end {
           

           FrameTransformMatrix {
            1.000000,-0.000000,0.000000,0.000000,-0.000000,1.000000,-0.000000,0.000000,0.000000,0.000000,1.000000,0.000000,-0.000008,0.000000,0.999939,1.000000;;
           }
          }
         }

         Frame _59___i1006 {
          

          FrameTransformMatrix {
           0.992734,0.001777,-0.120314,0.000000,-0.000821,0.999968,0.008000,0.000000,0.120324,-0.007843,0.992704,0.000000,34.989859,1.038130,45.778749,1.000000;;
          }

          Frame _59___i1006_end {
           

           FrameTransformMatrix {
            1.000000,0.000000,-0.000000,0.000000,0.000000,1.000000,-0.000000,0.000000,0.000000,-0.000000,1.000000,0.000000,0.000000,0.000000,1.000015,1.000000;;
           }
          }
         }

         Frame _60___i1007 {
          

          FrameTransformMatrix {
           -0.000696,-0.991924,-0.126831,0.000000,0.999919,0.000922,-0.012699,0.000000,0.012714,-0.126829,0.991843,0.000000,13.690784,-14.767221,19.760285,1.000000;;
          }

          Frame _60___i1007_end {
           

           FrameTransformMatrix {
            1.000000,0.000000,0.000000,0.000000,0.000000,1.000000,0.000000,0.000000,0.000000,-0.000000,1.000000,0.000000,0.000004,0.000004,1.000000,1.000000;;
           }
          }
         }

         Frame _61___i1008 {
          

          FrameTransformMatrix {
           0.996151,0.000116,0.087648,0.000000,-0.000821,0.999968,0.008000,0.000000,-0.087644,-0.008041,0.996119,0.000000,-4.732639,1.210455,20.162171,1.000000;;
          }

          Frame _61___i1008_end {
           

           FrameTransformMatrix {
            1.000000,-0.000000,0.000000,0.000000,-0.000000,1.000000,0.000000,0.000000,-0.000000,-0.000000,1.000000,0.000000,0.000004,-0.000008,1.000053,1.000000;;
           }
          }
         }

         Frame _62___i1009 {
          

          FrameTransformMatrix {
           0.992843,0.001770,-0.119414,0.000000,-0.000821,0.999968,0.008000,0.000000,0.119424,-0.007845,0.992812,0.000000,31.877606,1.242514,19.911315,1.000000;;
          }

          Frame _62___i1009_end {
           

           FrameTransformMatrix {
            1.000000,-0.000000,-0.000000,0.000000,0.000000,1.000000,0.000000,0.000000,0.000000,0.000000,1.000000,0.000000,0.000000,0.000008,1.000008,1.000000;;
           }
          }
         }

         Frame _63___i1010 {
          

          FrameTransformMatrix {
           -0.000739,-0.991484,-0.130225,0.000000,0.999919,0.000922,-0.012701,0.000000,0.012713,-0.130224,0.991403,0.000000,12.994247,-11.495359,-34.843370,1.000000;;
          }

          Frame _63___i1010_end {
           

           FrameTransformMatrix {
            1.000000,0.000000,0.000000,0.000000,0.000000,1.000000,0.000000,0.000000,-0.000000,-0.000000,1.000000,0.000000,0.000000,-0.000004,0.999996,1.000000;;
           }
          }
         }

         Frame _64___i1011 {
          

          FrameTransformMatrix {
           -0.000615,-0.992708,-0.120542,0.000000,0.999919,0.000922,-0.012700,0.000000,0.012719,-0.120540,0.992627,0.000000,13.386429,-15.511854,-4.257095,1.000000;;
          }

          Frame _64___i1011_end {
           

           FrameTransformMatrix {
            1.000000,0.000000,0.000000,0.000000,-0.000000,1.000000,-0.000000,0.000000,0.000000,-0.000000,1.000000,0.000000,-0.000006,0.000000,0.999947,1.000000;;
           }
          }
         }

         Frame _65___i1012 {
          

          FrameTransformMatrix {
           -0.000761,-0.991260,-0.131922,0.000000,0.999919,0.000922,-0.012699,0.000000,0.012710,-0.131921,0.991179,0.000000,13.812438,-19.549730,28.991363,1.000000;;
          }

          Frame _65___i1012_end {
           

           FrameTransformMatrix {
            1.000000,0.000000,0.000000,0.000000,0.000000,1.000000,-0.000000,0.000000,-0.000000,-0.000000,1.000000,0.000000,0.000000,-0.000008,1.000015,1.000000;;
           }
          }
         }

         Frame _66___i1013 {
          

          FrameTransformMatrix {
           0.999726,0.001007,-0.023399,0.000000,-0.000820,0.999968,0.008000,0.000000,0.023406,-0.007979,0.999694,0.000000,13.166946,12.820181,-6.708656,1.000000;;
          }

          Frame _66___i1013_end {
           

           FrameTransformMatrix {
            1.000000,0.000000,-0.000000,0.000000,0.000000,1.000000,0.000000,0.000000,-0.000000,-0.000000,1.000000,0.000000,-0.000004,0.000000,0.999954,1.000000;;
           }
          }
         }

         Frame _67___i1014 {
          

          FrameTransformMatrix {
           0.999726,0.001007,-0.023399,0.000000,-0.000820,0.999968,0.008000,0.000000,0.023406,-0.007979,0.999694,0.000000,13.686714,12.624800,17.767539,1.000000;;
          }

          Frame _67___i1014_end {
           

           FrameTransformMatrix {
            1.000000,0.000000,-0.000000,0.000000,0.000000,1.000000,0.000000,0.000000,-0.000000,-0.000000,1.000000,0.000000,0.000008,0.000000,0.999962,1.000000;;
           }
          }
         }

         Frame _68___j1001 {
          

          FrameTransformMatrix {
           -0.016807,0.007984,-0.999827,0.000000,-0.999858,-0.001156,0.016798,0.000000,-0.001021,0.999968,0.008003,0.000000,1.142490,-0.626143,7.544822,1.000000;;
          }

          Frame _68___j1001_end {
           

           FrameTransformMatrix {
            1.000000,-0.000000,0.000000,0.000000,-0.000000,1.000000,0.000000,0.000000,0.000000,0.000000,1.000000,0.000000,0.000000,-0.000008,1.000000,1.000000;;
           }
          }
         }

         Frame _69___j1002 {
          

          FrameTransformMatrix {
           -0.012708,0.008386,-0.999884,0.000000,-0.999919,-0.001123,0.012699,0.000000,-0.001016,0.999964,0.008399,0.000000,1.132038,12.112742,7.646729,1.000000;;
          }

          Frame _69___j1002_end {
           

           FrameTransformMatrix {
            1.000000,-0.000000,0.000000,0.000000,0.000000,1.000000,0.000000,0.000000,-0.000000,0.000000,1.000000,0.000000,0.000000,0.000011,1.000000,1.000000;;
           }
          }
         }

         Frame _70___j1003 {
          

          FrameTransformMatrix {
           -0.009708,0.008292,-0.999918,0.000000,-0.999952,-0.001798,0.009693,0.000000,-0.001717,0.999964,0.008309,0.000000,1.119690,26.991251,7.778969,1.000000;;
          }

          Frame _70___j1003_end {
           

           FrameTransformMatrix {
            1.000000,0.000000,0.000000,0.000000,0.000000,1.000000,-0.000000,0.000000,-0.000000,0.000000,1.000000,0.000000,-0.000008,0.000000,1.000000,1.000000;;
           }
          }
         }

         Frame _71___j1004 {
          

          FrameTransformMatrix {
           -0.018906,0.007982,-0.999789,0.000000,-0.999821,-0.001172,0.018898,0.000000,-0.001021,0.999967,0.008002,0.000000,1.107060,42.047891,7.909622,1.000000;;
          }

          Frame _71___j1004_end {
           

           FrameTransformMatrix {
            1.000000,-0.000000,0.000000,0.000000,0.000000,1.000000,0.000000,0.000000,-0.000000,0.000000,1.000000,0.000000,0.000008,-0.000008,1.000000,1.000000;;
           }
          }
         }

         Frame _72___j1005 {
          

          FrameTransformMatrix {
           -0.010008,0.008289,-0.999916,0.000000,-0.999949,-0.001100,0.009999,0.000000,-0.001017,0.999965,0.008300,0.000000,1.094811,56.837254,8.034653,1.000000;;
          }

          Frame _72___j1005_end {
           

           FrameTransformMatrix {
            1.000000,0.000000,0.000000,0.000000,-0.000000,1.000000,-0.000000,0.000000,0.000000,-0.000000,1.000000,0.000000,-0.000015,0.000000,1.000015,1.000000;;
           }
          }
         }

         Frame _73___j1006 {
          

          FrameTransformMatrix {
           -0.003608,0.007999,-0.999962,0.000000,-0.999993,-0.001050,0.003600,0.000000,-0.001021,0.999967,0.008003,0.000000,1.082623,71.715750,8.155960,1.000000;;
          }

          Frame _73___j1006_end {
           

           FrameTransformMatrix {
            1.000000,-0.000000,0.000000,0.000000,-0.000000,1.000000,0.000000,0.000000,0.000000,0.000000,1.000000,0.000000,0.000015,-0.000004,0.999992,1.000000;;
           }
          }
         }

         Frame _74___j1007 {
          

          FrameTransformMatrix {
           -0.009208,0.008390,-0.999923,0.000000,-0.999957,-0.001093,0.009199,0.000000,-0.001016,0.999964,0.008399,0.000000,1.070320,86.683469,8.274628,1.000000;;
          }

          Frame _74___j1007_end {
           

           FrameTransformMatrix {
            1.000000,0.000000,0.000000,0.000000,-0.000000,1.000000,0.000000,0.000000,0.000000,0.000000,1.000000,0.000000,-0.000008,-0.000004,0.999977,1.000000;;
           }
          }
         }

         Frame _75___j1008 {
          

          FrameTransformMatrix {
           -0.020606,0.008376,-0.999752,0.000000,-0.999787,-0.001189,0.020597,0.000000,-0.001016,0.999964,0.008399,0.000000,1.058090,101.562003,8.392555,1.000000;;
          }

          Frame _75___j1008_end {
           

           FrameTransformMatrix {
            1.000000,0.000000,0.000000,0.000000,-0.000000,1.000000,-0.000000,0.000000,0.000000,0.000000,1.000000,0.000000,-0.000023,0.000004,1.000031,1.000000;;
           }
          }
         }

         Frame _76___j1009 {
          

          FrameTransformMatrix {
           -0.010107,0.007890,-0.999918,0.000000,-0.999949,-0.000202,0.010106,0.000000,-0.000122,0.999969,0.007891,0.000000,1.045883,116.440512,8.511597,1.000000;;
          }

          Frame _76___j1009_end {
           

           FrameTransformMatrix {
            1.000000,0.000000,0.000000,0.000000,-0.000000,1.000000,-0.000000,0.000000,0.000000,0.000000,1.000000,0.000000,0.000008,0.000004,1.000015,1.000000;;
           }
          }
         }

         Frame _77___j1010 {
          

          FrameTransformMatrix {
           -0.010107,0.007890,-0.999918,0.000000,-0.999949,-0.000302,0.010105,0.000000,-0.000223,0.999969,0.007893,0.000000,1.033600,131.408230,8.631317,1.000000;;
          }

          Frame _77___j1010_end {
           

           FrameTransformMatrix {
            1.000000,0.000000,0.000000,0.000000,-0.000000,1.000000,0.000000,0.000000,0.000000,0.000000,1.000000,0.000000,0.000031,0.000000,1.000015,1.000000;;
           }
          }
         }

         Frame _78___j1011 {
          

          FrameTransformMatrix {
           -0.010107,0.007693,-0.999919,0.000000,-0.999949,-0.000702,0.010102,0.000000,-0.000624,0.999970,0.007700,0.000000,1.021454,146.197645,8.749634,1.000000;;
          }

          Frame _78___j1011_end {
           

           FrameTransformMatrix {
            1.000000,0.000000,0.000000,0.000000,-0.000000,1.000000,-0.000000,0.000000,0.000000,-0.000000,1.000000,0.000000,0.000015,0.000000,1.000000,1.000000;;
           }
          }
         }

         Frame _79___j1012 {
          

          FrameTransformMatrix {
           -0.010708,0.008388,-0.999908,0.000000,-0.999942,-0.001106,0.010699,0.000000,-0.001016,0.999964,0.008399,0.000000,1.009216,161.111859,8.868958,1.000000;;
          }

          Frame _79___j1012_end {
           

           FrameTransformMatrix {
            1.000000,0.000000,0.000000,0.000000,-0.000000,1.000000,-0.000000,0.000000,0.000000,0.000000,1.000000,0.000000,-0.000008,0.000004,1.000000,1.000000;;
           }
          }
         }

         Frame _80___j1013 {
          

          FrameTransformMatrix {
           -0.010407,0.007890,-0.999915,0.000000,-0.999946,-0.000305,0.010405,0.000000,-0.000223,0.999969,0.007893,0.000000,0.997036,175.954701,8.987694,1.000000;;
          }

          Frame _80___j1013_end {
           

           FrameTransformMatrix {
            1.000000,-0.000000,0.000000,0.000000,0.000000,1.000000,0.000000,0.000000,-0.000000,0.000000,1.000000,0.000000,0.000015,-0.000004,1.000000,1.000000;;
           }
          }
         }

         Frame _81___j1014 {
          

          FrameTransformMatrix {
           -0.020699,-0.000022,-0.999786,0.000000,-0.999786,-0.000922,0.020699,0.000000,-0.000923,1.000000,-0.000003,0.000000,0.985260,190.298726,9.102447,1.000000;;
          }

          Frame _81___j1014_end {
           

           FrameTransformMatrix {
            1.000000,0.000000,0.000000,0.000000,0.000000,1.000000,0.000000,0.000000,0.000000,0.000000,1.000000,0.000000,0.000023,0.000008,1.000031,1.000000;;
           }
          }
         }
        }
       }
      }
     }
    }
   }

   Frame _6___leg1l {
    

    FrameTransformMatrix {
     0.584313,-0.045387,0.810257,0.000000,0.298753,-0.916282,-0.266770,0.000000,0.754533,0.397944,-0.521838,0.000000,0.000019,6.246586,0.000000,1.000000;;
    }

    Frame _10___leg2l {
     

     FrameTransformMatrix {
      0.357693,-0.000000,0.933839,0.000000,-0.000000,1.000000,0.000000,0.000000,-0.933839,-0.000000,0.357693,0.000000,-0.000061,0.001192,48.601424,1.000000;;
     }

     Frame _15__-footl {
      

