xof 0303txt 0032
template ColorRGBA {
 <35ff44e0-6c7c-11cf-8f52-0040333594a3>
 FLOAT red;
 FLOAT green;
 FLOAT blue;
 FLOAT alpha;
}

template ColorRGB {
 <d3e16e81-7835-11cf-8f52-0040333594a3>
 FLOAT red;
 FLOAT green;
 FLOAT blue;
}

template Material {
 <3d82ab4d-62da-11cf-ab39-0020af71e433>
 ColorRGBA faceColor;
 FLOAT power;
 ColorRGB specularColor;
 ColorRGB emissiveColor;
 [...]
}

template TextureFilename {
 <a42790e1-7810-11cf-8f52-0040333594a3>
 STRING filename;
}

template Frame {
 <3d82ab46-62da-11cf-ab39-0020af71e433>
 [...]
}

template Matrix4x4 {
 <f6f23f45-7686-11cf-8f52-0040333594a3>
 array FLOAT matrix[16];
}

template FrameTransformMatrix {
 <f6f23f41-7686-11cf-8f52-0040333594a3>
 Matrix4x4 frameMatrix;
}

template Vector {
 <3d82ab5e-62da-11cf-ab39-0020af71e433>
 FLOAT x;
 FLOAT y;
 FLOAT z;
}

template MeshFace {
 <3d82ab5f-62da-11cf-ab39-0020af71e433>
 DWORD nFaceVertexIndices;
 array DWORD faceVertexIndices[nFaceVertexIndices];
}

template Mesh {
 <3d82ab44-62da-11cf-ab39-0020af71e433>
 DWORD nVertices;
 array Vector vertices[nVertices];
 DWORD nFaces;
 array MeshFace faces[nFaces];
 [...]
}

template MeshNormals {
 <f6f23f43-7686-11cf-8f52-0040333594a3>
 DWORD nNormals;
 array Vector normals[nNormals];
 DWORD nFaceNormals;
 array MeshFace faceNormals[nFaceNormals];
}

template MeshMaterialList {
 <f6f23f42-7686-11cf-8f52-0040333594a3>
 DWORD nMaterials;
 DWORD nFaceIndexes;
 array DWORD faceIndexes[nFaceIndexes];
 [Material <3d82ab4d-62da-11cf-ab39-0020af71e433>]
}

template Coords2d {
 <f6f23f44-7686-11cf-8f52-0040333594a3>
 FLOAT u;
 FLOAT v;
}

template MeshTextureCoords {
 <f6f23f40-7686-11cf-8f52-0040333594a3>
 DWORD nTextureCoords;
 array Coords2d textureCoords[nTextureCoords];
}

template XSkinMeshHeader {
 <3cf169ce-ff7c-44ab-93c0-f78f62d172e2>
 WORD nMaxSkinWeightsPerVertex;
 WORD nMaxSkinWeightsPerFace;
 WORD nBones;
}

template SkinWeights {
 <6f0d123b-bad2-4167-a0d0-80224f25fabb>
 STRING transformNodeName;
 DWORD nWeights;
 array DWORD vertexIndices[nWeights];
 array FLOAT weights[nWeights];
 Matrix4x4 matrixOffset;
}

template AnimTicksPerSecond {
 <9e415a43-7ba6-4a73-8743-b73d47e88476>
 DWORD AnimTicksPerSecond;
}

template Animation {
 <3d82ab4f-62da-11cf-ab39-0020af71e433>
 [...]
}

template AnimationSet {
 <3d82ab50-62da-11cf-ab39-0020af71e433>
 [Animation <3d82ab4f-62da-11cf-ab39-0020af71e433>]
}

template FloatKeys {
 <10dd46a9-775b-11cf-8f52-0040333594a3>
 DWORD nValues;
 array FLOAT values[nValues];
}

template TimedFloatKeys {
 <f406b180-7b3b-11cf-8f52-0040333594a3>
 DWORD time;
 FloatKeys tfkeys;
}

template AnimationKey {
 <10dd46a8-775b-11cf-8f52-0040333594a3>
 DWORD keyType;
 DWORD nKeys;
 array TimedFloatKeys keys[nKeys];
}


Material bodymap01 {
 1.000000;1.000000;1.000000;0.200000;;
 32.642128;
 0.025000;0.025000;0.025000;;
 0.000000;0.000000;0.000000;;

 TextureFilename {
  "bodymap01.dds";
 }
}

Frame ARM_female_framework {
 

 FrameTransformMatrix {
  0.003937,0.000000,0.000000,0.000000,0.000000,0.003937,0.000000,0.000000,0.000000,-0.000000,0.003937,0.000000,-0.041380,-0.023021,-0.061167,1.000000;;
 }

 Frame _0__-com {
  

  FrameTransformMatrix {
   0.999987,0.003566,-0.003771,0.000000,0.004233,-0.139688,0.990187,0.000000,0.003004,-0.990189,-0.139701,0.000000,3.035534,-59.347514,101.563437,1.000000;;
  }

  Frame _1___body {
   

   FrameTransformMatrix {
    0.000002,-0.000000,1.000000,0.000000,0.999964,0.008465,-0.000002,0.000000,-0.008465,0.999964,0.000000,0.000000,0.000000,0.000000,-3.651913,1.000000;;
   }

   Frame _3___bodytooll {
    

    FrameTransformMatrix {
     -0.000002,-1.000000,0.000002,0.000000,-0.791710,0.000003,0.610897,0.000000,-0.610897,-0.000000,-0.791710,0.000000,-0.533596,15.718094,3.686890,1.000000;;
    }

    Frame _3___bodytooll_end {
     

     FrameTransformMatrix {
      1.000000,-0.000000,0.000000,0.000000,0.000000,1.000000,0.000000,0.000000,-0.000000,-0.000000,1.000000,0.000000,-0.000002,0.000011,0.999985,1.000000;;
     }
    }
   }

   Frame _4___bodytoolr {
    

    FrameTransformMatrix {
     -0.000003,-1.000000,0.000004,0.000000,-0.758944,0.000005,0.651157,0.000000,-0.651157,-0.000001,-0.758944,0.000000,-0.533646,-15.718104,3.686951,1.000000;;
    }

    Frame _4___bodytoolr_end {
     

     FrameTransformMatrix {
      1.000000,0.000000,-0.000000,0.000000,0.000000,1.000000,0.000000,0.000000,-0.000000,-0.000000,1.000000,0.000000,0.000000,0.000000,0.999977,1.000000;;
     }
    }
   }

   Frame _5___chest {
    

    FrameTransformMatrix {
     0.976440,0.214729,0.021353,0.000000,-0.213199,0.975273,-0.058215,0.000000,-0.033325,0.052291,0.998076,0.000000,-0.021252,0.076193,9.553039,1.000000;;
    }

    Frame _8___backtool {
     

     FrameTransformMatrix {
      -0.064990,-0.939694,-0.335784,0.000000,-0.935855,-0.059393,0.347345,0.000000,-0.346341,0.336819,-0.875557,0.000000,-8.742070,-5.451840,27.626899,1.000000;;
     }

     Frame _8___backtool_end {
      

      FrameTransformMatrix {
       1.000000,0.000000,0.000000,0.000000,-0.000000,1.000000,0.000000,0.000000,-0.000000,0.000000,1.000000,0.000000,-0.000002,0.000000,0.999970,1.000000;;
      }
     }
    }

    Frame _9__-neck {
     

     FrameTransformMatrix {
      1.000000,0.000000,0.000000,0.000000,0.000000,1.000000,-0.000000,0.000000,-0.000000,0.000000,1.000000,0.000000,-0.003082,0.000000,27.341821,1.000000;;
     }

     Frame _12___head {
      

      FrameTransformMatrix {
       0.969991,-0.211705,-0.119573,0.000000,0.218524,0.974701,0.046971,0.000000,0.106604,-0.071691,0.991714,0.000000,0.000004,0.000000,3.870056,1.000000;;
      }

      Frame _12___head_end {
       

       FrameTransformMatrix {
        1.000000,0.000000,0.000000,0.000000,0.000000,1.000000,-0.000000,0.000000,0.000000,-0.000000,1.000000,0.000000,0.000011,0.000000,1.000000,1.000000;;
       }
      }
     }

     Frame _13__-claviclel {
      

      FrameTransformMatrix {
       -0.987712,0.156283,-0.000785,0.000000,0.043927,0.282436,0.958280,0.000000,0.149984,0.946470,-0.285831,0.000000,0.003082,2.222731,0.000000,1.000000;;
      }

      Frame _17___arm1l {
       

       FrameTransformMatrix {
        0.851527,0.501401,-0.153296,0.000000,-0.133869,0.490600,0.861041,0.000000,0.506934,-0.712678,0.484881,0.000000,-0.008572,-0.020927,10.778602,1.000000;;
       }

       Frame _19___arm2l {
        

        FrameTransformMatrix {
         0.231856,0.007770,0.972719,0.000000,-0.007324,0.999954,-0.006241,0.000000,-0.972722,-0.005677,0.231902,0.000000,0.005230,0.236160,24.915512,1.000000;;
        }

        Frame _21___arm2tooll {
         

         FrameTransformMatrix {
          0.000350,-0.999989,-0.004925,0.000000,0.000335,0.004926,-0.999989,0.000000,1.000001,0.000349,0.000337,0.000000,-0.245148,4.487896,12.594429,1.000000;;
         }

         Frame _21___arm2tooll_end {
          

          FrameTransformMatrix {
           1.000000,0.000000,0.000000,0.000000,-0.000000,1.000000,-0.000000,0.000000,0.000000,0.000000,1.000000,0.000000,0.000004,-0.000011,1.000000,1.000000;;
          }
         }
        }

        Frame _22___handl {
         

         FrameTransformMatrix {
          -0.105401,-0.991256,-0.079378,0.000000,0.990606,-0.111654,0.078948,0.000000,-0.087121,-0.070311,0.993713,0.000000,-0.172157,0.171787,21.484074,1.000000;;
         }

         Frame _24___handtooll {
          

          FrameTransformMatrix {
           -0.999889,0.000548,0.014893,0.000000,-0.014035,-0.370587,-0.928692,0.000000,0.005011,-0.928798,0.370554,0.000000,0.812613,-0.884514,7.647396,1.000000;;
          }

          Frame _24___handtooll_end {
           

           FrameTransformMatrix {
            1.000000,0.000000,0.000000,0.000000,0.000000,1.000000,0.000000,0.000000,0.000000,0.000000,1.000000,0.000000,0.000000,-0.000015,1.000008,1.000000;;
           }
          }
         }
        }
       }
      }
     }

     Frame _14__-clavicler {
      

      FrameTransformMatrix {
       -0.988346,-0.152223,-0.000785,0.000000,-0.035158,0.233284,-0.971773,0.000000,0.148109,-0.960420,-0.235917,0.000000,0.003090,-2.222733,-0.000015,1.000000;;
      }

      Frame _18___arm1r {
       

       FrameTransformMatrix {
        0.997618,0.067896,0.012142,0.000000,-0.020242,0.456493,-0.889497,0.000000,-0.065936,0.887133,0.456781,0.000000,0.000004,0.000000,10.799970,1.000000;;
       }

       Frame _20___arm2r {
        

        FrameTransformMatrix {
         -0.025976,-0.000006,0.999662,0.000000,-0.000152,1.000000,0.000002,0.000000,-0.999662,-0.000151,-0.025976,0.000000,0.000023,-0.000023,24.923118,1.000000;;
        }

        Frame _23___handr {
         

         FrameTransformMatrix {
          -0.312559,0.942727,-0.116504,0.000000,-0.932218,-0.327979,-0.152966,0.000000,-0.182416,0.060796,0.981340,0.000000,-0.000038,0.000038,21.485477,1.000000;;
         }

         Frame _25___handtoolr {
          

          FrameTransformMatrix {
           0.999918,0.000902,-0.012733,0.000000,-0.012129,0.378009,-0.925722,0.000000,0.003978,0.925801,0.377989,0.000000,0.777088,0.823212,7.655968,1.000000;;
          }

          Frame _25___handtoolr_end {
           

           FrameTransformMatrix {
            1.000000,0.000000,-0.000000,0.000000,0.000000,1.000000,-0.000000,0.000000,0.000000,0.000000,1.000000,0.000000,0.000000,0.000004,1.000023,1.000000;;
           }
          }
         }

         Frame _26___i0111 {
          

          FrameTransformMatrix {
           -0.987356,-0.007203,0.158347,0.000000,0.051070,0.931243,0.360803,0.000000,-0.150058,0.364328,-0.919101,0.000000,19.293621,38.060294,-20.381203,1.000000;;
          }

          Frame _26___i0111_end {
           

           FrameTransformMatrix {
            1.000000,-0.000000,-0.000000,0.000000,0.000000,1.000000,0.000000,0.000000,0.000000,0.000000,1.000000,0.000000,-0.000004,-0.000031,1.000015,1.000000;;
           }
          }
         }

         Frame _27___i0112 {
          

          FrameTransformMatrix {
           -0.083246,-0.206528,-0.974893,0.000000,-0.880300,-0.443267,0.169074,0.000000,-0.467056,0.872273,-0.144907,0.000000,15.714427,46.753958,-42.312835,1.000000;;
          }

          Frame _27___i0112_end {
           

           FrameTransformMatrix {
            1.000000,0.000000,-0.000000,0.000000,0.000000,1.000000,0.000000,0.000000,0.000000,-0.000000,1.000000,0.000000,0.000000,0.000011,1.000000,1.000000;;
           }
          }
         }

         Frame _28___i0113 {
          

          FrameTransformMatrix {
           -0.627419,-0.338062,0.701470,0.000000,0.396510,0.636602,0.661451,0.000000,-0.670169,0.693147,-0.265371,0.000000,7.232682,62.593818,-44.944634,1.000000;;
          }

          Frame _28___i0113_end {
           

           FrameTransformMatrix {
            1.000000,0.000000,-0.000000,0.000000,0.000000,1.000000,0.000000,0.000000,0.000000,0.000000,1.000000,0.000000,-0.000011,-0.000008,1.000023,1.000000;;
           }
          }
         }

         Frame _29___i0114 {
          

          FrameTransformMatrix {
           -0.678153,-0.288408,0.675963,0.000000,-0.731451,0.354133,-0.582726,0.000000,-0.071318,-0.889612,-0.451113,0.000000,5.116062,61.827200,-47.092381,1.000000;;
          }

          Frame _29___i0114_end {
           

           FrameTransformMatrix {
            1.000000,-0.000000,0.000000,0.000000,0.000000,1.000000,0.000000,0.000000,0.000000,-0.000000,1.000000,0.000000,0.000004,0.000004,1.000031,1.000000;;
           }
          }
         }

         Frame _30___i0115 {
          

          FrameTransformMatrix {
           -0.631462,-0.319981,0.706304,0.000000,-0.549879,0.827017,-0.116945,0.000000,-0.546706,-0.462228,-0.698181,0.000000,3.251976,64.352397,-47.498883,1.000000;;
          }

          Frame _30___i0115_end {
           

           FrameTransformMatrix {
            1.000000,0.000000,0.000000,0.000000,0.000000,1.000000,-0.000000,0.000000,0.000000,0.000000,1.000000,0.000000,0.000000,0.000015,0.999992,1.000000;;
           }
          }
         }

         Frame _31___i0116 {
          

          FrameTransformMatrix {
           -0.467394,-0.402435,0.787139,0.000000,0.463622,0.646536,0.605843,0.000000,-0.752726,0.648103,-0.115609,0.000000,1.981453,68.201715,-47.220285,1.000000;;
          }

          Frame _31___i0116_end {
           

           FrameTransformMatrix {
            1.000000,0.000000,0.000000,0.000000,0.000000,1.000000,0.000000,0.000000,0.000000,0.000000,1.000000,0.000000,0.000004,0.000000,1.000031,1.000000;;
           }
          }
         }

         Frame _32___i0117 {
          

          FrameTransformMatrix {
           -0.401943,0.172719,-0.899228,0.000000,-0.116764,0.964364,0.237422,0.000000,0.908190,0.200428,-0.367452,0.000000,30.500166,36.321274,-14.539032,1.000000;;
          }

          Frame _32___i0117_end {
           

           FrameTransformMatrix {
            1.000000,0.000000,-0.000000,0.000000,-0.000000,1.000000,0.000000,0.000000,0.000000,0.000000,1.000000,0.000000,0.000000,0.000000,1.000034,1.000000;;
           }
          }
         }

         Frame _33___i0118 {
          

          FrameTransformMatrix {
           0.780219,-0.340494,-0.524712,0.000000,-0.236121,0.616472,-0.751138,0.000000,0.579228,0.709948,0.400585,0.000000,52.173882,41.097101,-23.304466,1.000000;;
          }

          Frame _33___i0118_end {
           

           FrameTransformMatrix {
            1.000000,-0.000000,0.000000,0.000000,-0.000000,1.000000,0.000000,0.000000,-0.000000,-0.000000,1.000000,0.000000,-0.000008,-0.000011,1.000008,1.000000;;
           }
          }
         }

         Frame _34___i0119 {
          

          FrameTransformMatrix {
           -0.304474,-0.388171,0.869839,0.000000,0.595251,-0.790461,-0.144389,0.000000,0.743621,0.473810,0.471733,0.000000,62.692512,53.989664,-16.029397,1.000000;;
          }

          Frame _34___i0119_end {
           

           FrameTransformMatrix {
            1.000000,0.000000,-0.000000,0.000000,0.000000,1.000000,0.000000,0.000000,0.000000,0.000000,1.000000,0.000000,0.000004,0.000008,1.000023,1.000000;;
           }
          }
         }

         Frame _35___i0120 {
          

          FrameTransformMatrix {
           -0.475569,-0.401408,0.782754,0.000000,0.584744,-0.809023,-0.059613,0.000000,0.657197,0.429361,0.619468,0.000000,68.719885,57.847405,-12.425392,1.000000;;
          }

          Frame _35___i0120_end {
           

           FrameTransformMatrix {
            1.000000,0.000000,0.000000,0.000000,0.000000,1.000000,-0.000000,0.000000,0.000000,-0.000000,1.000000,0.000000,0.000004,0.000000,1.000015,1.000000;;
           }
          }
         }

         Frame _36___i0121 {
          

          FrameTransformMatrix {
           -0.302375,-0.371705,0.877728,0.000000,-0.590617,-0.649701,-0.478605,0.000000,0.748159,-0.663118,-0.023082,0.000000,67.332122,54.410074,-14.090309,1.000000;;
          }

          Frame _36___i0121_end {
           

           FrameTransformMatrix {
            1.000000,0.000000,-0.000000,0.000000,-0.000000,1.000000,-0.000000,0.000000,0.000000,-0.000000,1.000000,0.000000,-0.000008,-0.000031,0.999970,1.000000;;
           }
          }
         }

         Frame _37___i0122 {
          

          FrameTransformMatrix {
           -0.245206,-0.355754,0.901838,0.000000,-0.950924,-0.092828,-0.295171,0.000000,0.188724,-0.929957,-0.315533,0.000000,65.387520,52.476800,-15.668442,1.000000;;
          }

          Frame _37___i0122_end {
           

           FrameTransformMatrix {
            1.000000,-0.000000,0.000000,0.000000,0.000000,1.000000,-0.000000,0.000000,0.000000,0.000000,1.000000,0.000000,0.000004,0.000000,1.000046,1.000000;;
           }
          }
         }

         Frame _38___i0123 {
          

          FrameTransformMatrix {
           -0.607992,-0.413281,0.677898,0.000000,0.388081,-0.899581,-0.200369,0.000000,0.692632,0.141257,0.707324,0.000000,84.244077,67.989587,2.207573,1.000000;;
          }

          Frame _38___i0123_end {
           

           FrameTransformMatrix {
            1.000000,0.000000,0.000000,0.000000,0.000000,1.000000,-0.000000,0.000000,0.000000,-0.000000,1.000000,0.000000,-0.000015,0.000000,0.999970,1.000000;;
           }
          }
         }

         Frame _39___i0124 {
          

          FrameTransformMatrix {
           -0.313889,-0.458332,0.831508,0.000000,0.265236,0.798575,0.540304,0.000000,-0.911660,0.390142,-0.129098,0.000000,-15.798989,83.510688,-49.951232,1.000000;;
          }

          Frame _39___i0124_end {
           

           FrameTransformMatrix {
            1.000000,0.000000,0.000000,0.000000,-0.000000,1.000000,-0.000000,0.000000,0.000000,-0.000000,1.000000,0.000000,-0.000004,0.000000,0.999985,1.000000;;
           }
          }
         }

         Frame _40___i0125 {
          

          FrameTransformMatrix {
           -0.761531,-0.360214,0.538810,0.000000,-0.635992,0.255184,-0.728283,0.000000,0.124841,-0.897289,-0.423424,0.000000,1.212387,62.966426,-53.156806,1.000000;;
          }

          Frame _40___i0125_end {
           

           FrameTransformMatrix {
            1.000000,0.000000,0.000000,0.000000,-0.000000,1.000000,0.000000,0.000000,0.000000,-0.000000,1.000000,0.000000,-0.000004,0.000000,0.999939,1.000000;;
           }
          }
         }

         Frame _41___i0126 {
          

          FrameTransformMatrix {
           -0.617934,-0.369147,0.694180,0.000000,-0.642484,0.746000,-0.175212,0.000000,-0.453179,-0.554269,-0.698149,0.000000,-1.144543,65.122157,-53.557546,1.000000;;
          }

          Frame _41___i0126_end {
           

           FrameTransformMatrix {
            1.000000,0.000000,0.000000,0.000000,-0.000000,1.000000,-0.000000,0.000000,0.000000,0.000000,1.000000,0.000000,-0.000011,0.000000,1.000031,1.000000;;
           }
          }
         }

         Frame _42___i0127 {
          

          FrameTransformMatrix {
           -0.480226,-0.592101,0.647147,0.000000,0.275860,0.598401,0.752208,0.000000,-0.832637,0.539752,-0.124031,0.000000,-2.155884,69.325280,-52.007424,1.000000;;
          }

          Frame _42___i0127_end {
           

           FrameTransformMatrix {
            1.000000,0.000000,0.000000,0.000000,-0.000000,1.000000,0.000000,0.000000,-0.000000,-0.000000,1.000000,0.000000,-0.000004,0.000000,0.999992,1.000000;;
           }
          }
         }

         Frame _43___i0128 {
          

          FrameTransformMatrix {
           0.801043,-0.449602,-0.395206,0.000000,-0.181331,0.446937,-0.875995,0.000000,0.570481,0.773372,0.276489,0.000000,57.156416,38.393578,-21.417549,1.000000;;
          }

          Frame _43___i0128_end {
           

           FrameTransformMatrix {
            1.000000,-0.000000,0.000000,0.000000,0.000000,1.000000,0.000000,0.000000,-0.000000,0.000000,1.000000,0.000000,0.000000,-0.000004,1.000061,1.000000;;
           }
          }
         }

         Frame _44___i0129 {
          

          FrameTransformMatrix {
           -0.175199,-0.566915,0.804929,0.000000,0.641135,-0.686153,-0.343712,0.000000,0.747161,0.455851,0.483683,0.000000,67.799789,52.821344,-16.259224,1.000000;;
          }

          Frame _44___i0129_end {
           

           FrameTransformMatrix {
            1.000000,-0.000000,0.000000,0.000000,0.000000,1.000000,0.000000,0.000000,-0.000000,-0.000000,1.000000,0.000000,0.000000,0.000000,0.999970,1.000000;;
           }
          }
         }

         Frame _45___i0130 {
          

          FrameTransformMatrix {
           -0.401268,-0.604656,0.688022,0.000000,0.612058,-0.735834,-0.289711,0.000000,0.681446,0.304858,0.665352,0.000000,75.088602,57.340678,-11.734810,1.000000;;
          }

          Frame _45___i0130_end {
           

           FrameTransformMatrix {
            1.000000,0.000000,-0.000000,0.000000,0.000000,1.000000,-0.000000,0.000000,-0.000000,-0.000000,1.000000,0.000000,-0.000019,0.000008,0.999985,1.000000;;
           }
          }
         }

         Frame _46___i0131 {
          

          FrameTransformMatrix {
           -0.311971,-0.417341,0.853523,0.000000,-0.668344,-0.542102,-0.509354,0.000000,0.675270,-0.729350,-0.109808,0.000000,74.780365,53.343315,-13.972419,1.000000;;
          }

          Frame _46___i0131_end {
           

           FrameTransformMatrix {
            1.000000,0.000000,-0.000000,0.000000,-0.000000,1.000000,0.000000,0.000000,0.000000,0.000000,1.000000,0.000000,0.000000,0.000000,1.000031,1.000000;;
           }
          }
         }

         Frame _47___i0132 {
          

          FrameTransformMatrix {
           -0.106616,-0.461914,0.880493,0.000000,-0.992606,-0.002225,-0.121359,0.000000,0.058017,-0.886922,-0.458262,0.000000,72.661421,51.881949,-15.905723,1.000000;;
          }

          Frame _47___i0132_end {
           

           FrameTransformMatrix {
            1.000000,0.000000,0.000000,0.000000,-0.000000,1.000000,0.000000,0.000000,0.000000,0.000000,1.000000,0.000000,0.000000,-0.000006,0.999939,1.000000;;
           }
          }
         }

         Frame _48___i0133 {
          

          FrameTransformMatrix {
           -0.224948,-0.290448,-0.930075,0.000000,-0.910391,-0.277537,0.306858,0.000000,-0.347256,0.915759,-0.201990,0.000000,10.840721,45.578394,-45.564646,1.000000;;
          }

          Frame _48___i0133_end {
           

           FrameTransformMatrix {
            1.000000,0.000000,0.000000,0.000000,0.000000,1.000000,-0.000000,0.000000,0.000000,-0.000000,1.000000,0.000000,0.000000,-0.000002,1.000061,1.000000;;
           }
          }
         }

         Frame _49___i0134 {
          

          FrameTransformMatrix {
           -0.688231,-0.487318,0.537454,0.000000,0.236084,0.550058,0.801061,0.000000,-0.686003,0.678200,-0.263519,0.000000,4.362991,62.663661,-49.333130,1.000000;;
          }

          Frame _49___i0134_end {
           

           FrameTransformMatrix {
            1.000000,0.000000,0.000000,0.000000,0.000000,1.000000,-0.000000,0.000000,0.000000,-0.000000,1.000000,0.000000,0.000004,-0.000008,0.999985,1.000000;;
           }
          }
         }

         Frame _50___i0135 {
          

          FrameTransformMatrix {
           -0.165934,-0.666403,0.726893,0.000000,0.063550,0.728353,0.682249,0.000000,-0.984087,0.159402,-0.078509,0.000000,-26.260574,84.950739,-55.598746,1.000000;;
          }

          Frame _50___i0135_end {
           

           FrameTransformMatrix {
            1.000000,0.000000,-0.000000,0.000000,0.000000,1.000000,0.000000,0.000000,0.000000,0.000000,1.000000,0.000000,-0.000015,0.000031,0.999962,1.000000;;
           }
          }
         }

         Frame _51___i0136 {
          

          FrameTransformMatrix {
           -0.653760,-0.591685,0.471706,0.000000,0.409960,-0.800909,-0.436437,0.000000,0.636027,-0.091944,0.766169,0.000000,94.816672,66.166438,7.527062,1.000000;;
          }

          Frame _51___i0136_end {
           

           FrameTransformMatrix {
            1.000000,0.000000,0.000000,0.000000,-0.000000,1.000000,0.000000,0.000000,0.000000,-0.000000,1.000000,0.000000,0.000023,-0.000015,0.999939,1.000000;;
           }
          }
         }

         Frame _52___i0137 {
          

          FrameTransformMatrix {
           0.969942,0.125625,-0.208402,0.000000,-0.032475,-0.781943,-0.622502,0.000000,-0.241160,0.610559,-0.754360,0.000000,18.364502,26.531211,-22.029464,1.000000;;
          }

          Frame _52___i0137_end {
           

           FrameTransformMatrix {
            1.000000,0.000000,-0.000000,0.000000,-0.000000,1.000000,0.000000,0.000000,0.000000,0.000000,1.000000,0.000000,0.000000,0.000000,0.999973,1.000000;;
           }
          }
         }

         Frame _53___i0138 {
          

          FrameTransformMatrix {
           -0.330715,0.330915,-0.883811,0.000000,-0.329838,0.836917,0.436780,0.000000,0.884213,0.435964,-0.167632,0.000000,29.570573,24.792144,-16.186416,1.000000;;
          }

          Frame _53___i0138_end {
           

           FrameTransformMatrix {
            1.000000,-0.000000,0.000000,0.000000,0.000000,1.000000,-0.000000,0.000000,0.000000,0.000000,1.000000,0.000000,0.000004,0.000000,0.999981,1.000000;;
           }
          }
         }

         Frame _54___i1001 {
          

          FrameTransformMatrix {
           0.861584,-0.438086,0.256426,0.000000,-0.490145,-0.586591,0.644722,0.000000,-0.132027,-0.681168,-0.720123,0.000000,8.490547,-12.223930,-34.599219,1.000000;;
          }

          Frame _54___i1001_end {
           

           FrameTransformMatrix {
            1.000000,0.000000,0.000000,0.000000,-0.000000,1.000000,-0.000000,0.000000,0.000000,0.000000,1.000000,0.000000,-0.000008,-0.000004,1.000023,1.000000;;
           }
          }
         }

         Frame _55___i1002 {
          

          FrameTransformMatrix {
           0.773672,0.091744,0.626908,0.000000,-0.462931,-0.593699,0.658191,0.000000,0.432580,-0.799440,-0.416857,0.000000,34.894877,-18.823669,-21.532746,1.000000;;
          }

          Frame _55___i1002_end {
           

           FrameTransformMatrix {
            1.000000,-0.000000,-0.000000,0.000000,0.000000,1.000000,0.000000,0.000000,0.000000,-0.000000,1.000000,0.000000,-0.000008,-0.000008,1.000008,1.000000;;
           }
          }
         }

         Frame _56___i1003 {
          

          FrameTransformMatrix {
           0.435881,0.781514,-0.446367,0.000000,0.856395,-0.207644,0.472728,0.000000,0.276758,-0.588320,-0.759792,0.000000,28.229226,-7.509384,-37.250931,1.000000;;
          }

          Frame _56___i1003_end {
           

           FrameTransformMatrix {
            1.000000,0.000000,0.000000,0.000000,0.000000,1.000000,-0.000000,0.000000,-0.000000,0.000000,1.000000,0.000000,0.000000,-0.000001,0.999954,1.000000;;
           }
          }
         }

         Frame _57___i1004 {
          

          FrameTransformMatrix {
           0.234019,0.972002,0.021155,0.000000,0.823313,-0.209700,0.527429,0.000000,0.517098,-0.106012,-0.849336,0.000000,45.931939,-30.377021,-78.087514,1.000000;;
          }

          Frame _57___i1004_end {
           

           FrameTransformMatrix {
            1.000000,-0.000000,0.000000,0.000000,-0.000000,1.000000,0.000000,0.000000,0.000000,-0.000000,1.000000,0.000000,0.000000,0.000001,0.999985,1.000000;;
           }
          }
         }

         Frame _58___i1005 {
          

          FrameTransformMatrix {
           0.885818,-0.408945,0.219297,0.000000,-0.360218,-0.903921,-0.230583,0.000000,0.292523,0.125260,-0.948019,0.000000,6.876415,-37.676813,-76.386566,1.000000;;
          }

          Frame _58___i1005_end {
           

           FrameTransformMatrix {
            1.000000,0.000000,0.000000,0.000000,-0.000000,1.000000,-0.000000,0.000000,0.000000,0.000000,1.000000,0.000000,0.000000,0.000000,0.999961,1.000000;;
           }
          }
         }

         Frame _59___i1006 {
          

          FrameTransformMatrix {
           0.671203,0.058796,0.738938,0.000000,-0.089670,-0.983089,0.159673,0.000000,0.735830,-0.173434,-0.654580,0.000000,60.147814,-52.175021,-48.137702,1.000000;;
          }

          Frame _59___i1006_end {
           

           FrameTransformMatrix {
            1.000000,0.000000,0.000000,0.000000,0.000000,1.000000,0.000000,0.000000,0.000000,-0.000000,1.000000,0.000000,0.000000,0.000002,1.000017,1.000000;;
           }
          }
         }

         Frame _60___i1007 {
          

          FrameTransformMatrix {
           0.334931,0.928558,-0.160003,0.000000,0.841374,-0.218290,0.494408,0.000000,0.424159,-0.300215,-0.854376,0.000000,35.574691,-22.985451,-57.174336,1.000000;;
          }

          Frame _60___i1007_end {
           

           FrameTransformMatrix {
            1.000000,0.000000,0.000000,0.000000,-0.000000,1.000000,0.000000,0.000000,-0.000000,-0.000000,1.000000,0.000000,0.000000,0.000001,0.999985,1.000000;;
           }
          }
         }

         Frame _61___i1008 {
          

          FrameTransformMatrix {
           0.880052,-0.424423,0.213010,0.000000,-0.470539,-0.839856,0.270618,0.000000,0.064041,-0.338387,-0.938825,0.000000,5.236580,-29.012208,-52.347558,1.000000;;
          }

          Frame _61___i1008_end {
           

           FrameTransformMatrix {
            1.000000,0.000000,-0.000000,0.000000,-0.000000,1.000000,0.000000,0.000000,-0.000000,0.000000,1.000000,0.000000,0.000004,-0.000002,1.000038,1.000000;;
           }
          }
         }

         Frame _62___i1009 {
          

          FrameTransformMatrix {
           0.766105,0.053058,0.640522,0.000000,-0.307311,-0.845044,0.437563,0.000000,0.564486,-0.532058,-0.631087,0.000000,45.440269,-38.312301,-31.694870,1.000000;;
          }

          Frame _62___i1009_end {
           

           FrameTransformMatrix {
            1.000000,0.000000,0.000000,0.000000,0.000000,1.000000,0.000000,0.000000,0.000000,0.000000,1.000000,0.000000,0.000000,-0.000006,1.000023,1.000000;;
           }
          }
         }

         Frame _63___i1010 {
          

          FrameTransformMatrix {
           0.283209,0.513709,-0.809874,0.000000,0.958904,-0.136536,0.248719,0.000000,0.017193,-0.847031,-0.531266,0.000000,25.862125,19.254462,-29.412339,1.000000;;
          }

          Frame _63___i1010_end {
           

           FrameTransformMatrix {
            1.000000,0.000000,0.000000,0.000000,-0.000000,1.000000,-0.000000,0.000000,-0.000000,0.000000,1.000000,0.000000,0.000000,0.000000,1.000000,1.000000;;
           }
          }
         }

         Frame _64___i1011 {
          

          FrameTransformMatrix {
           0.283363,0.505453,-0.814998,0.000000,0.958904,-0.136536,0.248719,0.000000,0.014439,-0.851983,-0.523370,0.000000,26.392528,-6.877556,-45.802566,1.000000;;
          }

          Frame _64___i1011_end {
           

           FrameTransformMatrix {
            1.000000,0.000000,0.000000,0.000000,0.000000,1.000000,0.000000,0.000000,0.000000,0.000000,1.000000,0.000000,0.000000,0.000000,0.999962,1.000000;;
           }
          }
         }

         Frame _65___i1012 {
          

          FrameTransformMatrix {
           0.283178,0.515219,-0.808924,0.000000,0.958904,-0.136536,0.248719,0.000000,0.017698,-0.846113,-0.532710,0.000000,26.876170,-35.415146,-63.333082,1.000000;;
          }

          Frame _65___i1012_end {
           

           FrameTransformMatrix {
            1.000000,0.000000,0.000000,0.000000,0.000000,1.000000,0.000000,0.000000,0.000000,0.000000,1.000000,0.000000,0.000000,0.000008,1.000015,1.000000;;
           }
          }
         }

         Frame _66___i1013 {
          

          FrameTransformMatrix {
           0.879975,-0.121211,0.459294,0.000000,-0.475019,-0.224874,0.850758,0.000000,0.000162,-0.966819,-0.255462,0.000000,16.775696,-15.400123,-17.745262,1.000000;;
          }

          Frame _66___i1013_end {
           

           FrameTransformMatrix {
            1.000000,-0.000000,-0.000000,0.000000,-0.000000,1.000000,0.000000,0.000000,-0.000000,-0.000000,1.000000,0.000000,0.000001,0.000004,0.999947,1.000000;;
           }
          }
         }

         Frame _67___i1014 {
          

          FrameTransformMatrix {
           0.879960,-0.121218,0.459321,0.000000,-0.475047,-0.224872,0.850742,0.000000,0.000163,-0.966818,-0.255463,0.000000,16.733288,-39.063773,-24.023797,1.000000;;
          }

          Frame _67___i1014_end {
           

           FrameTransformMatrix {
            1.000000,-0.000000,-0.000000,0.000000,-0.000000,1.000000,0.000000,0.000000,0.000000,0.000000,1.000000,0.000000,0.000000,-0.000004,0.999950,1.000000;;
           }
          }
         }

         Frame _68___j1001 {
          

          FrameTransformMatrix {
           -0.016807,0.007984,-0.999827,0.000000,-0.999858,-0.001156,0.016798,0.000000,-0.001021,0.999967,0.008003,0.000000,1.142494,-0.626137,7.544822,1.000000;;
          }

          Frame _68___j1001_end {
           

           FrameTransformMatrix {
            1.000000,-0.000000,0.000000,0.000000,0.000000,1.000000,0.000000,0.000000,0.000000,0.000000,1.000000,0.000000,-0.000015,0.000000,1.000015,1.000000;;
           }
          }
         }

         Frame _69___j1002 {
          

          FrameTransformMatrix {
           -0.012708,0.008386,-0.999884,0.000000,-0.999919,-0.001123,0.012699,0.000000,-0.001016,0.999964,0.008399,0.000000,1.132034,12.112755,7.646744,1.000000;;
          }

          Frame _69___j1002_end {
           

           FrameTransformMatrix {
            1.000000,0.000000,0.000000,0.000000,0.000000,1.000000,0.000000,0.000000,0.000000,-0.000000,1.000000,0.000000,-0.000015,0.000000,1.000015,1.000000;;
           }
          }
         }

         Frame _70___j1003 {
          

          FrameTransformMatrix {
           -0.009708,0.008292,-0.999918,0.000000,-0.999951,-0.001798,0.009693,0.000000,-0.001717,0.999964,0.008309,0.000000,1.119690,26.991280,7.778984,1.000000;;
          }

          Frame _70___j1003_end {
           

           FrameTransformMatrix {
            1.000000,-0.000000,-0.000000,0.000000,-0.000000,1.000000,0.000000,0.000000,-0.000000,-0.000000,1.000000,0.000000,0.000015,0.000000,1.000023,1.000000;;
           }
          }
         }

         Frame _71___j1004 {
          

          FrameTransformMatrix {
           -0.018906,0.007982,-0.999789,0.000000,-0.999821,-0.001172,0.018898,0.000000,-0.001021,0.999967,0.008002,0.000000,1.107063,42.047891,7.909630,1.000000;;
          }

          Frame _71___j1004_end {
           

           FrameTransformMatrix {
            1.000000,-0.000000,0.000000,0.000000,-0.000000,1.000000,0.000000,0.000000,0.000000,-0.000000,1.000000,0.000000,-0.000008,0.000008,1.000000,1.000000;;
           }
          }
         }

         Frame _72___j1005 {
          

          FrameTransformMatrix {
           -0.010008,0.008289,-0.999916,0.000000,-0.999949,-0.001100,0.009999,0.000000,-0.001017,0.999965,0.008300,0.000000,1.094803,56.837274,8.034660,1.000000;;
          }

          Frame _72___j1005_end {
           

           FrameTransformMatrix {
            1.000000,0.000000,-0.000000,0.000000,-0.000000,1.000000,-0.000000,0.000000,-0.000000,0.000000,1.000000,0.000000,-0.000015,0.000000,1.000000,1.000000;;
           }
          }
         }

         Frame _73___j1006 {
          

          FrameTransformMatrix {
           -0.003608,0.007999,-0.999962,0.000000,-0.999993,-0.001050,0.003600,0.000000,-0.001021,0.999967,0.008003,0.000000,1.082623,71.715750,8.155983,1.000000;;
          }

          Frame _73___j1006_end {
           

           FrameTransformMatrix {
            1.000000,0.000000,0.000000,0.000000,0.000000,1.000000,-0.000000,0.000000,0.000000,-0.000000,1.000000,0.000000,0.000008,0.000000,1.000031,1.000000;;
           }
          }
         }

         Frame _74___j1007 {
          

          FrameTransformMatrix {
           -0.009208,0.008390,-0.999922,0.000000,-0.999957,-0.001093,0.009199,0.000000,-0.001016,0.999964,0.008399,0.000000,1.070320,86.683482,8.274628,1.000000;;
          }

          Frame _74___j1007_end {
           

           FrameTransformMatrix {
            1.000000,0.000000,0.000000,0.000000,0.000000,1.000000,0.000000,0.000000,-0.000000,0.000000,1.000000,0.000000,0.000015,-0.000011,1.000000,1.000000;;
           }
          }
         }

         Frame _75___j1008 {
          

          FrameTransformMatrix {
           -0.020606,0.008376,-0.999753,0.000000,-0.999787,-0.001189,0.020597,0.000000,-0.001016,0.999964,0.008399,0.000000,1.058094,101.562003,8.392555,1.000000;;
          }

          Frame _75___j1008_end {
           

           FrameTransformMatrix {
            1.000000,0.000000,0.000000,0.000000,0.000000,1.000000,0.000000,0.000000,-0.000000,0.000000,1.000000,0.000000,0.000015,0.000000,1.000000,1.000000;;
           }
          }
         }

         Frame _76___j1009 {
          

          FrameTransformMatrix {
           -0.010107,0.007890,-0.999918,0.000000,-0.999949,-0.000202,0.010106,0.000000,-0.000122,0.999969,0.007891,0.000000,1.045883,116.440550,8.511589,1.000000;;
          }

          Frame _76___j1009_end {
           

           FrameTransformMatrix {
            1.000000,0.000000,0.000000,0.000000,0.000000,1.000000,0.000000,0.000000,-0.000000,0.000000,1.000000,0.000000,-0.000008,0.000000,1.000031,1.000000;;
           }
          }
         }

         Frame _77___j1010 {
          

          FrameTransformMatrix {
           -0.010107,0.007890,-0.999918,0.000000,-0.999949,-0.000302,0.010105,0.000000,-0.000223,0.999969,0.007893,0.000000,1.033600,131.408230,8.631325,1.000000;;
          }

          Frame _77___j1010_end {
           

           FrameTransformMatrix {
            1.000000,0.000000,0.000000,0.000000,-0.000000,1.000000,-0.000000,0.000000,-0.000000,-0.000000,1.000000,0.000000,0.000000,0.000000,1.000000,1.000000;;
           }
          }
         }

         Frame _78___j1011 {
          

          FrameTransformMatrix {
           -0.010107,0.007693,-0.999919,0.000000,-0.999949,-0.000702,0.010102,0.000000,-0.000625,0.999970,0.007700,0.000000,1.021458,146.197696,8.749642,1.000000;;
          }

          Frame _78___j1011_end {
           

           FrameTransformMatrix {
            1.000000,0.000000,0.000000,0.000000,0.000000,1.000000,0.000000,0.000000,0.000000,-0.000000,1.000000,0.000000,-0.000015,0.000004,1.000000,1.000000;;
           }
          }
         }

         Frame _79___j1012 {
          

          FrameTransformMatrix {
           -0.010708,0.008388,-0.999907,0.000000,-0.999942,-0.001106,0.010699,0.000000,-0.001016,0.999964,0.008399,0.000000,1.009216,161.111910,8.868965,1.000000;;
          }

          Frame _79___j1012_end {
           

           FrameTransformMatrix {
            1.000000,0.000000,-0.000000,0.000000,0.000000,1.000000,0.000000,0.000000,0.000000,-0.000000,1.000000,0.000000,0.000015,0.000000,0.999985,1.000000;;
           }
          }
         }

         Frame _80___j1013 {
          

          FrameTransformMatrix {
           -0.010407,0.007890,-0.999915,0.000000,-0.999946,-0.000305,0.010405,0.000000,-0.000222,0.999969,0.007893,0.000000,0.997032,175.954714,8.987709,1.000000;;
          }

          Frame _80___j1013_end {
           

           FrameTransformMatrix {
            1.000000,0.000000,0.000000,0.000000,0.000000,1.000000,0.000000,0.000000,-0.000000,-0.000000,1.000000,0.000000,0.000000,0.000000,1.000031,1.000000;;
           }
          }
         }

         Frame _81___j1014 {
          

          FrameTransformMatrix {
           -0.020699,-0.000022,-0.999786,0.000000,-0.999785,-0.000922,0.020699,0.000000,-0.000923,1.000000,-0.000003,0.000000,0.985252,190.298701,9.102470,1.000000;;
          }

          Frame _81___j1014_end {
           

           FrameTransformMatrix {
            1.000000,-0.000000,0.000000,0.000000,0.000000,1.000000,-0.000000,0.000000,-0.000000,-0.000000,1.000000,0.000000,-0.000015,0.000000,1.000031,1.000000;;
           }
          }
         }
        }
       }
      }
     }
    }
   }

   Frame _6___leg1l {
    

    FrameTransformMatrix {
     0.831315,0.102156,0.546332,0.000000,0.080077,-0.994722,0.064150,0.000000,0.550002,-0.009580,-0.835108,0.000000,0.000011,6.246396,0.000000,1.000000;;
    }

    Frame _10___leg2l {
     

     FrameTransformMatrix {
      -0.281302,0.000000,0.959619,0.000000,0.000000,1.000000,-0.000000,0.000000,-0.959619,0.000000,-0.281302,0.000000,0.000000,0.000000,48.600080,1.000000;;
     }

     Frame _15__-footl {
      

      FrameTransformMatrix {
       0.962046,-0.019950,0.272156,0.000000,-0.013480,0.992632,0.120414,0.000000,-0.272553,-0.119513,0.954689,0.000000,-0.000006,-0.000002,48.600109,1.000000;;
      }

      Frame _15__-footl_end {
       

       FrameTransformMatrix {
