xof 0303txt 0032
template Frame {
 <3d82ab46-62da-11cf-ab39-0020af71e433>
 [...]
}

template Matrix4x4 {
 <f6f23f45-7686-11cf-8f52-0040333594a3>
 array FLOAT matrix[16];
}

template FrameTransformMatrix {
 <f6f23f41-7686-11cf-8f52-0040333594a3>
 Matrix4x4 frameMatrix;
}

template AnimTicksPerSecond {
 <9e415a43-7ba6-4a73-8743-b73d47e88476>
 DWORD AnimTicksPerSecond;
}

template Animation {
 <3d82ab4f-62da-11cf-ab39-0020af71e433>
 [...]
}

template AnimationSet {
 <3d82ab50-62da-11cf-ab39-0020af71e433>
 [Animation <3d82ab4f-62da-11cf-ab39-0020af71e433>]
}

template FloatKeys {
 <10dd46a9-775b-11cf-8f52-0040333594a3>
 DWORD nValues;
 array FLOAT values[nValues];
}

template TimedFloatKeys {
 <f406b180-7b3b-11cf-8f52-0040333594a3>
 DWORD time;
 FloatKeys tfkeys;
}

template AnimationKey {
 <10dd46a8-775b-11cf-8f52-0040333594a3>
 DWORD keyType;
 DWORD nKeys;
 array TimedFloatKeys keys[nKeys];
}


Frame ARM_fox_framework {
 

 FrameTransformMatrix {
  -0.003937,0.000000,-0.000000,0.000000,-0.000000,-0.000000,0.003937,0.000000,-0.000000,0.003937,0.000000,0.000000,0.000000,0.000000,0.000000,1.000000;;
 }

 Frame _0__-com {
  

  FrameTransformMatrix {
   0.999999,0.000053,0.000007,0.000000,0.000007,-0.241955,0.970287,0.000000,0.000053,-0.970286,-0.241955,0.000000,-0.000100,0.000000,50.365005,1.000000;;
  }

  Frame _1___body {
   

   FrameTransformMatrix {
    -0.000000,0.000000,1.000000,0.000000,1.000000,-0.000000,0.000000,0.000000,0.000000,1.000000,0.000000,0.000000,0.000100,0.000294,-13.042641,1.000000;;
   }

   Frame _3___chest {
    

    FrameTransformMatrix {
     -0.422955,0.000000,-0.906151,0.000000,-0.000000,1.000000,-0.000000,0.000000,0.906151,0.000000,-0.422955,0.000000,21.286400,-0.000100,-0.319599,1.000000;;
    }

    Frame _7__-neck1 {
     

     FrameTransformMatrix {
      0.920319,-0.000000,0.391168,0.000000,0.000000,1.000000,-0.000000,0.000000,-0.391168,-0.000000,0.920319,0.000000,-0.014202,-0.000000,31.650496,1.000000;;
     }

     Frame _11__-claviclel {
      

      FrameTransformMatrix {
       -0.911390,-0.141406,0.386484,0.000000,0.320942,-0.832063,0.452399,0.000000,0.257607,0.536352,0.803719,0.000000,-3.448708,4.111200,-4.555306,1.000000;;
      }

      Frame _16___arm1l {
       

       FrameTransformMatrix {
        -0.905745,0.063829,-0.418992,0.000000,-0.241996,-0.889487,0.387624,0.000000,-0.347946,0.452482,0.821093,0.000000,0.000168,-0.000491,9.104994,1.000000;;
       }

       Frame _21___arm2l {
        

        FrameTransformMatrix {
         0.719579,-0.000000,0.694410,0.000000,0.000000,1.000000,0.000000,0.000000,-0.694410,0.000000,0.719579,0.000000,0.001171,-0.000361,23.360666,1.000000;;
        }

        Frame _24___hand1l {
         

         FrameTransformMatrix {
          0.990719,-0.076350,0.112456,0.000000,0.082268,0.995407,-0.048956,0.000000,-0.108202,0.057753,0.992450,0.000000,0.000620,0.000095,21.383626,1.000000;;
         }

         Frame _26___hand2l {
          

          FrameTransformMatrix {
           0.999080,0.028027,-0.032464,0.000000,-0.029583,0.998387,-0.048468,0.000000,0.031053,0.049383,0.998297,0.000000,-0.000286,-0.000033,7.660965,1.000000;;
          }

          Frame _26___hand2l_end {
           

           FrameTransformMatrix {
            1.000000,0.000000,-0.000000,0.000000,-0.000000,1.000000,-0.000000,0.000000,0.000000,-0.000000,1.000000,0.000000,0.000000,0.000004,1.000046,1.000000;;
           }
          }
         }
        }
       }
      }
     }

     Frame _12__-clavicler {
      

      FrameTransformMatrix {
       -0.911394,0.141392,0.386480,0.000000,-0.320928,-0.832066,-0.452403,0.000000,0.257612,-0.536351,0.803718,0.000000,-3.448708,-4.111300,-4.555302,1.000000;;
      }

      Frame _17___arm1r {
       

       FrameTransformMatrix {
        -0.905757,-0.063748,-0.418976,0.000000,0.241916,-0.889500,-0.387643,0.000000,-0.347967,-0.452467,0.821092,0.000000,0.000191,0.000409,9.104945,1.000000;;
       }

       Frame _22___arm2r {
        

        FrameTransformMatrix {
         0.719580,0.000000,0.694410,0.000000,0.000000,1.000000,-0.000000,0.000000,-0.694410,0.000000,0.719580,0.000000,0.001163,0.000360,23.360664,1.000000;;
        }

        Frame _25___hand1r {
         

         FrameTransformMatrix {
          0.990719,0.076350,0.112456,0.000000,-0.082268,0.995407,0.048956,0.000000,-0.108202,-0.057753,0.992450,0.000000,0.000618,-0.000095,21.383618,1.000000;;
         }

         Frame _27___hand2r {
          

          FrameTransformMatrix {
           0.999080,-0.028027,-0.032464,0.000000,0.029583,0.998387,0.048468,0.000000,0.031053,-0.049383,0.998297,0.000000,-0.000278,0.000129,7.660934,1.000000;;
          }

          Frame _27___hand2r_end {
           

           FrameTransformMatrix {
            1.000000,0.000000,0.000000,0.000000,-0.000000,1.000000,0.000000,0.000000,-0.000000,0.000000,1.000000,0.000000,0.000002,0.000001,1.000038,1.000000;;
           }
          }
         }
        }
       }
      }
     }

     Frame _13__-neck2 {
      

      FrameTransformMatrix {
       0.852054,-0.000000,0.523454,0.000000,0.000000,1.000000,0.000000,0.000000,-0.523454,0.000000,0.852054,0.000000,-0.009708,-0.000000,19.364098,1.000000;;
      }

      Frame _18___head {
       

       FrameTransformMatrix {
        0.149731,-0.000000,0.988727,0.000000,0.000000,1.000000,0.000000,0.000000,-0.988726,0.000000,0.149731,0.000000,0.000182,0.000100,14.320213,1.000000;;
       }

       Frame _23___head2 {
        

        FrameTransformMatrix {
         -0.086097,0.000000,-0.996285,0.000000,0.000000,1.000000,0.000000,0.000000,0.996285,0.000000,-0.086097,0.000000,12.307213,-0.000000,-1.642698,1.000000;;
        }

        Frame _23___head2_end {
         

         FrameTransformMatrix {
          1.000000,0.000000,0.000000,0.000000,-0.000000,1.000000,-0.000000,0.000000,-0.000000,0.000000,1.000000,0.000000,0.000002,-0.000000,0.999970,1.000000;;
         }
        }
       }
      }
     }
    }
   }

   Frame _4___leg1l {
    

    FrameTransformMatrix {
     0.678898,-0.304487,0.668121,0.000000,-0.065263,-0.931379,-0.358147,0.000000,0.731325,0.199542,-0.652183,0.000000,0.000002,9.282101,0.000000,1.000000;;
    }

    Frame _8___leg2l {
     

     FrameTransformMatrix {
      0.450474,0.000000,0.892789,0.000000,0.000000,1.000000,-0.000000,0.000000,-0.892789,0.000000,0.450474,0.000000,0.000231,-0.000568,18.582674,1.000000;;
     }

     Frame _14___leg3l {
      

      FrameTransformMatrix {
       0.810905,-0.000000,-0.585178,0.000000,0.000000,1.000000,0.000000,0.000000,0.585178,0.000000,0.810905,0.000000,0.000540,-0.000557,24.787827,1.000000;;
      }

      Frame _19__-footl {
       

       FrameTransformMatrix {
        0.800604,-0.548318,0.241622,0.000000,0.596477,0.767666,-0.234319,0.000000,-0.057003,0.331718,0.941655,0.000000,0.000010,-0.000105,14.705034,1.000000;;
       }

       Frame _19__-footl_end {
        

        FrameTransformMatrix {
         1.000000,0.000000,0.000000,0.000000,0.000000,1.000000,0.000000,0.000000,0.000000,0.000000,1.000000,0.000000,0.000001,-0.000002,1.000000,1.000000;;
        }
       }
      }
     }
    }
   }

   Frame _5___leg1r {
    

    FrameTransformMatrix {
     0.678897,0.304482,0.668124,0.000000,0.065269,-0.931385,0.358135,0.000000,0.731326,-0.199529,-0.652188,0.000000,0.000000,-9.282201,0.000000,1.000000;;
    }

    Frame _9___leg2r {
     

     FrameTransformMatrix {
      0.450474,0.000000,0.892789,0.000000,-0.000000,1.000000,-0.000000,0.000000,-0.892789,0.000000,0.450474,0.000000,0.000259,0.000469,18.582659,1.000000;;
     }

     Frame _15___leg3r {
      

      FrameTransformMatrix {
       0.810905,0.000000,-0.585178,0.000000,0.000000,1.000000,0.000000,0.000000,0.585178,-0.000000,0.810905,0.000000,0.000536,0.000559,24.787827,1.000000;;
      }

      Frame _20__-footr {
       

       FrameTransformMatrix {
        0.800604,0.548318,0.241622,0.000000,-0.596477,0.767666,0.234319,0.000000,-0.057003,-0.331718,0.941655,0.000000,-0.000010,0.000196,14.705069,1.000000;;
       }

       Frame _20__-footr_end {
        

        FrameTransformMatrix {
         1.000000,0.000000,0.000000,0.000000,-0.000000,1.000000,0.000000,0.000000,-0.000000,0.000000,1.000000,0.000000,-0.000001,0.000000,1.000000,1.000000;;
        }
       }
      }
     }
    }
   }

   Frame _6___tail1 {
    

    FrameTransformMatrix {
     0.843677,0.000000,0.536851,0.000000,-0.000000,1.000000,-0.000000,0.000000,-0.536850,-0.000000,0.843677,0.000000,-7.322800,0.000000,2.952801,1.000000;;
    }

    Frame _10___tail2 {
     

     FrameTransformMatrix {
      0.658931,0.000000,-0.752203,0.000000,-0.000000,1.000000,-0.000000,0.000000,0.752203,0.000000,0.658931,0.000000,-0.016798,-0.000000,41.612893,1.000000;;
     }

     Frame _10___tail2_end {
      

      FrameTransformMatrix {
       1.000000,0.000000,0.000000,0.000000,0.000000,1.000000,-0.000000,0.000000,0.000000,0.000000,1.000000,0.000000,0.000000,-0.000000,0.999947,1.000000;;
      }
     }
    }
   }
  }

  Frame _2__-footsteps {
   

   FrameTransformMatrix {
    0.000053,-0.241955,-0.970286,0.000000,0.000007,0.970287,-0.241955,0.000000,0.999999,0.000007,0.000053,0.000000,0.000000,-48.822003,12.172701,1.000000;;
   }

   Frame _2__-footsteps_end {
    

    FrameTransformMatrix {
     1.000000,-0.000000,-0.000000,0.000000,0.000000,1.000000,0.000000,0.000000,0.000000,0.000000,1.000000,0.000000,0.000000,0.000000,1.000000,1.000000;;
    }
   }
  }
 }
}

AnimTicksPerSecond  {
 4800;
}

AnimationSet Dummy {
 

 Animation {
  
  { ARM_fox_framework }

  AnimationKey  {
   4;
   2;
   0;16;-0.003937,0.000000,-0.000000,0.000000,-0.000000,-0.000000,0.003937,0.000000,-0.000000,0.003937,0.000000,0.000000,0.000000,0.000000,0.000000,1.000000;;,
   51200;16;-0.003937,0.000000,-0.000000,0.000000,-0.000000,-0.000000,0.003937,0.000000,-0.000000,0.003937,0.000000,0.000000,0.000000,0.000000,0.000000,1.000000;;;
  }
 }

 Animation {
  
  { _0__-com }

  AnimationKey  {
   4;
   321;
   0;16;0.999999,0.000053,0.000007,0.000000,0.000007,-0.241955,0.970287,0.000000,0.000053,-0.970286,-0.241955,0.000000,-0.000100,0.000000,50.365005,1.000000;;,
   160;16;0.999999,0.000053,0.000007,0.000000,0.000007,-0.242085,0.970255,0.000000,0.000053,-0.970254,-0.242085,0.000000,-0.000100,0.032116,50.358077,1.000000;;,
   320;16;0.999999,0.000053,0.000007,0.000000,0.000007,-0.242216,0.970222,0.000000,0.000053,-0.970221,-0.242215,0.000000,-0.000100,0.103422,50.351152,1.000000;;,
   480;16;0.999999,0.000053,0.000006,0.000000,0.000007,-0.242346,0.970190,0.000000,0.000053,-0.970189,-0.242346,0.000000,-0.000100,0.185778,50.344224,1.000000;;,
   640;16;0.999999,0.000053,0.000006,0.000000,0.000007,-0.242476,0.970157,0.000000,0.000053,-0.970156,-0.242476,0.000000,-0.000100,0.261730,50.337293,1.000000;;,
   800;16;0.999999,0.000053,0.000006,0.000000,0.000007,-0.242606,0.970125,0.000000,0.000053,-0.970123,-0.242606,0.000000,-0.000100,0.324508,50.330355,1.000000;;,
   960;16;0.999999,0.000053,0.000006,0.000000,0.000007,-0.242737,0.970092,0.000000,0.000053,-0.970091,-0.242736,0.000000,-0.000100,0.386651,50.323440,1.000000;;,
   1120;16;0.999999,0.000053,0.000006,0.000000,0.000007,-0.242867,0.970060,0.000000,0.000053,-0.970058,-0.242867,0.000000,-0.000100,0.448306,50.316499,1.000000;;,
   1280;16;0.999999,0.000053,0.000006,0.000000,0.000007,-0.242998,0.970027,0.000000,0.000053,-0.970026,-0.242997,0.000000,-0.000100,0.509485,50.309574,1.000000;;,
   1440;16;0.999999,0.000053,0.000006,0.000000,0.000007,-0.243128,0.969994,0.000000,0.000053,-0.969993,-0.243127,0.000000,-0.000100,0.570207,50.302646,1.000000;;,
   1600;16;0.999999,0.000053,0.000006,0.000000,0.000007,-0.243258,0.969962,0.000000,0.000053,-0.969960,-0.243257,0.000000,-0.000100,0.630505,50.295715,1.000000;;,
   1760;16;0.999999,0.000053,0.000006,0.000000,0.000007,-0.243388,0.969929,0.000000,0.000053,-0.969928,-0.243388,0.000000,-0.000100,0.690351,50.288781,1.000000;;,
   1920;16;0.999999,0.000053,0.000006,0.000000,0.000007,-0.243518,0.969896,0.000000,0.000053,-0.969895,-0.243518,0.000000,-0.000100,0.749979,50.281856,1.000000;;,
   2080;16;0.999999,0.000053,0.000006,0.000000,0.000007,-0.243649,0.969864,0.000000,0.000053,-0.969862,-0.243648,0.000000,-0.000100,0.809480,50.274928,1.000000;;,
   2240;16;0.999999,0.000053,0.000006,0.000000,0.000007,-0.243779,0.969831,0.000000,0.000053,-0.969830,-0.243779,0.000000,-0.000100,0.868946,50.267997,1.000000;;,
   2400;16;0.999999,0.000053,0.000006,0.000000,0.000007,-0.243909,0.969798,0.000000,0.000053,-0.969797,-0.243909,0.000000,-0.000100,0.928471,50.261069,1.000000;;,
   2560;16;0.999999,0.000053,0.000006,0.000000,0.000007,-0.244039,0.969765,0.000000,0.000053,-0.969764,-0.244039,0.000000,-0.000100,0.988227,50.254246,1.000000;;,
   2720;16;0.999999,0.000053,0.000006,0.000000,0.000007,-0.244170,0.969733,0.000000,0.000053,-0.969731,-0.244169,0.000000,-0.000100,1.048245,50.247424,1.000000;;,
   2880;16;0.999999,0.000053,0.000006,0.000000,0.000007,-0.244300,0.969700,0.000000,0.000053,-0.969699,-0.244299,0.000000,-0.000100,1.108560,50.240592,1.000000;;,
   3040;16;0.999999,0.000053,0.000006,0.000000,0.000007,-0.244430,0.969667,0.000000,0.000053,-0.969666,-0.244430,0.000000,-0.000100,1.169198,50.233760,1.000000;;,
   3200;16;0.999999,0.000053,0.000006,0.000000,0.000007,-0.244560,0.969634,0.000000,0.000053,-0.969633,-0.244560,0.000000,-0.000100,1.230177,50.226925,1.000000;;,
   3360;16;0.999999,0.000053,0.000006,0.000000,0.000007,-0.244690,0.969601,0.000000,0.000053,-0.969600,-0.244690,0.000000,-0.000100,1.291402,50.220109,1.000000;;,
   3520;16;0.999999,0.000053,0.000006,0.000000,0.000007,-0.244821,0.969568,0.000000,0.000053,-0.969567,-0.244820,0.000000,-0.000100,1.352649,50.213267,1.000000;;,
   3680;16;0.999999,0.000053,0.000006,0.000000,0.000007,-0.244951,0.969536,0.000000,0.000053,-0.969534,-0.244950,0.000000,-0.000100,1.413916,50.206451,1.000000;;,
   3840;16;0.999999,0.000053,0.000006,0.000000,0.000007,-0.245081,0.969503,0.000000,0.000053,-0.969501,-0.245081,0.000000,-0.000100,1.475203,50.199619,1.000000;;,
   4000;16;0.999999,0.000053,0.000006,0.000000,0.000007,-0.245211,0.969470,0.000000,0.000053,-0.969468,-0.245211,0.000000,-0.000100,1.536510,50.192794,1.000000;;,
   4160;16;0.999999,0.000053,0.000006,0.000000,0.000007,-0.245341,0.969437,0.000000,0.000053,-0.969436,-0.245341,0.000000,-0.000100,1.597845,50.185968,1.000000;;,
   4320;16;0.999999,0.000053,0.000006,0.000000,0.000007,-0.245472,0.969404,0.000000,0.000053,-0.969403,-0.245471,0.000000,-0.000100,1.659198,50.179142,1.000000;;,
   4480;16;0.999999,0.000053,0.000006,0.000000,0.000007,-0.245651,0.969359,0.000000,0.000053,-0.969357,-0.245651,0.000000,-0.000100,1.720573,50.172314,1.000000;;,
   4640;16;0.999999,0.000053,0.000006,0.000000,0.000007,-0.245879,0.969300,0.000000,0.000053,-0.969299,-0.245879,0.000000,-0.000100,1.781967,50.165482,1.000000;;,
   4800;16;0.999999,0.000053,0.000006,0.000000,0.000007,-0.246108,0.969242,0.000000,0.000053,-0.969241,-0.246108,0.000000,-0.000100,1.843381,50.158656,1.000000;;,
   4960;16;0.999999,0.000053,0.000006,0.000000,0.000007,-0.246336,0.969184,0.000000,0.000053,-0.969183,-0.246336,0.000000,-0.000100,1.904821,50.151763,1.000000;;,
   5120;16;0.999999,0.000053,0.000006,0.000000,0.000007,-0.246565,0.969126,0.000000,0.000053,-0.969125,-0.246565,0.000000,-0.000100,1.966282,50.144867,1.000000;;,
   5280;16;0.999999,0.000053,0.000006,0.000000,0.000007,-0.246793,0.969068,0.000000,0.000053,-0.969067,-0.246793,0.000000,-0.000100,2.027764,50.137974,1.000000;;,
   5440;16;0.999999,0.000053,0.000006,0.000000,0.000007,-0.247022,0.969010,0.000000,0.000053,-0.969009,-0.247021,0.000000,-0.000100,2.089266,50.131082,1.000000;;,
   5600;16;0.999999,0.000053,0.000006,0.000000,0.000008,-0.247250,0.968952,0.000000,0.000053,-0.968951,-0.247250,0.000000,-0.000100,2.150789,50.124173,1.000000;;,
   5760;16;0.999999,0.000053,0.000006,0.000000,0.000008,-0.247478,0.968894,0.000000,0.000053,-0.968892,-0.247478,0.000000,-0.000100,2.212341,50.117283,1.000000;;,
   5920;16;0.999999,0.000053,0.000006,0.000000,0.000008,-0.247707,0.968835,0.000000,0.000053,-0.968834,-0.247706,0.000000,-0.000100,2.273915,50.110381,1.000000;;,
   6080;16;0.999999,0.000053,0.000006,0.000000,0.000008,-0.247935,0.968777,0.000000,0.000053,-0.968776,-0.247935,0.000000,-0.000100,2.335511,50.103498,1.000000;;,
   6240;16;0.999999,0.000053,0.000006,0.000000,0.000008,-0.248164,0.968718,0.000000,0.000053,-0.968717,-0.248163,0.000000,-0.000100,2.397130,50.096595,1.000000;;,
   6400;16;0.999999,0.000053,0.000006,0.000000,0.000008,-0.248392,0.968660,0.000000,0.000053,-0.968658,-0.248391,0.000000,-0.000100,2.458772,50.089699,1.000000;;,
   6560;16;0.999999,0.000053,0.000006,0.000000,0.000008,-0.248620,0.968601,0.000000,0.000053,-0.968600,-0.248620,0.000000,-0.000100,2.520447,50.082803,1.000000;;,
   6720;16;0.999999,0.000053,0.000006,0.000000,0.000008,-0.248848,0.968542,0.000000,0.000053,-0.968541,-0.248848,0.000000,-0.000100,2.582147,50.075907,1.000000;;,
   6880;16;0.999999,0.000053,0.000006,0.000000,0.000008,-0.249077,0.968484,0.000000,0.000053,-0.968483,-0.249076,0.000000,-0.000100,2.643874,50.069011,1.000000;;,
   7040;16;0.999999,0.000053,0.000006,0.000000,0.000008,-0.249310,0.968424,0.000000,0.000053,-0.968423,-0.249309,0.000000,-0.000100,2.705628,50.062112,1.000000;;,
   7200;16;0.999999,0.000053,0.000006,0.000000,0.000008,-0.249557,0.968360,0.000000,0.000053,-0.968359,-0.249557,0.000000,-0.000100,2.767409,50.055222,1.000000;;,
   7360;16;0.999999,0.000053,0.000006,0.000000,0.000008,-0.249804,0.968296,0.000000,0.000053,-0.968295,-0.249804,0.000000,-0.000100,2.829231,50.048269,1.000000;;,
   7520;16;0.999999,0.000053,0.000006,0.000000,0.000008,-0.250051,0.968233,0.000000,0.000053,-0.968231,-0.250051,0.000000,-0.000100,2.891084,50.041299,1.000000;;,
   7680;16;0.999999,0.000053,0.000006,0.000000,0.000008,-0.250298,0.968169,0.000000,0.000053,-0.968168,-0.250298,0.000000,-0.000100,2.952971,50.034352,1.000000;;,
   7840;16;0.999999,0.000053,0.000006,0.000000,0.000008,-0.250545,0.968105,0.000000,0.000053,-0.968104,-0.250545,0.000000,-0.000100,3.014893,50.027398,1.000000;;,
   8000;16;0.999999,0.000053,0.000006,0.000000,0.000008,-0.250792,0.968041,0.000000,0.000053,-0.968040,-0.250792,0.000000,-0.000100,3.076852,50.020422,1.000000;;,
   8160;16;0.999999,0.000053,0.000006,0.000000,0.000008,-0.251039,0.967977,0.000000,0.000053,-0.967976,-0.251039,0.000000,-0.000100,3.138865,50.013482,1.000000;;,
   8320;16;0.999999,0.000053,0.000006,0.000000,0.000008,-0.251286,0.967913,0.000000,0.000053,-0.967911,-0.251286,0.000000,-0.000100,3.200923,50.006512,1.000000;;,
   8480;16;0.999999,0.000053,0.000006,0.000000,0.000008,-0.251533,0.967849,0.000000,0.000053,-0.967847,-0.251533,0.000000,-0.000100,3.263029,49.999562,1.000000;;,
   8640;16;0.999999,0.000053,0.000006,0.000000,0.000008,-0.251780,0.967784,0.000000,0.000053,-0.967783,-0.251780,0.000000,-0.000100,3.325187,49.992605,1.000000;;,
   8800;16;0.999999,0.000053,0.000005,0.000000,0.000008,-0.252027,0.967720,0.000000,0.000053,-0.967719,-0.252027,0.000000,-0.000100,3.387401,49.985645,1.000000;;,
   8960;16;0.999999,0.000053,0.000005,0.000000,0.000008,-0.252274,0.967656,0.000000,0.000053,-0.967654,-0.252274,0.000000,-0.000100,3.449700,49.978685,1.000000;;,
   9120;16;0.999999,0.000053,0.000005,0.000000,0.000008,-0.252521,0.967591,0.000000,0.000053,-0.967590,-0.252521,0.000000,-0.000100,3.512076,49.971728,1.000000;;,
   9280;16;0.999999,0.000053,0.000005,0.000000,0.000008,-0.252768,0.967527,0.000000,0.000053,-0.967526,-0.252768,0.000000,-0.000100,3.574536,49.964771,1.000000;;,
   9440;16;0.999999,0.000054,0.000005,0.000000,0.000008,-0.252935,0.967483,0.000000,0.000053,-0.967482,-0.252934,0.000000,-0.000100,3.637092,49.957814,1.000000;;,
   9600;16;0.999999,0.000054,0.000005,0.000000,0.000008,-0.252860,0.967503,0.000000,0.000053,-0.967502,-0.252860,0.000000,-0.000100,3.699759,49.950854,1.000000;;,
   9760;16;0.999999,0.000054,0.000005,0.000000,0.000008,-0.252786,0.967522,0.000000,0.000053,-0.967521,-0.252786,0.000000,-0.000100,3.762614,49.938957,1.000000;;,
   9920;16;0.999999,0.000054,0.000005,0.000000,0.000008,-0.252711,0.967542,0.000000,0.000053,-0.967540,-0.252711,0.000000,-0.000100,3.825658,49.927082,1.000000;;,
   10080;16;0.999999,0.000054,0.000005,0.000000,0.000008,-0.252637,0.967561,0.000000,0.000053,-0.967560,-0.252637,0.000000,-0.000100,3.888954,49.915190,1.000000;;,
   10240;16;0.999999,0.000054,0.000005,0.000000,0.000008,-0.252563,0.967581,0.000000,0.000053,-0.967579,-0.252562,0.000000,-0.000100,3.954288,49.903312,1.000000;;,
   10400;16;0.999999,0.000054,0.000005,0.000000,0.000008,-0.252488,0.967600,0.000000,0.000053,-0.967599,-0.252488,0.000000,-0.000100,4.025180,49.891421,1.000000;;,
   10560;16;0.999999,0.000054,0.000005,0.000000,0.000008,-0.252414,0.967619,0.000000,0.000053,-0.967618,-0.252413,0.000000,-0.000100,4.098349,49.879536,1.000000;;,
   10720;16;0.999999,0.000054,0.000005,0.000000,0.000008,-0.252339,0.967639,0.000000,0.000053,-0.967637,-0.252339,0.000000,-0.000100,4.156217,49.867648,1.000000;;,
   10880;16;0.999999,0.000054,0.000005,0.000000,0.000008,-0.252265,0.967658,0.000000,0.000053,-0.967657,-0.252264,0.000000,-0.000100,4.196756,49.855763,1.000000;;,
   11040;16;0.999999,0.000054,0.000005,0.000000,0.000008,-0.252190,0.967678,0.000000,0.000053,-0.967676,-0.252190,0.000000,-0.000100,4.220217,49.843875,1.000000;;,
   11200;16;0.999999,0.000054,0.000005,0.000000,0.000008,-0.252116,0.967697,0.000000,0.000053,-0.967696,-0.252116,0.000000,-0.000100,4.229126,49.831984,1.000000;;,
   11360;16;0.999999,0.000054,0.000005,0.000000,0.000008,-0.252041,0.967717,0.000000,0.000053,-0.967715,-0.252041,0.000000,-0.000100,4.238785,49.803472,1.000000;;,
   11520;16;0.999999,0.000054,0.000005,0.000000,0.000008,-0.251967,0.967736,0.000000,0.000053,-0.967735,-0.251966,0.000000,-0.000100,4.253278,49.774928,1.000000;;,
   11680;16;0.999999,0.000054,0.000005,0.000000,0.000009,-0.251892,0.967755,0.000000,0.000053,-0.967754,-0.251892,0.000000,-0.000100,4.269414,49.746394,1.000000;;,
   11840;16;0.999999,0.000054,0.000005,0.000000,0.000009,-0.251818,0.967775,0.000000,0.000053,-0.967773,-0.251817,0.000000,-0.000100,4.285189,49.719683,1.000000;;,
   12000;16;0.999999,0.000054,0.000005,0.000000,0.000009,-0.251743,0.967794,0.000000,0.000053,-0.967793,-0.251743,0.000000,-0.000100,4.299800,49.698464,1.000000;;,
   12160;16;0.999999,0.000054,0.000005,0.000000,0.000009,-0.251669,0.967814,0.000000,0.000053,-0.967812,-0.251668,0.000000,-0.000100,4.312394,49.677235,1.000000;;,
   12320;16;0.999999,0.000054,0.000005,0.000000,0.000009,-0.251594,0.967833,0.000000,0.000053,-0.967832,-0.251594,0.000000,-0.000100,4.323677,49.656010,1.000000;;,
   12480;16;0.999999,0.000054,0.000005,0.000000,0.000009,-0.251520,0.967852,0.000000,0.000053,-0.967851,-0.251520,0.000000,-0.000100,4.334524,49.634774,1.000000;;,
   12640;16;0.999999,0.000054,0.000005,0.000000,0.000009,-0.251445,0.967871,0.000000,0.000053,-0.967870,-0.251445,0.000000,-0.000100,4.345808,49.612406,1.000000;;,
   12800;16;0.999999,0.000054,0.000005,0.000000,0.000009,-0.251371,0.967891,0.000000,0.000053,-0.967890,-0.251371,0.000000,-0.000100,4.358400,49.586589,1.000000;;,
   12960;16;0.999999,0.000054,0.000005,0.000000,0.000009,-0.251296,0.967910,0.000000,0.000053,-0.967909,-0.251296,0.000000,-0.000100,4.373011,49.560768,1.000000;;,
   13120;16;0.999999,0.000054,0.000005,0.000000,0.000009,-0.251222,0.967929,0.000000,0.000053,-0.967928,-0.251222,0.000000,-0.000100,4.388787,49.534947,1.000000;;,
   13280;16;0.999999,0.000054,0.000005,0.000000,0.000009,-0.251147,0.967949,0.000000,0.000053,-0.967948,-0.251147,0.000000,-0.000100,4.404922,49.509130,1.000000;;,
   13440;16;0.999999,0.000054,0.000005,0.000000,0.000009,-0.251073,0.967968,0.000000,0.000053,-0.967967,-0.251073,0.000000,-0.000100,4.421862,49.482982,1.000000;;,
   13600;16;0.999999,0.000054,0.000005,0.000000,0.000009,-0.250999,0.967988,0.000000,0.000053,-0.967986,-0.250998,0.000000,-0.000100,4.441310,49.455840,1.000000;;,
   13760;16;0.999999,0.000054,0.000005,0.000000,0.000009,-0.250924,0.968007,0.000000,0.000053,-0.968006,-0.250924,0.000000,-0.000100,4.461240,49.428704,1.000000;;,
   13920;16;0.999999,0.000054,0.000005,0.000000,0.000009,-0.250849,0.968026,0.000000,0.000053,-0.968025,-0.250849,0.000000,-0.000100,4.471849,49.401578,1.000000;;,
   14080;16;0.999999,0.000054,0.000005,0.000000,0.000009,-0.250775,0.968045,0.000000,0.000053,-0.968044,-0.250775,0.000000,-0.000100,4.465498,49.369789,1.000000;;,
   14240;16;0.999999,0.000054,0.000005,0.000000,0.000009,-0.250701,0.968065,0.000000,0.000053,-0.968063,-0.250700,0.000000,-0.000100,4.436924,49.333366,1.000000;;,
   14400;16;0.999999,0.000054,0.000005,0.000000,0.000009,-0.250626,0.968084,0.000000,0.000053,-0.968083,-0.250626,0.000000,-0.000100,4.383245,49.296938,1.000000;;,
   14560;16;0.999999,0.000054,0.000005,0.000000,0.000009,-0.250552,0.968103,0.000000,0.000053,-0.968102,-0.250551,0.000000,-0.000100,4.330862,49.260509,1.000000;;,
   14720;16;0.999999,0.000054,0.000005,0.000000,0.000009,-0.250477,0.968122,0.000000,0.000053,-0.968121,-0.250477,0.000000,-0.000100,4.285234,49.224080,1.000000;;,
   14880;16;0.999999,0.000054,0.000005,0.000000,0.000009,-0.250403,0.968142,0.000000,0.000053,-0.968141,-0.250402,0.000000,-0.000100,4.241779,49.187651,1.000000;;,
   15040;16;0.999999,0.000054,0.000005,0.000000,0.000009,-0.250328,0.968161,0.000000,0.000053,-0.968160,-0.250328,0.000000,-0.000100,4.199288,49.151222,1.000000;;,
   15200;16;0.999999,0.000054,0.000005,0.000000,0.000009,-0.250253,0.968180,0.000000,0.000053,-0.968179,-0.250253,0.000000,-0.000100,4.159933,49.114803,1.000000;;,
   15360;16;0.999999,0.000054,0.000005,0.000000,0.000009,-0.250179,0.968200,0.000000,0.000053,-0.968198,-0.250179,0.000000,-0.000100,4.131540,49.087485,1.000000;;,
   15520;16;0.999999,0.000054,0.000005,0.000000,0.000009,-0.250105,0.968219,0.000000,0.000053,-0.968218,-0.250104,0.000000,-0.000100,4.110763,49.060166,1.000000;;,
   15680;16;0.999999,0.000054,0.000005,0.000000,0.000009,-0.250030,0.968238,0.000000,0.000053,-0.968237,-0.250030,0.000000,-0.000100,4.087844,49.032845,1.000000;;,
   15840;16;0.999999,0.000054,0.000005,0.000000,0.000009,-0.249956,0.968257,0.000000,0.000053,-0.968256,-0.249955,0.000000,-0.000100,4.054134,49.005520,1.000000;;,
   16000;16;0.999999,0.000054,0.000005,0.000000,0.000009,-0.249881,0.968277,0.000000,0.000053,-0.968275,-0.249881,0.000000,-0.000100,4.002101,48.978202,1.000000;;,
   16160;16;0.999999,0.000054,0.000005,0.000000,0.000009,-0.249807,0.968296,0.000000,0.000053,-0.968294,-0.249806,0.000000,-0.000100,3.929268,48.938493,1.000000;;,
   16320;16;0.999999,0.000054,0.000005,0.000000,0.000009,-0.249732,0.968315,0.000000,0.000053,-0.968314,-0.249732,0.000000,-0.000100,3.844095,48.898768,1.000000;;,
   16480;16;0.999999,0.000054,0.000005,0.000000,0.000009,-0.249658,0.968334,0.000000,0.000053,-0.968333,-0.249657,0.000000,-0.000100,3.747532,48.855722,1.000000;;,
   16640;16;0.999999,0.000054,0.000005,0.000000,0.000009,-0.249583,0.968353,0.000000,0.000053,-0.968352,-0.249583,0.000000,-0.000100,3.641785,48.809344,1.000000;;,
   16800;16;0.999999,0.000054,0.000005,0.000000,0.000009,-0.249509,0.968373,0.000000,0.000053,-0.968371,-0.249508,0.000000,-0.000100,3.530323,48.762970,1.000000;;,
   16960;16;0.999999,0.000054,0.000005,0.000000,0.000009,-0.249434,0.968392,0.000000,0.000053,-0.968391,-0.249434,0.000000,-0.000100,3.420090,48.716851,1.000000;;,
   17120;16;0.999999,0.000054,0.000005,0.000000,0.000009,-0.249360,0.968411,0.000000,0.000053,-0.968410,-0.249359,0.000000,-0.000100,3.315273,48.670726,1.000000;;,
   17280;16;0.999999,0.000054,0.000004,0.000000,0.000009,-0.249012,0.968501,0.000000,0.000053,-0.968499,-0.249011,0.000000,-0.000100,3.217898,48.626070,1.000000;;,
   17440;16;0.999999,0.000054,0.000004,0.000000,0.000009,-0.248389,0.968660,0.000000,0.000053,-0.968659,-0.248389,0.000000,-0.000100,3.126372,48.582886,1.000000;;,
   17600;16;0.999999,0.000054,0.000004,0.000000,0.000009,-0.247768,0.968820,0.000000,0.000053,-0.968818,-0.247767,0.000000,-0.000100,3.035479,48.539693,1.000000;;,
   17760;16;0.999999,0.000054,0.000004,0.000000,0.000009,-0.247145,0.968978,0.000000,0.000053,-0.968977,-0.247145,0.000000,-0.000100,2.922776,48.491462,1.000000;;,
   17920;16;0.999999,0.000054,0.000004,0.000000,0.000009,-0.246523,0.969137,0.000000,0.000053,-0.969135,-0.246523,0.000000,-0.000100,2.786809,48.443226,1.000000;;,
   18080;16;0.999999,0.000054,0.000004,0.000000,0.000009,-0.245901,0.969295,0.000000,0.000053,-0.969294,-0.245901,0.000000,-0.000100,2.631888,48.393642,1.000000;;,
   18240;16;0.999999,0.000054,0.000004,0.000000,0.000009,-0.245287,0.969450,0.000000,0.000053,-0.969449,-0.245287,0.000000,-0.000100,2.469788,48.342688,1.000000;;,
   18400;16;0.999999,0.000054,0.000004,0.000000,0.000009,-0.244700,0.969599,0.000000,0.000053,-0.969598,-0.244699,0.000000,-0.000100,2.319750,48.291750,1.000000;;,
   18560;16;0.999999,0.000054,0.000004,0.000000,0.000009,-0.244112,0.969747,0.000000,0.000053,-0.969746,-0.244112,0.000000,-0.000100,2.227651,48.265968,1.000000;;,
   18720;16;0.999999,0.000054,0.000004,0.000000,0.000009,-0.243524,0.969895,0.000000,0.000053,-0.969893,-0.243524,0.000000,-0.000100,2.171674,48.240176,1.000000;;,
   18880;16;0.999999,0.000054,0.000004,0.000000,0.000009,-0.242937,0.970042,0.000000,0.000053,-0.970041,-0.242937,0.000000,-0.000100,2.101095,48.214397,1.000000;;,
   19040;16;0.999999,0.000054,0.000004,0.000000,0.000009,-0.242349,0.970189,0.000000,0.000053,-0.970188,-0.242349,0.000000,-0.000100,1.971522,48.176266,1.000000;;,
   19200;16;0.999999,0.000054,0.000004,0.000000,0.000009,-0.241761,0.970336,0.000000,0.000053,-0.970335,-0.241761,0.000000,-0.000100,1.744900,48.101104,1.000000;;,
   19360;16;0.999999,0.000054,0.000004,0.000000,0.000009,-0.238098,0.971241,0.000000,0.000053,-0.971240,-0.238098,0.000000,-0.000100,0.954304,47.924819,1.000000;;,
   19520;16;0.999999,0.000054,0.000004,0.000000,0.000008,-0.230963,0.972962,0.000000,0.000053,-0.972961,-0.230963,0.000000,-0.000100,-0.632996,47.619712,1.000000;;,
   19680;16;0.999999,0.000054,0.000004,0.000000,0.000008,-0.221658,0.975125,0.000000,0.000053,-0.975123,-0.221658,0.000000,-0.000100,-2.720378,47.230938,1.000000;;,
   19840;16;0.999999,0.000054,0.000004,0.000000,0.000007,-0.210849,0.977519,0.000000,0.000053,-0.977517,-0.210848,0.000000,-0.000100,-5.150637,46.781085,1.000000;;,
   20000;16;0.999999,0.000054,0.000004,0.000000,0.000007,-0.198564,0.980088,0.000000,0.000054,-0.980087,-0.198564,0.000000,-0.000100,-7.905983,46.270208,1.000000;;,
   20160;16;0.999999,0.000054,0.000003,0.000000,0.000007,-0.183955,0.982935,0.000000,0.000053,-0.982933,-0.183955,0.000000,-0.000100,-11.191022,45.667485,1.000000;;,
   20320;16;0.999999,0.000054,0.000003,0.000000,0.000007,-0.171196,0.985237,0.000000,0.000053,-0.985236,-0.171195,0.000000,-0.000100,-14.096992,45.137302,1.000000;;,
   20480;16;0.999999,0.000054,0.000002,0.000000,0.000006,-0.160001,0.987117,0.000000,0.000053,-0.987116,-0.160001,0.000000,-0.000100,-16.715019,44.663885,1.000000;;,
   20640;16;0.999999,0.000054,0.000003,0.000000,0.000006,-0.150308,0.988639,0.000000,0.000054,-0.988638,-0.150307,0.000000,-0.000100,-19.063261,44.244016,1.000000;;,
   20800;16;0.999999,0.000054,0.000003,0.000000,0.000005,-0.142272,0.989828,0.000000,0.000054,-0.989826,-0.142271,0.000000,-0.000100,-21.086930,43.887085,1.000000;;,
   20960;16;0.999999,0.000054,0.000003,0.000000,0.000005,-0.139677,0.990197,0.000000,0.000054,-0.990196,-0.139677,0.000000,-0.000100,-21.762669,43.769258,1.000000;;,
   21120;16;0.999999,0.000054,0.000003,0.000000,0.000004,-0.141307,0.989966,0.000000,0.000054,-0.989964,-0.141307,0.000000,-0.000100,-21.891410,43.754282,1.000000;;,
   21280;16;0.999999,0.000054,0.000003,0.000000,0.000005,-0.147124,0.989118,0.000000,0.000054,-0.989117,-0.147124,0.000000,-0.000100,-21.747858,43.773587,1.000000;;,
   21440;16;0.999999,0.000054,0.000004,0.000000,0.000005,-0.155937,0.987767,0.000000,0.000054,-0.987766,-0.155937,0.000000,-0.000100,-21.467736,43.792893,1.000000;;,
   21600;16;0.999999,0.000054,0.000004,0.000000,0.000005,-0.165416,0.986224,0.000000,0.000054,-0.986222,-0.165416,0.000000,-0.000100,-21.047802,43.812198,1.000000;;,
   21760;16;0.999999,0.000054,0.000004,0.000000,0.000006,-0.174585,0.984642,0.000000,0.000054,-0.984641,-0.174585,0.000000,-0.000100,-20.534206,43.831504,1.000000;;,
   21920;16;0.999999,0.000054,0.000004,0.000000,0.000006,-0.184655,0.982803,0.000000,0.000054,-0.982802,-0.184655,0.000000,-0.000100,-19.931670,43.850810,1.000000;;,
   22080;16;0.999999,0.000054,0.000004,0.000000,0.000006,-0.195040,0.980795,0.000000,0.000054,-0.980794,-0.195040,0.000000,-0.000100,-19.214454,43.915990,1.000000;;,
   22240;16;0.999999,0.000054,0.000005,0.000000,0.000007,-0.205153,0.978730,0.000000,0.000054,-0.978729,-0.205152,0.000000,-0.000100,-18.377029,44.039120,1.000000;;,
   22400;16;0.999999,0.000054,0.000005,0.000000,0.000007,-0.214403,0.976745,0.000000,0.000054,-0.976744,-0.214402,0.000000,-0.000100,-17.434099,44.198502,1.000000;;,
   22560;16;0.999999,0.000054,0.000006,0.000000,0.000007,-0.223835,0.974627,0.000000,0.000054,-0.974626,-0.223834,0.000000,-0.000100,-16.297610,44.412595,1.000000;;,
   22720;16;0.999999,0.000054,0.000006,0.000000,0.000007,-0.232665,0.972557,0.000000,0.000054,-0.972555,-0.232665,0.000000,-0.000100,-14.999546,44.679414,1.000000;;,
   22880;16;0.999999,0.000054,0.000006,0.000000,0.000007,-0.238891,0.971046,0.000000,0.000054,-0.971045,-0.238891,0.000000,-0.000100,-13.678954,44.971686,1.000000;;,
   23040;16;0.999999,0.000054,0.000006,0.000000,0.000007,-0.241879,0.970307,0.000000,0.000054,-0.970305,-0.241878,0.000000,-0.000100,-12.405102,45.276762,1.000000;;,
   23200;16;0.999999,0.000054,0.000006,0.000000,0.000007,-0.242351,0.970189,0.000000,0.000054,-0.970187,-0.242351,0.000000,-0.000100,-11.177502,45.596576,1.000000;;,
   23360;16;0.999999,0.000054,0.000006,0.000000,0.000007,-0.242823,0.970071,0.000000,0.000054,-0.970069,-0.242823,0.000000,-0.000100,-9.995538,45.937302,1.000000;;,
   23520;16;0.999999,0.000054,0.000006,0.000000,0.000007,-0.243295,0.969952,0.000000,0.000054,-0.969951,-0.243295,0.000000,-0.000100,-8.981761,46.230755,1.000000;;,
   23680;16;0.999999,0.000054,0.000006,0.000000,0.000007,-0.243768,0.969834,0.000000,0.000054,-0.969832,-0.243767,0.000000,-0.000100,-8.109974,46.477574,1.000000;;,
   23840;16;0.999999,0.000054,0.000006,0.000000,0.000007,-0.244239,0.969715,0.000000,0.000054,-0.969714,-0.244239,0.000000,-0.000100,-7.378044,46.678522,1.000000;;,
   24000;16;0.999999,0.000054,0.000006,0.000000,0.000007,-0.244711,0.969596,0.000000,0.000054,-0.969595,-0.244711,0.000000,-0.000100,-6.807881,46.834538,1.000000;;,
   24160;16;0.999999,0.000054,0.000006,0.000000,0.000007,-0.245183,0.969477,0.000000,0.000054,-0.969475,-0.245183,0.000000,-0.000100,-6.504377,46.930592,1.000000;;,
   24320;16;0.999999,0.000054,0.000006,0.000000,0.000007,-0.245604,0.969370,0.000000,0.000054,-0.969369,-0.245604,0.000000,-0.000100,-6.292558,46.998006,1.000000;;,
   24480;16;0.999999,0.000054,0.000006,0.000000,0.000007,-0.246009,0.969268,0.000000,0.000054,-0.969266,-0.246008,0.000000,-0.000100,-6.138246,47.055866,1.000000;;,
   24640;16;0.999999,0.000054,0.000006,0.000000,0.000007,-0.246413,0.969165,0.000000,0.000054,-0.969164,-0.246413,0.000000,-0.000100,-6.023676,47.104067,1.000000;;,
   24800;16;0.999999,0.000054,0.000006,0.000000,0.000007,-0.246817,0.969062,0.000000,0.000054,-0.969061,-0.246817,0.000000,-0.000100,-5.947498,47.123325,1.000000;;,
   24960;16;0.999999,0.000054,0.000006,0.000000,0.000007,-0.247222,0.968959,0.000000,0.000054,-0.968958,-0.247221,0.000000,-0.000100,-5.907231,47.142570,1.000000;;,
   25120;16;0.999999,0.000054,0.000006,0.000000,0.000007,-0.247626,0.968856,0.000000,0.000054,-0.968854,-0.247625,0.000000,-0.000100,-5.875177,47.161821,1.000000;;,
   25280;16;0.999999,0.000054,0.000006,0.000000,0.000007,-0.248030,0.968752,0.000000,0.000054,-0.968751,-0.248030,0.000000,-0.000100,-5.839516,47.181066,1.000000;;,
   25440;16;0.999999,0.000054,0.000006,0.000000,0.000007,-0.248434,0.968649,0.000000,0.000054,-0.968648,-0.248433,0.000000,-0.000100,-5.790787,47.200310,1.000000;;,
   25600;16;0.999999,0.000054,0.000006,0.000000,0.000007,-0.248838,0.968545,0.000000,0.000054,-0.968544,-0.248837,0.000000,-0.000100,-5.721900,47.219558,1.000000;;,
   25760;16;0.999999,0.000054,0.000006,0.000000,0.000007,-0.249125,0.968471,0.000000,0.000054,-0.968470,-0.249125,0.000000,-0.000100,-5.637173,47.251491,1.000000;;,
   25920;16;0.999999,0.000054,0.000006,0.000000,0.000007,-0.249412,0.968397,0.000000,0.000054,-0.968396,-0.249412,0.000000,-0.000100,-5.552143,47.283414,1.000000;;,
   26080;16;0.999999,0.000054,0.000006,0.000000,0.000007,-0.249699,0.968324,0.000000,0.000054,-0.968322,-0.249698,0.000000,-0.000100,-5.466790,47.315341,1.000000;;,
   26240;16;0.999999,0.000054,0.000006,0.000000,0.000007,-0.249986,0.968250,0.000000,0.000054,-0.968248,-0.249985,0.000000,-0.000100,-5.381091,47.347408,1.000000;;,
   26400;16;0.999999,0.000054,0.000006,0.000000,0.000007,-0.250273,0.968175,0.000000,0.000054,-0.968174,-0.250272,0.000000,-0.000100,-5.295026,47.379872,1.000000;;,
   26560;16;0.999999,0.000054,0.000006,0.000000,0.000007,-0.250559,0.968101,0.000000,0.000054,-0.968100,-0.250559,0.000000,-0.000100,-5.208438,47.412349,1.000000;;,
   26720;16;0.999999,0.000054,0.000006,0.000000,0.000007,-0.250846,0.968027,0.000000,0.000054,-0.968026,-0.250846,0.000000,-0.000100,-5.121433,47.444826,1.000000;;,
   26880;16;0.999999,0.000054,0.000006,0.000000,0.000007,-0.251133,0.967953,0.000000,0.000054,-0.967951,-0.251133,0.000000,-0.000100,-5.034008,47.477613,1.000000;;,
   27040;16;0.999999,0.000054,0.000006,0.000000,0.000007,-0.251420,0.967878,0.000000,0.000054,-0.967877,-0.251419,0.000000,-0.000100,-4.946152,47.510717,1.000000;;,
   27200;16;0.999999,0.000054,0.000006,0.000000,0.000007,-0.251707,0.967804,0.000000,0.000054,-0.967802,-0.251706,0.000000,-0.000100,-4.857868,47.543808,1.000000;;,
   27360;16;0.999999,0.000054,0.000006,0.000000,0.000007,-0.251993,0.967729,0.000000,0.000054,-0.967728,-0.251993,0.000000,-0.000100,-4.769029,47.576912,1.000000;;,
   27520;16;0.999999,0.000054,0.000006,0.000000,0.000007,-0.252280,0.967654,0.000000,0.000054,-0.967653,-0.252280,0.000000,-0.000100,-4.679799,47.610448,1.000000;;,
   27680;16;0.999999,0.000054,0.000006,0.000000,0.000007,-0.252403,0.967622,0.000000,0.000054,-0.967621,-0.252402,0.000000,-0.000100,-4.590205,47.644115,1.000000;;,
   27840;16;0.999999,0.000054,0.000006,0.000000,0.000007,-0.252361,0.967633,0.000000,0.000054,-0.967632,-0.252361,0.000000,-0.000100,-4.500273,47.677798,1.000000;;,
   28000;16;0.999999,0.000054,0.000006,0.000000,0.000007,-0.252320,0.967644,0.000000,0.000054,-0.967643,-0.252320,0.000000,-0.000100,-4.410035,47.711472,1.000000;;,
   28160;16;0.999999,0.000054,0.000006,0.000000,0.000007,-0.252279,0.967655,0.000000,0.000054,-0.967653,-0.252278,0.000000,-0.000100,-4.319454,47.745536,1.000000;;,
   28320;16;0.999999,0.000054,0.000006,0.000000,0.000007,-0.252237,0.967665,0.000000,0.000054,-0.967664,-0.252237,0.000000,-0.000100,-4.228669,47.779597,1.000000;;,
   28480;16;0.999999,0.000054,0.000006,0.000000,0.000007,-0.252196,0.967676,0.000000,0.000054,-0.967675,-0.252196,0.000000,-0.000100,-4.137712,47.813651,1.000000;;,
   28640;16;0.999999,0.000054,0.000006,0.000000,0.000007,-0.252155,0.967687,0.000000,0.000054,-0.967686,-0.252154,0.000000,-0.000100,-4.046612,47.847920,1.000000;;,
   28800;16;0.999999,0.000054,0.000006,0.000000,0.000007,-0.252113,0.967698,0.000000,0.000054,-0.967696,-0.252113,0.000000,-0.000100,-3.955400,47.882774,1.000000;;,
   28960;16;0.999999,0.000054,0.000006,0.000000,0.000007,-0.252072,0.967709,0.000000,0.000054,-0.967707,-0.252072,0.000000,-0.000100,-3.862718,47.917638,1.000000;;,
