xof 0303txt 0032
template Frame {
 <3d82ab46-62da-11cf-ab39-0020af71e433>
 [...]
}

template Matrix4x4 {
 <f6f23f45-7686-11cf-8f52-0040333594a3>
 array FLOAT matrix[16];
}

template FrameTransformMatrix {
 <f6f23f41-7686-11cf-8f52-0040333594a3>
 Matrix4x4 frameMatrix;
}

template AnimTicksPerSecond {
 <9e415a43-7ba6-4a73-8743-b73d47e88476>
 DWORD AnimTicksPerSecond;
}

template Animation {
 <3d82ab4f-62da-11cf-ab39-0020af71e433>
 [...]
}

template AnimationSet {
 <3d82ab50-62da-11cf-ab39-0020af71e433>
 [Animation <3d82ab4f-62da-11cf-ab39-0020af71e433>]
}

template FloatKeys {
 <10dd46a9-775b-11cf-8f52-0040333594a3>
 DWORD nValues;
 array FLOAT values[nValues];
}

template TimedFloatKeys {
 <f406b180-7b3b-11cf-8f52-0040333594a3>
 DWORD time;
 FloatKeys tfkeys;
}

template AnimationKey {
 <10dd46a8-775b-11cf-8f52-0040333594a3>
 DWORD keyType;
 DWORD nKeys;
 array TimedFloatKeys keys[nKeys];
}


Frame ARM_fox_framework {
 

 FrameTransformMatrix {
  -0.003937,0.000000,-0.000000,0.000000,-0.000000,-0.000000,0.003937,0.000000,-0.000000,0.003937,0.000000,0.000000,0.000000,0.000000,0.000000,1.000000;;
 }

 Frame _0__-com {
  

  FrameTransformMatrix {
   1.000000,0.000054,0.000013,0.000000,0.000013,-0.467580,0.883951,0.000000,0.000054,-0.883950,-0.467580,0.000000,0.000000,-0.000000,63.684902,1.000000;;
  }

  Frame _1___body {
   

   FrameTransformMatrix {
    0.000000,-0.000000,1.000000,0.000000,1.000000,0.000000,-0.000000,0.000000,-0.000000,1.000000,0.000000,0.000000,0.000100,0.000675,-13.042549,1.000000;;
   }

   Frame _3___chest {
    

    FrameTransformMatrix {
     0.190132,0.000000,-0.981758,0.000000,0.000000,1.000000,0.000000,0.000000,0.981758,0.000000,0.190132,0.000000,21.270901,-0.000100,-0.317711,1.000000;;
    }

    Frame _7__-neck1 {
     

     FrameTransformMatrix {
      0.974570,-0.000000,-0.224081,0.000000,-0.000000,1.000000,0.000000,0.000000,0.224081,-0.000000,0.974571,0.000000,-0.015011,-0.000000,31.659997,1.000000;;
     }

     Frame _11__-claviclel {
      

      FrameTransformMatrix {
       -0.895233,0.394813,-0.206589,0.000000,-0.383951,-0.448185,0.807286,0.000000,0.226137,0.802030,0.552820,0.000000,-0.111694,4.111200,-5.721399,1.000000;;
      }

      Frame _16___arm1l {
       

       FrameTransformMatrix {
        -0.288085,-0.931871,-0.220509,0.000000,0.404453,-0.327131,0.854052,0.000000,-0.868001,0.156854,0.471139,0.000000,-0.000252,-0.000536,9.105307,1.000000;;
       }

       Frame _21___arm2l {
        

        FrameTransformMatrix {
         0.320916,-0.000000,0.947107,0.000000,0.000000,1.000000,-0.000000,0.000000,-0.947107,0.000000,0.320916,0.000000,-0.000729,0.001055,23.360550,1.000000;;
        }

        Frame _24___hand1l {
         

         FrameTransformMatrix {
          0.188513,-0.156084,-0.969588,0.000000,0.225089,0.967874,-0.112045,0.000000,0.955928,-0.197122,0.217590,0.000000,0.000568,-0.000294,21.384579,1.000000;;
         }

         Frame _26___hand2l {
          

          FrameTransformMatrix {
           0.315512,-0.000296,-0.948921,0.000000,0.000843,1.000000,-0.000031,0.000000,0.948921,-0.000790,0.315512,0.000000,-0.000053,0.000102,7.661438,1.000000;;
          }

          Frame _26___hand2l_end {
           

           FrameTransformMatrix {
            1.000000,0.000000,0.000000,0.000000,0.000000,1.000000,-0.000000,0.000000,-0.000000,-0.000000,1.000000,0.000000,0.000000,-0.000000,1.000042,1.000000;;
           }
          }
         }
        }
       }
      }
     }

     Frame _12__-clavicler {
      

      FrameTransformMatrix {
       -0.574496,-0.807685,-0.132662,0.000000,0.609601,-0.314053,-0.727845,0.000000,0.546206,-0.499014,0.672788,0.000000,-0.111694,-4.111200,-5.721401,1.000000;;
      }

      Frame _17___arm1r {
       

       FrameTransformMatrix {
        -0.056176,0.989053,0.136448,0.000000,-0.859677,0.021583,-0.510382,0.000000,-0.507740,-0.145973,0.849053,0.000000,-0.000053,-0.000393,9.105148,1.000000;;
       }

       Frame _22___arm2r {
        

        FrameTransformMatrix {
         0.933909,-0.000000,0.357510,0.000000,0.000000,1.000000,0.000000,0.000000,-0.357510,0.000000,0.933909,0.000000,0.001026,0.000278,23.361675,1.000000;;
        }

        Frame _25___hand1r {
         

         FrameTransformMatrix {
          0.936736,0.272961,0.219130,0.000000,-0.295576,0.952175,0.077447,0.000000,-0.187510,-0.137317,0.972617,0.000000,-0.000629,0.000656,21.384419,1.000000;;
         }

         Frame _27___hand2r {
          

          FrameTransformMatrix {
           0.857657,0.000663,0.514221,0.000000,-0.000777,1.000000,0.000006,0.000000,-0.514221,-0.000405,0.857657,0.000000,0.000484,-0.000072,7.661125,1.000000;;
          }

          Frame _27___hand2r_end {
           

           FrameTransformMatrix {
            1.000000,0.000000,-0.000000,0.000000,0.000000,1.000000,-0.000000,0.000000,-0.000000,0.000000,1.000000,0.000000,0.000000,0.000000,1.000038,1.000000;;
           }
          }
         }
        }
       }
      }
     }

     Frame _13__-neck2 {
      

      FrameTransformMatrix {
       0.999742,-0.000000,0.022698,0.000000,0.000000,1.000000,0.000000,0.000000,-0.022698,0.000000,0.999742,0.000000,-0.011398,0.000000,19.369803,1.000000;;
      }

      Frame _18___head {
       

       FrameTransformMatrix {
        -0.062762,-0.000000,0.998028,0.000000,0.000000,1.000000,0.000000,0.000000,-0.998028,-0.000000,-0.062762,0.000000,0.000275,-0.000000,14.320547,1.000000;;
       }

       Frame _23___head2 {
        

        FrameTransformMatrix {
         0.109477,-0.000000,-0.993989,0.000000,0.000000,1.000000,-0.000000,0.000000,0.993989,-0.000000,0.109477,0.000000,12.305412,0.000000,-1.642716,1.000000;;
        }

        Frame _23___head2_end {
         

         FrameTransformMatrix {
          1.000000,0.000000,0.000000,0.000000,0.000000,1.000000,0.000000,0.000000,0.000000,0.000000,1.000000,0.000000,0.000004,0.000000,0.999962,1.000000;;
         }
        }
       }
      }
     }
    }
   }

   Frame _4___leg1l {
    

    FrameTransformMatrix {
     0.996689,0.080763,0.009394,0.000000,0.081039,-0.996124,-0.034135,0.000000,0.006601,0.034783,-0.999371,0.000000,0.000004,9.282100,-0.000015,1.000000;;
    }

    Frame _8___leg2l {
     

     FrameTransformMatrix {
      0.493402,0.000000,0.869801,0.000000,0.000000,1.000000,-0.000000,0.000000,-0.869801,0.000000,0.493402,0.000000,0.000652,0.000834,18.581027,1.000000;;
     }

     Frame _14___leg3l {
      

      FrameTransformMatrix {
       0.837174,-0.000000,-0.546936,0.000000,0.000000,1.000000,-0.000000,0.000000,0.546936,0.000000,0.837174,0.000000,0.001030,0.000664,24.787406,1.000000;;
      }

      Frame _19__-footl {
       

       FrameTransformMatrix {
        0.467108,-0.044717,0.883069,0.000000,-0.007022,0.998501,0.054277,0.000000,-0.884172,-0.031554,0.466094,0.000000,0.000725,-0.000241,14.705346,1.000000;;
       }

       Frame _19__-footl_end {
        

        FrameTransformMatrix {
         1.000000,0.000000,0.000000,0.000000,0.000000,1.000000,0.000000,0.000000,0.000000,-0.000000,1.000000,0.000000,-0.000002,0.000000,1.000008,1.000000;;
        }
       }
      }
     }
    }
   }

   Frame _5___leg1r {
    

    FrameTransformMatrix {
     0.889948,-0.096526,-0.445730,0.000000,-0.112186,-0.993646,-0.008810,0.000000,-0.442047,0.057845,-0.895122,0.000000,0.000088,-9.282198,0.000031,1.000000;;
    }

    Frame _9___leg2r {
     

     FrameTransformMatrix {
      0.898744,-0.000000,0.438474,0.000000,-0.000000,1.000000,0.000000,0.000000,-0.438474,-0.000000,0.898744,0.000000,-0.000256,-0.000393,18.581774,1.000000;;
     }

     Frame _15___leg3r {
      

      FrameTransformMatrix {
       0.992676,0.000000,-0.120804,0.000000,-0.000000,1.000000,0.000000,0.000000,0.120804,-0.000000,0.992676,0.000000,-0.001034,0.000590,24.787304,1.000000;;
      }

      Frame _20__-footr {
       

       FrameTransformMatrix {
        0.501502,0.003778,0.865148,0.000000,0.004297,0.999967,-0.006858,0.000000,-0.865146,0.007157,0.501469,0.000000,0.000473,0.000437,14.706424,1.000000;;
       }

       Frame _20__-footr_end {
        

        FrameTransformMatrix {
         1.000000,0.000000,-0.000000,0.000000,0.000000,1.000000,-0.000000,0.000000,0.000000,0.000000,1.000000,0.000000,0.000000,0.000000,1.000000,1.000000;;
        }
       }
      }
     }
    }
   }

   Frame _6___tail1 {
    

    FrameTransformMatrix {
     -0.643980,0.000000,0.765043,0.000000,0.000000,1.000000,-0.000000,0.000000,-0.765043,-0.000000,-0.643980,0.000000,-7.273494,0.000000,2.945194,1.000000;;
    }

    Frame _10___tail2 {
     

     FrameTransformMatrix {
      0.997516,0.000000,0.070442,0.000000,0.000000,1.000000,-0.000000,0.000000,-0.070442,-0.000000,0.997516,0.000000,-0.025398,-0.000000,41.591898,1.000000;;
     }

     Frame _10___tail2_end {
      

      FrameTransformMatrix {
       1.000000,0.000000,0.000000,0.000000,0.000000,1.000000,-0.000000,0.000000,0.000000,0.000000,1.000000,0.000000,0.000031,-0.000000,0.999947,1.000000;;
      }
     }
    }
   }
  }

  Frame _2__-footsteps {
   

   FrameTransformMatrix {
    0.000054,-0.467580,-0.883950,0.000000,0.000013,0.883951,-0.467580,0.000000,1.000000,0.000013,0.000054,0.000000,0.000000,-21.818000,11.539900,1.000000;;
   }

   Frame _2__-footsteps_end {
    

    FrameTransformMatrix {
     1.000000,0.000000,-0.000000,0.000000,0.000000,1.000000,-0.000000,0.000000,0.000000,0.000000,1.000000,0.000000,-0.000000,0.000000,1.000000,1.000000;;
    }
   }
  }
 }
}

AnimTicksPerSecond  {
 4800;
}

AnimationSet Dummy {
 

 Animation {
  
  { ARM_fox_framework }

  AnimationKey  {
   4;
   2;
   0;16;-0.003937,0.000000,-0.000000,0.000000,-0.000000,-0.000000,0.003937,0.000000,-0.000000,0.003937,0.000000,0.000000,0.000000,0.000000,0.000000,1.000000;;,
   19200;16;-0.003937,0.000000,-0.000000,0.000000,-0.000000,-0.000000,0.003937,0.000000,-0.000000,0.003937,0.000000,0.000000,0.000000,0.000000,0.000000,1.000000;;;
  }
 }

 Animation {
  
  { _0__-com }

  AnimationKey  {
   4;
   121;
   0;16;1.000000,0.000054,0.000013,0.000000,0.000013,-0.467580,0.883951,0.000000,0.000054,-0.883950,-0.467580,0.000000,0.000000,-0.000000,63.684902,1.000000;;,
   160;16;1.000000,0.000054,0.000012,0.000000,0.000013,-0.451722,0.892159,0.000000,0.000054,-0.892159,-0.451722,0.000000,0.000000,0.000000,63.684902,1.000000;;,
   320;16;1.000000,0.000054,0.000010,0.000000,0.000013,-0.415178,0.909740,0.000000,0.000054,-0.909740,-0.415178,0.000000,0.000000,0.000000,63.684902,1.000000;;,
   480;16;1.000000,0.000055,0.000008,0.000000,0.000013,-0.370797,0.928714,0.000000,0.000054,-0.928714,-0.370797,0.000000,0.000000,0.000000,63.684902,1.000000;;,
   640;16;1.000000,0.000055,0.000005,0.000000,0.000013,-0.327122,0.944982,0.000000,0.000053,-0.944982,-0.327122,0.000000,0.000000,0.000000,63.684896,1.000000;;,
   800;16;1.000000,0.000055,0.000003,0.000000,0.000013,-0.287943,0.957648,0.000000,0.000054,-0.957647,-0.287943,0.000000,0.000000,0.000000,63.684902,1.000000;;,
   960;16;1.000000,0.000055,0.000000,0.000000,0.000013,-0.246750,0.969079,0.000000,0.000054,-0.969079,-0.246750,0.000000,0.000000,0.000000,63.684902,1.000000;;,
   1120;16;1.000000,0.000055,-0.000002,0.000000,0.000013,-0.205726,0.978610,0.000000,0.000054,-0.978609,-0.205726,0.000000,0.000000,-0.000000,63.684902,1.000000;;,
   1280;16;1.000000,0.000055,-0.000004,0.000000,0.000013,-0.164758,0.986334,0.000000,0.000054,-0.986334,-0.164758,0.000000,0.000000,0.000000,63.684909,1.000000;;,
   1440;16;1.000000,0.000055,-0.000007,0.000000,0.000013,-0.123868,0.992299,0.000000,0.000053,-0.992299,-0.123868,0.000000,0.000000,0.000000,63.684902,1.000000;;,
   1600;16;1.000000,0.000054,-0.000009,0.000000,0.000013,-0.083222,0.996531,0.000000,0.000053,-0.996531,-0.083222,0.000000,0.000000,-0.000000,63.684902,1.000000;;,
   1760;16;1.000000,0.000054,-0.000011,0.000000,0.000013,-0.045489,0.998965,0.000000,0.000053,-0.998965,-0.045489,0.000000,0.000000,0.000000,63.684896,1.000000;;,
   1920;16;1.000000,0.000054,-0.000013,0.000000,0.000013,-0.008611,0.999963,0.000000,0.000054,-0.999963,-0.008611,0.000000,0.000000,0.000000,63.684896,1.000000;;,
   2080;16;1.000000,0.000053,-0.000015,0.000000,0.000013,0.026607,0.999646,0.000000,0.000054,-0.999646,0.026607,0.000000,0.000000,0.000000,63.684896,1.000000;;,
   2240;16;1.000000,0.000053,-0.000016,0.000000,0.000013,0.058658,0.998278,0.000000,0.000054,-0.998278,0.058658,0.000000,0.000000,0.000000,63.684896,1.000000;;,
   2400;16;1.000000,0.000052,-0.000018,0.000000,0.000013,0.085345,0.996351,0.000000,0.000054,-0.996351,0.085345,0.000000,0.000000,-0.000000,63.684902,1.000000;;,
   2560;16;1.000000,0.000052,-0.000019,0.000000,0.000013,0.108129,0.994137,0.000000,0.000053,-0.994137,0.108129,0.000000,0.000000,0.000000,63.684909,1.000000;;,
   2720;16;1.000000,0.000052,-0.000020,0.000000,0.000013,0.128201,0.991748,0.000000,0.000054,-0.991748,0.128201,0.000000,0.000000,0.000000,63.684902,1.000000;;,
   2880;16;1.000000,0.000052,-0.000020,0.000000,0.000013,0.143507,0.989650,0.000000,0.000054,-0.989649,0.143506,0.000000,0.000000,0.000000,63.684896,1.000000;;,
   3040;16;1.000000,0.000052,-0.000020,0.000000,0.000012,0.152917,0.988239,0.000000,0.000055,-0.988239,0.152917,0.000000,0.000000,0.000000,63.684902,1.000000;;,
   3200;16;1.000000,0.000052,-0.000020,0.000000,0.000012,0.156206,0.987725,0.000000,0.000055,-0.987724,0.156206,0.000000,0.000000,0.000000,63.684896,1.000000;;,
   3360;16;1.000000,0.000053,-0.000020,0.000000,0.000012,0.154421,0.988005,0.000000,0.000055,-0.988005,0.154421,0.000000,0.000000,-0.000000,63.684902,1.000000;;,
   3520;16;1.000000,0.000053,-0.000020,0.000000,0.000012,0.146744,0.989174,0.000000,0.000055,-0.989174,0.146744,0.000000,0.000000,-0.000000,63.684902,1.000000;;,
   3680;16;1.000000,0.000053,-0.000020,0.000000,0.000012,0.132033,0.991245,0.000000,0.000055,-0.991245,0.132033,0.000000,0.000000,-0.000000,63.684902,1.000000;;,
   3840;16;1.000000,0.000053,-0.000019,0.000000,0.000013,0.109792,0.993955,0.000000,0.000055,-0.993955,0.109792,0.000000,0.000000,0.000000,63.684902,1.000000;;,
   4000;16;1.000000,0.000053,-0.000018,0.000000,0.000013,0.080187,0.996780,0.000000,0.000055,-0.996780,0.080187,0.000000,0.000000,0.000000,63.684902,1.000000;;,
   4160;16;1.000000,0.000054,-0.000015,0.000000,0.000013,0.040013,0.999199,0.000000,0.000054,-0.999199,0.040013,0.000000,0.000000,0.000000,63.684896,1.000000;;,
   4320;16;1.000000,0.000054,-0.000013,0.000000,0.000013,-0.000886,1.000000,0.000000,0.000054,-0.999999,-0.000886,0.000000,0.000000,0.000000,63.684890,1.000000;;,
   4480;16;1.000000,0.000054,-0.000011,0.000000,0.000013,-0.040389,0.999184,0.000000,0.000053,-0.999184,-0.040389,0.000000,0.000000,0.000000,63.684896,1.000000;;,
   4640;16;1.000000,0.000054,-0.000009,0.000000,0.000013,-0.078503,0.996914,0.000000,0.000053,-0.996914,-0.078503,0.000000,0.000000,0.000000,63.684896,1.000000;;,
   4800;16;1.000000,0.000054,-0.000007,0.000000,0.000013,-0.117359,0.993090,0.000000,0.000053,-0.993089,-0.117359,0.000000,0.000000,0.000000,63.684896,1.000000;;,
   4960;16;1.000000,0.000054,-0.000005,0.000000,0.000013,-0.161102,0.986938,0.000000,0.000052,-0.986938,-0.161102,0.000000,0.000000,0.000000,63.684902,1.000000;;,
   5120;16;1.000000,0.000054,-0.000002,0.000000,0.000013,-0.211646,0.977347,0.000000,0.000052,-0.977346,-0.211646,0.000000,0.000000,-0.000000,63.684902,1.000000;;,
   5280;16;1.000000,0.000053,0.000001,0.000000,0.000013,-0.266757,0.963764,0.000000,0.000052,-0.963764,-0.266757,0.000000,0.000000,0.000000,63.684902,1.000000;;,
   5440;16;1.000000,0.000053,0.000005,0.000000,0.000013,-0.320774,0.947156,0.000000,0.000052,-0.947156,-0.320774,0.000000,0.000000,0.000000,63.684902,1.000000;;,
   5600;16;1.000000,0.000053,0.000007,0.000000,0.000013,-0.365017,0.931001,0.000000,0.000052,-0.931001,-0.365017,0.000000,0.000000,0.000000,63.684909,1.000000;;,
   5760;16;1.000000,0.000053,0.000009,0.000000,0.000013,-0.399122,0.916898,0.000000,0.000053,-0.916898,-0.399122,0.000000,0.000000,0.000000,63.684902,1.000000;;,
   5920;16;1.000000,0.000053,0.000011,0.000000,0.000013,-0.428330,0.903622,0.000000,0.000053,-0.903622,-0.428330,0.000000,0.000000,0.000000,63.684902,1.000000;;,
   6080;16;1.000000,0.000053,0.000012,0.000000,0.000013,-0.450052,0.893002,0.000000,0.000053,-0.893002,-0.450052,0.000000,0.000000,0.000000,63.684896,1.000000;;,
   6240;16;1.000000,0.000053,0.000012,0.000000,0.000014,-0.463107,0.886302,0.000000,0.000053,-0.886302,-0.463107,0.000000,0.000000,-0.000000,63.684902,1.000000;;,
   6400;16;1.000000,0.000053,0.000012,0.000000,0.000014,-0.467580,0.883950,0.000000,0.000053,-0.883950,-0.467580,0.000000,0.000000,0.000000,63.684896,1.000000;;,
   6560;16;1.000000,0.000053,0.000013,0.000000,0.000013,-0.459001,0.888435,0.000000,0.000053,-0.888435,-0.459001,0.000000,0.000000,0.000000,63.684890,1.000000;;,
   6720;16;1.000000,0.000053,0.000011,0.000000,0.000013,-0.437608,0.899166,0.000000,0.000053,-0.899166,-0.437608,0.000000,0.000000,0.000000,63.684896,1.000000;;,
   6880;16;1.000000,0.000053,0.000010,0.000000,0.000013,-0.409091,0.912494,0.000000,0.000052,-0.912494,-0.409090,0.000000,0.000000,0.000000,63.684896,1.000000;;,
   7040;16;1.000000,0.000053,0.000008,0.000000,0.000013,-0.377310,0.926087,0.000000,0.000052,-0.926087,-0.377309,0.000000,0.000000,-0.000000,63.684902,1.000000;;,
   7200;16;1.000000,0.000053,0.000006,0.000000,0.000013,-0.344251,0.938878,0.000000,0.000051,-0.938877,-0.344251,0.000000,0.000000,-0.000000,63.684902,1.000000;;,
   7360;16;1.000000,0.000053,0.000004,0.000000,0.000013,-0.304773,0.952425,0.000000,0.000051,-0.952425,-0.304773,0.000000,0.000000,-0.000000,63.684902,1.000000;;,
   7520;16;1.000000,0.000053,0.000001,0.000000,0.000013,-0.263527,0.964652,0.000000,0.000051,-0.964652,-0.263527,0.000000,0.000000,0.000000,63.684909,1.000000;;,
   7680;16;1.000000,0.000052,-0.000001,0.000000,0.000013,-0.220772,0.975326,0.000000,0.000051,-0.975325,-0.220772,0.000000,0.000000,0.000000,63.684909,1.000000;;,
   7840;16;1.000000,0.000052,-0.000004,0.000000,0.000013,-0.176458,0.984308,0.000000,0.000051,-0.984308,-0.176458,0.000000,0.000000,0.000000,63.684902,1.000000;;,
   8000;16;1.000000,0.000052,-0.000006,0.000000,0.000013,-0.130215,0.991486,0.000000,0.000051,-0.991486,-0.130215,0.000000,0.000000,0.000000,63.684909,1.000000;;,
   8160;16;1.000000,0.000052,-0.000009,0.000000,0.000013,-0.086211,0.996277,0.000000,0.000051,-0.996277,-0.086211,0.000000,0.000000,-0.000000,63.684902,1.000000;;,
   8320;16;1.000000,0.000052,-0.000011,0.000000,0.000013,-0.042541,0.999095,0.000000,0.000052,-0.999094,-0.042541,0.000000,0.000000,0.000000,63.684902,1.000000;;,
   8480;16;1.000000,0.000052,-0.000013,0.000000,0.000013,0.000084,1.000000,0.000000,0.000052,-1.000000,0.000084,0.000000,0.000000,0.000000,63.684909,1.000000;;,
   8640;16;1.000000,0.000052,-0.000015,0.000000,0.000013,0.039535,0.999218,0.000000,0.000053,-0.999218,0.039535,0.000000,0.000000,-0.000000,63.684902,1.000000;;,
   8800;16;1.000000,0.000052,-0.000017,0.000000,0.000013,0.072286,0.997384,0.000000,0.000053,-0.997384,0.072286,0.000000,0.000000,0.000000,63.684896,1.000000;;,
   8960;16;1.000000,0.000052,-0.000019,0.000000,0.000013,0.099578,0.995030,0.000000,0.000053,-0.995029,0.099578,0.000000,0.000000,0.000000,63.684896,1.000000;;,
   9120;16;1.000000,0.000052,-0.000020,0.000000,0.000013,0.123402,0.992357,0.000000,0.000054,-0.992357,0.123402,0.000000,0.000000,0.000000,63.684896,1.000000;;,
   9280;16;1.000000,0.000052,-0.000021,0.000000,0.000013,0.141419,0.989950,0.000000,0.000055,-0.989950,0.141419,0.000000,0.000000,0.000000,63.684896,1.000000;;,
   9440;16;1.000000,0.000052,-0.000021,0.000000,0.000013,0.152401,0.988319,0.000000,0.000055,-0.988318,0.152401,0.000000,0.000000,0.000000,63.684896,1.000000;;,
   9600;16;1.000000,0.000053,-0.000021,0.000000,0.000012,0.156206,0.987724,0.000000,0.000055,-0.987724,0.156206,0.000000,0.000000,-0.000000,63.684902,1.000000;;,
   9760;16;1.000000,0.000053,-0.000020,0.000000,0.000012,0.154422,0.988005,0.000000,0.000055,-0.988005,0.154422,0.000000,0.000000,-0.000000,63.684902,1.000000;;,
   9920;16;1.000000,0.000053,-0.000020,0.000000,0.000012,0.146745,0.989174,0.000000,0.000055,-0.989174,0.146745,0.000000,0.000000,0.000000,63.684902,1.000000;;,
   10080;16;1.000000,0.000053,-0.000020,0.000000,0.000013,0.132033,0.991245,0.000000,0.000055,-0.991245,0.132033,0.000000,0.000000,-0.000000,63.684902,1.000000;;,
   10240;16;1.000000,0.000053,-0.000019,0.000000,0.000013,0.109792,0.993955,0.000000,0.000055,-0.993954,0.109792,0.000000,0.000000,-0.000000,63.684902,1.000000;;,
   10400;16;1.000000,0.000053,-0.000018,0.000000,0.000013,0.080187,0.996780,0.000000,0.000055,-0.996779,0.080187,0.000000,0.000000,-0.000000,63.684902,1.000000;;,
   10560;16;1.000000,0.000054,-0.000015,0.000000,0.000013,0.040013,0.999199,0.000000,0.000054,-0.999199,0.040013,0.000000,0.000000,-0.000000,63.684902,1.000000;;,
   10720;16;1.000000,0.000054,-0.000013,0.000000,0.000013,-0.000886,1.000000,0.000000,0.000054,-0.999999,-0.000886,0.000000,0.000000,-0.000000,63.684902,1.000000;;,
   10880;16;1.000000,0.000054,-0.000011,0.000000,0.000013,-0.040389,0.999184,0.000000,0.000053,-0.999184,-0.040389,0.000000,0.000000,-0.000000,63.684902,1.000000;;,
   11040;16;1.000000,0.000054,-0.000009,0.000000,0.000013,-0.078503,0.996914,0.000000,0.000053,-0.996914,-0.078503,0.000000,0.000000,-0.000000,63.684902,1.000000;;,
   11200;16;1.000000,0.000054,-0.000007,0.000000,0.000013,-0.117359,0.993090,0.000000,0.000053,-0.993089,-0.117359,0.000000,0.000000,-0.000000,63.684902,1.000000;;,
   11360;16;1.000000,0.000054,-0.000004,0.000000,0.000013,-0.161102,0.986938,0.000000,0.000052,-0.986938,-0.161102,0.000000,0.000000,0.000000,63.684896,1.000000;;,
   11520;16;1.000000,0.000054,-0.000002,0.000000,0.000013,-0.211646,0.977346,0.000000,0.000052,-0.977346,-0.211646,0.000000,0.000000,-0.000000,63.684902,1.000000;;,
   11680;16;1.000000,0.000053,0.000002,0.000000,0.000013,-0.266757,0.963764,0.000000,0.000052,-0.963764,-0.266757,0.000000,0.000000,-0.000000,63.684902,1.000000;;,
   11840;16;1.000000,0.000053,0.000005,0.000000,0.000013,-0.320774,0.947156,0.000000,0.000052,-0.947156,-0.320774,0.000000,0.000000,-0.000000,63.684902,1.000000;;,
   12000;16;1.000000,0.000053,0.000007,0.000000,0.000013,-0.365017,0.931001,0.000000,0.000052,-0.931001,-0.365017,0.000000,0.000000,-0.000000,63.684902,1.000000;;,
   12160;16;1.000000,0.000053,0.000009,0.000000,0.000013,-0.399122,0.916898,0.000000,0.000053,-0.916898,-0.399121,0.000000,0.000000,-0.000000,63.684902,1.000000;;,
   12320;16;1.000000,0.000053,0.000011,0.000000,0.000013,-0.428330,0.903622,0.000000,0.000053,-0.903622,-0.428330,0.000000,0.000000,-0.000000,63.684902,1.000000;;,
   12480;16;1.000000,0.000053,0.000012,0.000000,0.000013,-0.450052,0.893002,0.000000,0.000053,-0.893002,-0.450052,0.000000,0.000000,0.000000,63.684902,1.000000;;,
   12640;16;1.000000,0.000053,0.000012,0.000000,0.000014,-0.463107,0.886302,0.000000,0.000053,-0.886302,-0.463107,0.000000,0.000000,-0.000000,63.684902,1.000000;;,
   12800;16;1.000000,0.000053,0.000012,0.000000,0.000014,-0.467580,0.883951,0.000000,0.000053,-0.883950,-0.467580,0.000000,0.000000,0.000000,63.684902,1.000000;;,
   12960;16;1.000000,0.000053,0.000013,0.000000,0.000013,-0.459002,0.888435,0.000000,0.000053,-0.888435,-0.459002,0.000000,0.000000,0.000000,63.684902,1.000000;;,
   13120;16;1.000000,0.000053,0.000011,0.000000,0.000013,-0.437608,0.899166,0.000000,0.000053,-0.899166,-0.437608,0.000000,0.000000,-0.000000,63.684902,1.000000;;,
   13280;16;1.000000,0.000053,0.000010,0.000000,0.000013,-0.409091,0.912494,0.000000,0.000052,-0.912494,-0.409090,0.000000,0.000000,-0.000000,63.684902,1.000000;;,
   13440;16;1.000000,0.000053,0.000008,0.000000,0.000013,-0.377310,0.926087,0.000000,0.000052,-0.926087,-0.377309,0.000000,0.000000,-0.000000,63.684902,1.000000;;,
   13600;16;1.000000,0.000053,0.000006,0.000000,0.000013,-0.344251,0.938878,0.000000,0.000051,-0.938877,-0.344251,0.000000,0.000000,-0.000000,63.684902,1.000000;;,
   13760;16;1.000000,0.000053,0.000004,0.000000,0.000013,-0.304773,0.952425,0.000000,0.000051,-0.952425,-0.304773,0.000000,0.000000,-0.000000,63.684902,1.000000;;,
   13920;16;1.000000,0.000053,0.000001,0.000000,0.000013,-0.263527,0.964652,0.000000,0.000051,-0.964652,-0.263527,0.000000,0.000000,0.000000,63.684902,1.000000;;,
   14080;16;1.000000,0.000052,-0.000001,0.000000,0.000013,-0.220772,0.975325,0.000000,0.000051,-0.975325,-0.220772,0.000000,0.000000,0.000000,63.684896,1.000000;;,
   14240;16;1.000000,0.000052,-0.000004,0.000000,0.000013,-0.176458,0.984308,0.000000,0.000051,-0.984308,-0.176458,0.000000,0.000000,-0.000000,63.684902,1.000000;;,
   14400;16;1.000000,0.000052,-0.000006,0.000000,0.000013,-0.130215,0.991486,0.000000,0.000051,-0.991486,-0.130215,0.000000,0.000000,-0.000000,63.684902,1.000000;;,
   14560;16;1.000000,0.000052,-0.000009,0.000000,0.000013,-0.086211,0.996277,0.000000,0.000051,-0.996277,-0.086211,0.000000,0.000000,0.000000,63.684896,1.000000;;,
   14720;16;1.000000,0.000052,-0.000011,0.000000,0.000013,-0.042541,0.999095,0.000000,0.000052,-0.999094,-0.042541,0.000000,0.000000,-0.000000,63.684902,1.000000;;,
   14880;16;1.000000,0.000052,-0.000013,0.000000,0.000013,0.000084,1.000000,0.000000,0.000052,-1.000000,0.000084,0.000000,0.000000,-0.000000,63.684902,1.000000;;,
   15040;16;1.000000,0.000052,-0.000015,0.000000,0.000013,0.039535,0.999218,0.000000,0.000053,-0.999218,0.039535,0.000000,0.000000,-0.000000,63.684902,1.000000;;,
   15200;16;1.000000,0.000052,-0.000017,0.000000,0.000013,0.072286,0.997384,0.000000,0.000053,-0.997384,0.072286,0.000000,0.000000,0.000000,63.684902,1.000000;;,
   15360;16;1.000000,0.000052,-0.000019,0.000000,0.000013,0.099578,0.995030,0.000000,0.000053,-0.995029,0.099578,0.000000,0.000000,-0.000000,63.684902,1.000000;;,
   15520;16;1.000000,0.000052,-0.000020,0.000000,0.000013,0.123402,0.992357,0.000000,0.000054,-0.992357,0.123402,0.000000,0.000000,-0.000000,63.684902,1.000000;;,
   15680;16;1.000000,0.000052,-0.000021,0.000000,0.000013,0.141419,0.989950,0.000000,0.000055,-0.989950,0.141419,0.000000,0.000000,-0.000000,63.684902,1.000000;;,
   15840;16;1.000000,0.000052,-0.000021,0.000000,0.000013,0.152401,0.988319,0.000000,0.000055,-0.988318,0.152401,0.000000,0.000000,-0.000000,63.684902,1.000000;;,
   16000;16;1.000000,0.000053,-0.000021,0.000000,0.000012,0.156206,0.987724,0.000000,0.000055,-0.987724,0.156206,0.000000,0.000000,-0.000000,63.684902,1.000000;;,
   16160;16;1.000000,0.000053,-0.000020,0.000000,0.000012,0.154422,0.988005,0.000000,0.000055,-0.988005,0.154422,0.000000,0.000000,-0.000000,63.684902,1.000000;;,
   16320;16;1.000000,0.000053,-0.000020,0.000000,0.000012,0.146745,0.989174,0.000000,0.000055,-0.989174,0.146745,0.000000,0.000000,-0.000000,63.684902,1.000000;;,
   16480;16;1.000000,0.000053,-0.000020,0.000000,0.000013,0.132033,0.991245,0.000000,0.000055,-0.991245,0.132033,0.000000,0.000000,0.000000,63.684896,1.000000;;,
   16640;16;1.000000,0.000053,-0.000019,0.000000,0.000013,0.109792,0.993955,0.000000,0.000055,-0.993954,0.109792,0.000000,0.000000,0.000000,63.684902,1.000000;;,
   16800;16;1.000000,0.000053,-0.000018,0.000000,0.000013,0.080187,0.996780,0.000000,0.000055,-0.996780,0.080187,0.000000,0.000000,-0.000000,63.684902,1.000000;;,
   16960;16;1.000000,0.000054,-0.000015,0.000000,0.000013,0.040013,0.999199,0.000000,0.000054,-0.999199,0.040013,0.000000,0.000000,0.000000,63.684909,1.000000;;,
   17120;16;1.000000,0.000054,-0.000013,0.000000,0.000013,-0.000886,1.000000,0.000000,0.000054,-0.999999,-0.000886,0.000000,0.000000,0.000000,63.684896,1.000000;;,
   17280;16;1.000000,0.000054,-0.000011,0.000000,0.000013,-0.041211,0.999150,0.000000,0.000053,-0.999150,-0.041211,0.000000,0.000000,0.000000,63.684896,1.000000;;,
   17440;16;1.000000,0.000054,-0.000009,0.000000,0.000013,-0.081019,0.996712,0.000000,0.000053,-0.996712,-0.081019,0.000000,0.000000,0.000000,63.684902,1.000000;;,
   17600;16;1.000000,0.000054,-0.000007,0.000000,0.000013,-0.121717,0.992565,0.000000,0.000053,-0.992565,-0.121717,0.000000,0.000000,-0.000000,63.684902,1.000000;;,
   17760;16;1.000000,0.000054,-0.000004,0.000000,0.000013,-0.161968,0.986796,0.000000,0.000052,-0.986796,-0.161968,0.000000,0.000000,-0.000000,63.684902,1.000000;;,
   17920;16;1.000000,0.000054,-0.000002,0.000000,0.000013,-0.202140,0.979357,0.000000,0.000052,-0.979356,-0.202140,0.000000,0.000000,-0.000000,63.684902,1.000000;;,
   18080;16;1.000000,0.000054,0.000000,0.000000,0.000013,-0.242023,0.970270,0.000000,0.000052,-0.970270,-0.242023,0.000000,0.000000,-0.000000,63.684902,1.000000;;,
   18240;16;1.000000,0.000054,0.000002,0.000000,0.000013,-0.280800,0.959766,0.000000,0.000052,-0.959766,-0.280800,0.000000,0.000000,-0.000000,63.684902,1.000000;;,
   18400;16;1.000000,0.000054,0.000004,0.000000,0.000013,-0.317082,0.948398,0.000000,0.000052,-0.948398,-0.317082,0.000000,0.000000,-0.000000,63.684902,1.000000;;,
   18560;16;1.000000,0.000054,0.000007,0.000000,0.000013,-0.356132,0.934436,0.000000,0.000053,-0.934435,-0.356132,0.000000,0.000000,0.000000,63.684896,1.000000;;,
   18720;16;1.000000,0.000054,0.000009,0.000000,0.000013,-0.397235,0.917717,0.000000,0.000053,-0.917717,-0.397235,0.000000,0.000000,-0.000000,63.684902,1.000000;;,
   18880;16;1.000000,0.000054,0.000011,0.000000,0.000013,-0.432999,0.901395,0.000000,0.000053,-0.901394,-0.432999,0.000000,0.000000,-0.000000,63.684902,1.000000;;,
   19040;16;1.000000,0.000054,0.000013,0.000000,0.000013,-0.457814,0.889048,0.000000,0.000053,-0.889048,-0.457814,0.000000,0.000000,-0.000000,63.684902,1.000000;;,
   19200;16;1.000000,0.000054,0.000013,0.000000,0.000013,-0.467580,0.883951,0.000000,0.000054,-0.883951,-0.467580,0.000000,0.000000,-0.000000,63.684902,1.000000;;;
  }
 }

 Animation {
  
  { _1___body }

  AnimationKey  {
   4;
   2;
   0;16;0.000000,-0.000000,1.000000,0.000000,1.000000,0.000000,-0.000000,0.000000,-0.000000,1.000000,0.000000,0.000000,0.000100,0.000675,-13.042549,1.000000;;,
   19200;16;0.000000,-0.000000,1.000000,0.000000,1.000000,0.000000,-0.000000,0.000000,-0.000000,1.000000,0.000000,0.000000,0.000100,0.000675,-13.042555,1.000000;;;
  }
 }

 Animation {
  
  { _3___chest }

  AnimationKey  {
   4;
   121;
   0;16;0.190132,0.000000,-0.981758,0.000000,0.000000,1.000000,0.000000,0.000000,0.981758,0.000000,0.190132,0.000000,21.270901,-0.000100,-0.317711,1.000000;;,
   160;16;0.136998,0.000000,-0.990571,0.000000,-0.000000,1.000000,0.000000,0.000000,0.990571,-0.000000,0.136998,0.000000,21.270902,-0.000100,-0.317703,1.000000;;,
   320;16;0.016928,0.000000,-0.999856,0.000000,0.000000,1.000000,0.000000,0.000000,0.999857,-0.000000,0.016928,0.000000,21.270909,-0.000100,-0.317703,1.000000;;,
   480;16;-0.123264,0.000000,-0.992373,0.000000,0.000000,1.000000,0.000000,0.000000,0.992374,-0.000000,-0.123264,0.000000,21.270902,-0.000100,-0.317707,1.000000;;,
   640;16;-0.254377,-0.000000,-0.967105,0.000000,0.000000,1.000000,0.000000,0.000000,0.967105,-0.000000,-0.254377,0.000000,21.270902,-0.000100,-0.317703,1.000000;;,
   800;16;-0.367951,0.000000,-0.929845,0.000000,0.000000,1.000000,0.000000,0.000000,0.929845,-0.000000,-0.367951,0.000000,21.270902,-0.000100,-0.317707,1.000000;;,
   960;16;-0.478005,0.000000,-0.878356,0.000000,0.000000,1.000000,-0.000000,0.000000,0.878356,-0.000000,-0.478005,0.000000,21.270902,-0.000100,-0.317711,1.000000;;,
   1120;16;-0.563860,-0.000000,-0.825869,0.000000,0.000000,1.000000,-0.000000,0.000000,0.825870,-0.000000,-0.563861,0.000000,21.270902,-0.000100,-0.317703,1.000000;;,
   1280;16;-0.629479,0.000000,-0.777017,0.000000,0.000000,1.000000,-0.000000,0.000000,0.777017,-0.000000,-0.629479,0.000000,21.270902,-0.000100,-0.317703,1.000000;;,
   1440;16;-0.677504,0.000000,-0.735518,0.000000,0.000000,1.000000,0.000000,0.000000,0.735518,-0.000000,-0.677504,0.000000,21.270902,-0.000100,-0.317707,1.000000;;,
   1600;16;-0.709234,-0.000000,-0.704973,0.000000,0.000000,1.000000,0.000000,0.000000,0.704973,0.000000,-0.709234,0.000000,21.270907,-0.000100,-0.317703,1.000000;;,
   1760;16;-0.717527,0.000000,-0.696531,0.000000,0.000000,1.000000,0.000000,0.000000,0.696531,0.000000,-0.717527,0.000000,21.270901,-0.000100,-0.317707,1.000000;;,
   1920;16;-0.709413,0.000000,-0.704792,0.000000,0.000000,1.000000,-0.000000,0.000000,0.704792,-0.000000,-0.709413,0.000000,21.270901,-0.000100,-0.317703,1.000000;;,
   2080;16;-0.682695,0.000000,-0.730703,0.000000,0.000000,1.000000,0.000000,0.000000,0.730703,-0.000000,-0.682695,0.000000,21.270901,-0.000100,-0.317707,1.000000;;,
   2240;16;-0.640233,0.000000,-0.768180,0.000000,0.000000,1.000000,0.000000,0.000000,0.768180,-0.000000,-0.640233,0.000000,21.270902,-0.000100,-0.317703,1.000000;;,
   2400;16;-0.591891,0.000000,-0.806017,0.000000,0.000000,1.000000,0.000000,0.000000,0.806017,-0.000000,-0.591891,0.000000,21.270901,-0.000100,-0.317711,1.000000;;,
   2560;16;-0.546555,0.000000,-0.837423,0.000000,-0.000000,1.000000,-0.000000,0.000000,0.837423,-0.000000,-0.546555,0.000000,21.270909,-0.000100,-0.317707,1.000000;;,
   2720;16;-0.497317,0.000000,-0.867569,0.000000,0.000000,1.000000,0.000000,0.000000,0.867569,0.000000,-0.497317,0.000000,21.270902,-0.000100,-0.317703,1.000000;;,
   2880;16;-0.441457,0.000000,-0.897282,0.000000,0.000000,1.000000,0.000000,0.000000,0.897282,0.000000,-0.441457,0.000000,21.270902,-0.000100,-0.317711,1.000000;;,
   3040;16;-0.376913,0.000000,-0.926248,0.000000,0.000000,1.000000,0.000000,0.000000,0.926248,-0.000000,-0.376913,0.000000,21.270909,-0.000100,-0.317707,1.000000;;,
   3200;16;-0.302489,0.000000,-0.953152,0.000000,0.000000,1.000000,0.000000,0.000000,0.953152,0.000000,-0.302489,0.000000,21.270901,-0.000100,-0.317703,1.000000;;,
   3360;16;-0.210769,0.000000,-0.977535,0.000000,-0.000000,1.000000,0.000000,0.000000,0.977536,-0.000000,-0.210769,0.000000,21.270902,-0.000100,-0.317703,1.000000;;,
   3520;16;-0.105524,-0.000000,-0.994416,0.000000,0.000000,1.000000,0.000000,0.000000,0.994416,-0.000000,-0.105524,0.000000,21.270901,-0.000100,-0.317703,1.000000;;,
   3680;16;0.002448,0.000000,-0.999997,0.000000,0.000000,1.000000,0.000000,0.000000,0.999997,-0.000000,0.002448,0.000000,21.270901,-0.000100,-0.317711,1.000000;;,
   3840;16;0.106967,0.000000,-0.994262,0.000000,-0.000000,1.000000,0.000000,0.000000,0.994263,-0.000000,0.106967,0.000000,21.270907,-0.000100,-0.317707,1.000000;;,
   4000;16;0.207164,0.000000,-0.978306,0.000000,-0.000000,1.000000,0.000000,0.000000,0.978306,0.000000,0.207164,0.000000,21.270904,-0.000100,-0.317703,1.000000;;,
   4160;16;0.303201,0.000000,-0.952926,0.000000,-0.000000,1.000000,0.000000,0.000000,0.952926,0.000000,0.303201,0.000000,21.270901,-0.000100,-0.317703,1.000000;;,
   4320;16;0.387073,0.000000,-0.922048,0.000000,0.000000,1.000000,0.000000,0.000000,0.922048,-0.000000,0.387073,0.000000,21.270901,-0.000100,-0.317703,1.000000;;,
   4480;16;0.465004,0.000000,-0.885308,0.000000,-0.000000,1.000000,0.000000,0.000000,0.885309,0.000000,0.465004,0.000000,21.270904,-0.000100,-0.317707,1.000000;;,
   4640;16;0.537293,0.000000,-0.843395,0.000000,-0.000000,1.000000,0.000000,0.000000,0.843395,-0.000000,0.537294,0.000000,21.270901,-0.000100,-0.317703,1.000000;;,
   4800;16;0.599371,0.000000,-0.800471,0.000000,-0.000000,1.000000,0.000000,0.000000,0.800471,0.000000,0.599371,0.000000,21.270901,-0.000100,-0.317707,1.000000;;,
   4960;16;0.620155,0.000000,-0.784479,0.000000,-0.000000,1.000000,0.000000,0.000000,0.784479,0.000000,0.620155,0.000000,21.270909,-0.000100,-0.317703,1.000000;;,
   5120;16;0.617759,0.000000,-0.786367,0.000000,-0.000000,1.000000,0.000000,0.000000,0.786367,0.000000,0.617759,0.000000,21.270912,-0.000100,-0.317707,1.000000;;,
   5280;16;0.596629,-0.000000,-0.802517,0.000000,-0.000000,1.000000,0.000000,0.000000,0.802517,0.000000,0.596629,0.000000,21.270909,-0.000100,-0.317711,1.000000;;,
   5440;16;0.561142,0.000000,-0.827719,0.000000,-0.000000,1.000000,0.000000,0.000000,0.827719,0.000000,0.561142,0.000000,21.270904,-0.000100,-0.317703,1.000000;;,
   5600;16;0.516533,-0.000000,-0.856267,0.000000,0.000000,1.000000,0.000000,0.000000,0.856267,0.000000,0.516533,0.000000,21.270902,-0.000100,-0.317703,1.000000;;,
   5760;16;0.468176,0.000000,-0.883635,0.000000,-0.000000,1.000000,0.000000,0.000000,0.883635,-0.000000,0.468176,0.000000,21.270902,-0.000100,-0.317703,1.000000;;,
   5920;16;0.412328,0.000000,-0.911035,0.000000,0.000000,1.000000,-0.000000,0.000000,0.911035,0.000000,0.412328,0.000000,21.270904,-0.000100,-0.317703,1.000000;;,
   6080;16;0.347375,0.000000,-0.937726,0.000000,-0.000000,1.000000,0.000000,0.000000,0.937726,0.000000,0.347375,0.000000,21.270904,-0.000100,-0.317703,1.000000;;,
   6240;16;0.272924,0.000000,-0.962035,0.000000,0.000000,1.000000,0.000000,0.000000,0.962035,-0.000000,0.272924,0.000000,21.270901,-0.000100,-0.317707,1.000000;;,
   6400;16;0.190033,0.000000,-0.981777,0.000000,0.000000,1.000000,0.000000,0.000000,0.981777,0.000000,0.190033,0.000000,21.270899,-0.000100,-0.317707,1.000000;;,
   6560;16;0.094074,0.000000,-0.995565,0.000000,0.000000,1.000000,0.000000,0.000000,0.995565,0.000000,0.094074,0.000000,21.270901,-0.000100,-0.317703,1.000000;;,
   6720;16;-0.014003,0.000000,-0.999901,0.000000,0.000000,1.000000,0.000000,0.000000,0.999901,0.000000,-0.014003,0.000000,21.270898,-0.000100,-0.317703,1.000000;;,
   6880;16;-0.126254,0.000000,-0.991997,0.000000,0.000000,1.000000,0.000000,0.000000,0.991997,0.000000,-0.126254,0.000000,21.270899,-0.000100,-0.317703,1.000000;;,
   7040;16;-0.239191,0.000000,-0.970972,0.000000,0.000000,1.000000,0.000000,0.000000,0.970972,-0.000000,-0.239191,0.000000,21.270902,-0.000100,-0.317707,1.000000;;,
   7200;16;-0.353817,0.000000,-0.935314,0.000000,0.000000,1.000000,0.000000,0.000000,0.935314,-0.000000,-0.353818,0.000000,21.270904,-0.000100,-0.317699,1.000000;;,
   7360;16;-0.467311,0.000000,-0.884093,0.000000,0.000000,1.000000,0.000000,0.000000,0.884093,-0.000000,-0.467311,0.000000,21.270902,-0.000100,-0.317711,1.000000;;,
   7520;16;-0.556212,0.000000,-0.831040,0.000000,0.000000,1.000000,0.000000,0.000000,0.831040,0.000000,-0.556212,0.000000,21.270912,-0.000100,-0.317707,1.000000;;,
   7680;16;-0.624417,0.000000,-0.781090,0.000000,0.000000,1.000000,0.000000,0.000000,0.781091,0.000000,-0.624417,0.000000,21.270909,-0.000100,-0.317707,1.000000;;,
   7840;16;-0.674652,0.000000,-0.738136,0.000000,0.000000,1.000000,0.000000,0.000000,0.738136,-0.000000,-0.674652,0.000000,21.270904,-0.000100,-0.317707,1.000000;;,
   8000;16;-0.708402,0.000000,-0.705809,0.000000,0.000000,1.000000,0.000000,0.000000,0.705809,-0.000000,-0.708402,0.000000,21.270909,-0.000100,-0.317707,1.000000;;,
   8160;16;-0.717418,0.000000,-0.696642,0.000000,0.000000,1.000000,0.000000,0.000000,0.696642,-0.000000,-0.717418,0.000000,21.270902,-0.000100,-0.317707,1.000000;;,
   8320;16;-0.709484,0.000000,-0.704721,0.000000,-0.000000,1.000000,0.000000,0.000000,0.704721,0.000000,-0.709484,0.000000,21.270904,-0.000100,-0.317711,1.000000;;,
   8480;16;-0.682768,0.000000,-0.730634,0.000000,0.000000,1.000000,0.000000,0.000000,0.730634,-0.000000,-0.682769,0.000000,21.270904,-0.000100,-0.317703,1.000000;;,
   8640;16;-0.640310,0.000000,-0.768116,0.000000,-0.000000,1.000000,0.000000,0.000000,0.768116,0.000000,-0.640310,0.000000,21.270904,-0.000100,-0.317703,1.000000;;,
   8800;16;-0.591972,0.000000,-0.805958,0.000000,0.000000,1.000000,0.000000,0.000000,0.805958,-0.000000,-0.591972,0.000000,21.270902,-0.000100,-0.317703,1.000000;;,
   8960;16;-0.546639,0.000000,-0.837368,0.000000,0.000000,1.000000,0.000000,0.000000,0.837368,-0.000000,-0.546639,0.000000,21.270901,-0.000100,-0.317703,1.000000;;,
   9120;16;-0.497404,0.000000,-0.867519,0.000000,0.000000,1.000000,0.000000,0.000000,0.867519,-0.000000,-0.497404,0.000000,21.270902,-0.000100,-0.317707,1.000000;;,
   9280;16;-0.441546,0.000000,-0.897238,0.000000,-0.000000,1.000000,0.000000,0.000000,0.897238,0.000000,-0.441547,0.000000,21.270904,-0.000100,-0.317707,1.000000;;,
