xof 0303txt 0032
template Frame {
 <3d82ab46-62da-11cf-ab39-0020af71e433>
 [...]
}

template Matrix4x4 {
 <f6f23f45-7686-11cf-8f52-0040333594a3>
 array FLOAT matrix[16];
}

template FrameTransformMatrix {
 <f6f23f41-7686-11cf-8f52-0040333594a3>
 Matrix4x4 frameMatrix;
}

template AnimTicksPerSecond {
 <9e415a43-7ba6-4a73-8743-b73d47e88476>
 DWORD AnimTicksPerSecond;
}

template Animation {
 <3d82ab4f-62da-11cf-ab39-0020af71e433>
 [...]
}

template AnimationSet {
 <3d82ab50-62da-11cf-ab39-0020af71e433>
 [Animation <3d82ab4f-62da-11cf-ab39-0020af71e433>]
}

template FloatKeys {
 <10dd46a9-775b-11cf-8f52-0040333594a3>
 DWORD nValues;
 array FLOAT values[nValues];
}

template TimedFloatKeys {
 <f406b180-7b3b-11cf-8f52-0040333594a3>
 DWORD time;
 FloatKeys tfkeys;
}

template AnimationKey {
 <10dd46a8-775b-11cf-8f52-0040333594a3>
 DWORD keyType;
 DWORD nKeys;
 array TimedFloatKeys keys[nKeys];
}


Frame ARM_fox_framework {
 

 FrameTransformMatrix {
  -0.003937,0.000000,-0.000000,0.000000,-0.000000,-0.000000,0.003937,0.000000,-0.000000,0.003937,0.000000,0.000000,0.000000,0.000000,0.000000,1.000000;;
 }

 Frame _0__-com {
  

  FrameTransformMatrix {
   1.000000,-0.000020,0.000021,0.000000,0.000021,0.998282,-0.058583,0.000000,-0.000020,0.058583,0.998282,0.000000,-0.000100,27.972301,45.225904,1.000000;;
  }

  Frame _1___body {
   

   FrameTransformMatrix {
    -0.000002,-0.000086,0.999970,0.000000,0.964131,0.265345,0.000025,0.000000,-0.265343,0.964124,0.000082,0.000000,0.000100,0.000084,-13.042370,1.000000;;
   }

   Frame _3___chest {
    

    FrameTransformMatrix {
     -0.320862,-0.251262,-0.913189,0.000000,0.000111,0.964159,-0.265326,0.000000,0.947125,-0.085234,-0.309334,0.000000,21.283806,-0.084599,-0.307102,1.000000;;
    }

    Frame _7__-neck1 {
     

     FrameTransformMatrix {
      0.877173,-0.165693,-0.450682,0.000000,0.226709,0.970288,0.084524,0.000000,0.423286,-0.176316,0.888674,0.000000,-0.013500,0.002600,31.663510,1.000000;;
     }

     Frame _11__-claviclel {
      

      FrameTransformMatrix {
       -0.363896,0.891574,-0.269582,0.000000,-0.613208,-0.011461,0.789838,0.000000,0.701110,0.452729,0.550891,0.000000,0.600899,3.201298,-6.249992,1.000000;;
      }

      Frame _16___arm1l {
       

       FrameTransformMatrix {
        -0.070415,-0.709576,-0.701101,0.000000,0.963222,0.134345,-0.232710,0.000000,0.259315,-0.691703,0.674020,0.000000,-0.000215,-0.000420,9.104809,1.000000;;
       }

       Frame _21___arm2l {
        

        FrameTransformMatrix {
         0.511643,-0.000000,0.859198,0.000000,0.000000,1.000000,-0.000000,0.000000,-0.859198,0.000000,0.511643,0.000000,0.000576,0.000496,23.360328,1.000000;;
        }

        Frame _24___hand1l {
         

         FrameTransformMatrix {
          0.972480,-0.003269,-0.232962,0.000000,0.002091,0.999984,-0.005304,0.000000,0.232975,0.004670,0.972471,0.000000,0.000374,-0.000565,21.382946,1.000000;;
         }

         Frame _26___hand2l {
          

          FrameTransformMatrix {
           0.811752,-0.000634,-0.583998,0.000000,0.000795,1.000000,0.000020,0.000000,0.583998,-0.000480,0.811752,0.000000,0.000141,-0.000393,7.661274,1.000000;;
          }

          Frame _26___hand2l_end {
           

           FrameTransformMatrix {
            1.000000,0.000000,0.000000,0.000000,0.000000,1.000000,-0.000000,0.000000,0.000000,-0.000000,1.000000,0.000000,0.000000,0.000000,1.000038,1.000000;;
           }
          }
         }
        }
       }
      }
     }

     Frame _12__-clavicler {
      

      FrameTransformMatrix {
       -0.041450,-0.996428,0.073577,0.000000,0.629441,-0.083231,-0.772578,0.000000,0.775942,0.014289,0.630642,0.000000,1.963402,-4.776802,-4.799996,1.000000;;
      }

      Frame _17___arm1r {
       

       FrameTransformMatrix {
        0.501111,0.689129,-0.523439,0.000000,-0.865342,0.404931,-0.295321,0.000000,0.008442,0.600942,0.799248,0.000000,-0.000212,0.000412,9.104806,1.000000;;
       }

       Frame _22___arm2r {
        

        FrameTransformMatrix {
         0.580869,-0.000000,0.813997,0.000000,0.000000,1.000000,0.000000,0.000000,-0.813997,0.000000,0.580869,0.000000,0.000938,-0.000271,23.360771,1.000000;;
        }

        Frame _25___hand1r {
         

         FrameTransformMatrix {
          0.972480,0.003269,-0.232962,0.000000,-0.002091,0.999984,0.005304,0.000000,0.232975,-0.004670,0.972471,0.000000,0.000328,0.000858,21.384531,1.000000;;
         }

         Frame _27___hand2r {
          

          FrameTransformMatrix {
           0.811781,0.000625,-0.583961,0.000000,-0.000776,1.000000,-0.000008,0.000000,0.583961,0.000459,0.811782,0.000000,0.000347,-0.000107,7.660954,1.000000;;
          }

          Frame _27___hand2r_end {
           

           FrameTransformMatrix {
            1.000000,-0.000000,0.000000,0.000000,-0.000000,1.000000,0.000000,0.000000,-0.000000,0.000000,1.000000,0.000000,0.000008,0.000004,1.000038,1.000000;;
           }
          }
         }
        }
       }
      }
     }

     Frame _13__-neck2 {
      

      FrameTransformMatrix {
       0.935579,0.000000,-0.353117,0.000000,-0.000000,1.000000,0.000000,0.000000,0.353116,-0.000000,0.935579,0.000000,-0.010025,-0.000611,19.373638,1.000000;;
      }

      Frame _18___head {
       

       FrameTransformMatrix {
        0.803741,-0.443131,0.397033,0.000000,0.508863,0.857766,-0.072768,0.000000,-0.308316,0.260522,0.914915,0.000000,0.000465,0.000094,14.320141,1.000000;;
       }

       Frame _23___head2 {
        

        FrameTransformMatrix {
         0.391694,-0.000076,-0.920088,0.000000,0.000019,1.000000,-0.000074,0.000000,0.920088,0.000011,0.391694,0.000000,12.304382,0.000641,-1.642876,1.000000;;
        }

        Frame _23___head2_end {
         

         FrameTransformMatrix {
          1.000000,0.000000,-0.000000,0.000000,0.000000,1.000000,0.000000,0.000000,0.000000,0.000000,1.000000,0.000000,0.000000,0.000004,0.999970,1.000000;;
         }
        }
       }
      }
     }
    }
   }

   Frame _4___leg1l {
    

    FrameTransformMatrix {
     0.991780,-0.113068,-0.059889,0.000000,-0.116287,-0.991786,-0.053294,0.000000,-0.053371,0.059820,-0.996781,0.000000,-0.000435,9.281730,-0.000216,1.000000;;
    }

    Frame _8___leg2l {
     

     FrameTransformMatrix {
      0.077419,0.000000,0.996999,0.000000,0.000000,1.000000,-0.000000,0.000000,-0.996999,0.000000,0.077419,0.000000,-0.000872,-0.000542,18.581816,1.000000;;
     }

     Frame _14___leg3l {
      

      FrameTransformMatrix {
       0.352645,0.000000,-0.935757,0.000000,-0.000000,1.000000,0.000000,0.000000,0.935757,0.000000,0.352645,0.000000,-0.000261,-0.001179,24.786510,1.000000;;
      }

      Frame _19__-footl {
       

       FrameTransformMatrix {
        0.726859,-0.145598,0.671176,0.000000,0.097777,0.989253,0.108710,0.000000,-0.679791,-0.013391,0.733284,0.000000,0.000274,-0.000021,14.706174,1.000000;;
       }

       Frame _19__-footl_end {
        

        FrameTransformMatrix {
         1.000000,-0.000000,0.000000,0.000000,0.000000,1.000000,-0.000000,0.000000,0.000000,-0.000000,1.000000,0.000000,0.000000,-0.000002,1.000000,1.000000;;
        }
       }
      }
     }
    }
   }

   Frame _5___leg1r {
    

    FrameTransformMatrix {
     0.985350,-0.144782,-0.090139,0.000000,-0.109921,-0.943231,0.313427,0.000000,-0.130400,-0.298926,-0.945321,0.000000,0.000462,-9.281701,0.000309,1.000000;;
    }

    Frame _9___leg2r {
     

     FrameTransformMatrix {
      0.399064,-0.000000,0.916923,0.000000,0.000000,1.000000,-0.000000,0.000000,-0.916923,0.000000,0.399065,0.000000,0.000385,-0.000502,18.581670,1.000000;;
     }

     Frame _15___leg3r {
      

      FrameTransformMatrix {
       0.578996,0.000000,-0.815330,0.000000,0.000000,1.000000,0.000000,0.000000,0.815331,-0.000000,0.578996,0.000000,0.000744,0.000441,24.788138,1.000000;;
      }

      Frame _20__-footr {
       

       FrameTransformMatrix {
        0.761000,-0.100946,0.640850,0.000000,0.120839,0.992589,0.012858,0.000000,-0.637399,0.067655,0.767558,0.000000,-0.000332,0.000313,14.705498,1.000000;;
       }

       Frame _20__-footr_end {
        

        FrameTransformMatrix {
         1.000000,0.000000,0.000000,0.000000,0.000000,1.000000,0.000000,0.000000,0.000000,0.000000,1.000000,0.000000,0.000001,0.000001,1.000001,1.000000;;
        }
       }
      }
     }
    }
   }

   Frame _6___tail1 {
    

    FrameTransformMatrix {
     -0.690318,0.191823,0.697614,0.000000,0.155390,0.981020,-0.115987,0.000000,-0.706622,0.028334,-0.707023,0.000000,-7.271994,0.781800,2.840996,1.000000;;
    }

    Frame _10___tail2 {
     

     FrameTransformMatrix {
      0.667109,-0.000345,0.744960,0.000000,0.292341,0.919905,-0.261364,0.000000,-0.685202,0.392141,0.613778,0.000000,-0.016996,-0.000002,41.574800,1.000000;;
     }

     Frame _10___tail2_end {
      

      FrameTransformMatrix {
       1.000000,0.000000,0.000000,0.000000,0.000000,1.000000,-0.000000,0.000000,0.000000,0.000000,1.000000,0.000000,0.000000,-0.000000,0.999952,1.000000;;
      }
     }
    }
   }
  }

  Frame _2__-footsteps {
   

   FrameTransformMatrix {
    -0.000028,0.998282,0.058592,0.000000,0.000029,-0.058592,0.998282,0.000000,1.000000,0.000030,-0.000027,0.000000,-0.000000,3.849502,-65.592698,1.000000;;
   }

   Frame _2__-footsteps_end {
    

    FrameTransformMatrix {
     1.000000,0.000000,0.000000,0.000000,0.000000,1.000000,-0.000000,0.000000,-0.000000,0.000000,1.000000,0.000000,0.000000,0.000000,1.000000,1.000000;;
    }
   }
  }
 }
}

AnimTicksPerSecond  {
 4800;
}

AnimationSet Dummy {
 

 Animation {
  
  { ARM_fox_framework }

  AnimationKey  {
   4;
   2;
   0;16;-0.003937,0.000000,-0.000000,0.000000,-0.000000,-0.000000,0.003937,0.000000,-0.000000,0.003937,0.000000,0.000000,0.000000,0.000000,0.000000,1.000000;;,
   16000;16;-0.003937,0.000000,-0.000000,0.000000,-0.000000,-0.000000,0.003937,0.000000,-0.000000,0.003937,0.000000,0.000000,0.000000,0.000000,0.000000,1.000000;;;
  }
 }

 Animation {
  
  { _0__-com }

  AnimationKey  {
   4;
   101;
   0;16;1.000000,-0.000020,0.000021,0.000000,0.000021,0.998282,-0.058583,0.000000,-0.000020,0.058583,0.998282,0.000000,-0.000100,27.972301,45.225904,1.000000;;,
   160;16;1.000000,-0.000020,0.000021,0.000000,0.000021,0.998282,-0.058583,0.000000,-0.000020,0.058583,0.998282,0.000000,-0.000100,27.972301,45.220854,1.000000;;,
   320;16;1.000000,-0.000020,0.000021,0.000000,0.000021,0.998282,-0.058583,0.000000,-0.000020,0.058583,0.998282,0.000000,-0.000100,27.972304,45.215818,1.000000;;,
   480;16;1.000000,-0.000019,0.000021,0.000000,0.000021,0.998282,-0.058583,0.000000,-0.000020,0.058583,0.998282,0.000000,-0.000100,27.972304,45.210774,1.000000;;,
   640;16;1.000000,-0.000019,0.000021,0.000000,0.000021,0.998282,-0.058583,0.000000,-0.000020,0.058583,0.998282,0.000000,-0.000100,27.972304,45.205731,1.000000;;,
   800;16;1.000000,-0.000019,0.000021,0.000000,0.000021,0.998282,-0.058583,0.000000,-0.000020,0.058583,0.998282,0.000000,-0.000100,27.972298,45.200691,1.000000;;,
   960;16;1.000000,-0.000019,0.000021,0.000000,0.000021,0.998282,-0.058583,0.000000,-0.000020,0.058583,0.998282,0.000000,-0.000100,27.972304,45.195645,1.000000;;,
   1120;16;1.000000,-0.000019,0.000022,0.000000,0.000020,0.998282,-0.058583,0.000000,-0.000020,0.058583,0.998282,0.000000,-0.000100,27.972301,45.190602,1.000000;;,
   1280;16;1.000000,-0.000019,0.000022,0.000000,0.000020,0.998282,-0.058583,0.000000,-0.000021,0.058583,0.998282,0.000000,-0.000100,27.972301,45.185558,1.000000;;,
   1440;16;1.000000,-0.000019,0.000022,0.000000,0.000020,0.998282,-0.058583,0.000000,-0.000021,0.058583,0.998282,0.000000,-0.000100,27.972301,45.180509,1.000000;;,
   1600;16;1.000000,-0.000019,0.000022,0.000000,0.000020,0.998282,-0.058583,0.000000,-0.000021,0.058583,0.998282,0.000000,-0.000100,27.972301,45.175472,1.000000;;,
   1760;16;1.000000,-0.000019,0.000022,0.000000,0.000020,0.998282,-0.058583,0.000000,-0.000021,0.058583,0.998282,0.000000,-0.000100,27.972301,45.170422,1.000000;;,
   1920;16;1.000000,-0.000019,0.000022,0.000000,0.000020,0.998282,-0.058583,0.000000,-0.000021,0.058583,0.998282,0.000000,-0.000100,27.972301,45.165382,1.000000;;,
   2080;16;1.000000,-0.000019,0.000022,0.000000,0.000020,0.998282,-0.058583,0.000000,-0.000021,0.058583,0.998282,0.000000,-0.000100,27.972304,45.160339,1.000000;;,
   2240;16;1.000000,-0.000019,0.000022,0.000000,0.000020,0.998282,-0.058583,0.000000,-0.000021,0.058583,0.998282,0.000000,-0.000100,27.972301,45.155293,1.000000;;,
   2400;16;1.000000,-0.000019,0.000022,0.000000,0.000020,0.998282,-0.058583,0.000000,-0.000021,0.058583,0.998282,0.000000,-0.000100,27.972301,45.150250,1.000000;;,
   2560;16;1.000000,-0.000019,0.000023,0.000000,0.000021,0.996509,-0.083489,0.000000,-0.000021,0.083489,0.996508,0.000000,-0.000100,24.976914,45.145206,1.000000;;,
   2720;16;1.000000,-0.000017,0.000023,0.000000,0.000020,0.990010,-0.140992,0.000000,-0.000020,0.140992,0.990010,0.000000,-0.000100,18.351714,45.007718,1.000000;;,
   2880;16;1.000000,-0.000015,0.000023,0.000000,0.000020,0.976827,-0.214031,0.000000,-0.000019,0.214031,0.976827,0.000000,-0.000100,10.516581,44.812410,1.000000;;,
   3040;16;1.000000,-0.000014,0.000024,0.000000,0.000020,0.958529,-0.284993,0.000000,-0.000019,0.284993,0.958529,0.000000,-0.000100,3.891383,44.622013,1.000000;;,
   3200;16;1.000000,-0.000013,0.000025,0.000000,0.000020,0.941643,-0.336612,0.000000,-0.000019,0.336612,0.941643,0.000000,-0.000100,0.896000,44.487405,1.000000;;,
   3360;16;0.991155,-0.124190,0.046775,0.000000,0.132701,0.924319,-0.357804,0.000000,0.001201,0.360847,0.932624,0.000000,-0.000100,0.896000,44.440781,1.000000;;,
   3520;16;0.909568,-0.386496,0.152667,0.000000,0.415532,0.842013,-0.344015,0.000000,0.004413,0.376343,0.926469,0.000000,-0.000100,0.896000,44.394160,1.000000;;,
   3680;16;0.718096,-0.645231,0.260797,0.000000,0.695908,0.661935,-0.278484,0.000000,0.007056,0.381469,0.924354,0.000000,-0.000100,0.896000,44.371587,1.000000;;,
   3840;16;0.462241,-0.822656,0.331013,0.000000,0.886682,0.424037,-0.184356,0.000000,0.011299,0.378720,0.925442,0.000000,-0.000100,0.896000,44.373078,1.000000;;,
   4000;16;0.197133,-0.917933,0.344293,0.000000,0.980257,0.179073,-0.083836,0.000000,0.015302,0.354023,0.935111,0.000000,-0.000100,0.896000,44.374557,1.000000;;,
   4160;16;-0.113752,-0.921753,0.370717,0.000000,0.993435,-0.110070,0.031152,0.000000,0.012090,0.371827,0.928223,0.000000,-0.000100,0.896000,44.376038,1.000000;;,
   4320;16;-0.371063,-0.863472,0.341655,0.000000,0.928581,-0.347814,0.129471,0.000000,0.007038,0.365297,0.930864,0.000000,-0.000100,0.896000,44.377530,1.000000;;,
   4480;16;-0.610312,-0.741742,0.278098,0.000000,0.792157,-0.572577,0.211287,0.000000,0.002512,0.349249,0.937027,0.000000,-0.000100,0.896000,44.379002,1.000000;;,
   4640;16;-0.800413,-0.564001,0.203081,0.000000,0.599448,-0.752552,0.272631,0.000000,-0.000935,0.339953,0.940442,0.000000,-0.000100,0.896000,44.380490,1.000000;;,
   4800;16;-0.927327,-0.352797,0.124893,0.000000,0.374250,-0.873187,0.312219,0.000000,-0.001095,0.336271,0.941764,0.000000,-0.000100,0.896000,44.381978,1.000000;;,
   4960;16;-0.958655,-0.267954,0.095818,0.000000,0.284571,-0.902629,0.322924,0.000000,-0.000041,0.336840,0.941562,0.000000,-0.000100,0.896000,44.383462,1.000000;;,
   5120;16;-0.912214,-0.385032,0.140056,0.000000,0.409712,-0.858102,0.309510,0.000000,0.001011,0.339722,0.940525,0.000000,-0.000100,0.896000,44.384944,1.000000;;,
   5280;16;-0.998206,-0.057130,0.017904,0.000000,0.059580,-0.918525,0.390847,0.000000,-0.005883,0.391212,0.920281,0.000000,-0.000100,0.896000,44.386426,1.000000;;,
   5440;16;-0.827396,0.528366,-0.190382,0.000000,-0.561618,-0.778738,0.279554,0.000000,-0.000551,0.338224,0.941065,0.000000,-0.000100,0.896000,44.387901,1.000000;;,
   5600;16;-0.911223,0.387898,-0.138589,0.000000,-0.411912,-0.858099,0.306584,0.000000,0.000000,0.336453,0.941700,0.000000,-0.000100,0.896000,44.389389,1.000000;;,
   5760;16;-0.869855,0.464425,-0.166315,0.000000,-0.493306,-0.819024,0.292999,0.000000,-0.000140,0.336911,0.941536,0.000000,-0.000100,0.896000,44.390864,1.000000;;,
   5920;16;-0.807788,0.554647,-0.199611,0.000000,-0.589472,-0.760354,0.272733,0.000000,-0.000504,0.337976,0.941154,0.000000,-0.000100,0.896000,44.392352,1.000000;;,
   6080;16;-0.722729,0.649903,-0.235134,0.000000,-0.691130,-0.680075,0.244615,0.000000,-0.000933,0.339299,0.940678,0.000000,-0.000100,0.896000,44.393843,1.000000;;,
   6240;16;-0.617141,0.740020,-0.267408,0.000000,-0.786852,-0.580766,0.208746,0.000000,-0.000825,0.339236,0.940701,0.000000,-0.000100,0.896000,44.395331,1.000000;;,
   6400;16;-0.499867,0.815587,-0.291462,0.000000,-0.866102,-0.470744,0.168127,0.000000,-0.000082,0.336477,0.941691,0.000000,-0.000100,0.896000,44.396813,1.000000;;,
   6560;16;-0.366212,0.874707,-0.317453,0.000000,-0.930531,-0.344474,0.124296,0.000000,-0.000632,0.340918,0.940093,0.000000,-0.000100,0.896000,44.398298,1.000000;;,
   6720;16;-0.213548,0.915945,-0.339769,0.000000,-0.976932,-0.200419,0.073724,0.000000,-0.000569,0.347675,0.937615,0.000000,-0.000100,0.896000,44.399776,1.000000;;,
   6880;16;-0.061208,0.935711,-0.347417,0.000000,-0.998125,-0.057482,0.021032,0.000000,-0.000290,0.348053,0.937474,0.000000,-0.000100,0.896000,44.401258,1.000000;;,
   7040;16;0.087119,0.935718,-0.341822,0.000000,-0.996198,0.081733,-0.030157,0.000000,-0.000280,0.343150,0.939280,0.000000,-0.000100,0.896000,44.402746,1.000000;;,
   7200;16;0.233868,0.915559,-0.327196,0.000000,-0.972268,0.220180,-0.078836,0.000000,-0.000137,0.336559,0.941662,0.000000,-0.000100,0.896000,44.404227,1.000000;;,
   7360;16;0.369267,0.873228,-0.317985,0.000000,-0.929323,0.347198,-0.125745,0.000000,0.000600,0.341944,0.939719,0.000000,-0.000100,0.896000,44.405712,1.000000;;,
   7520;16;0.496018,0.815884,-0.297152,0.000000,-0.868311,0.466426,-0.168765,0.000000,0.000906,0.341731,0.939797,0.000000,-0.000100,0.896000,44.407200,1.000000;;,
   7680;16;0.611455,0.743997,-0.269430,0.000000,-0.791279,0.575229,-0.207336,0.000000,0.000727,0.339971,0.940435,0.000000,-0.000100,0.896000,44.408678,1.000000;;,
   7840;16;0.713776,0.659038,-0.237049,0.000000,-0.700374,0.671799,-0.241169,0.000000,0.000309,0.338163,0.941087,0.000000,-0.000100,0.896000,44.410160,1.000000;;,
   8000;16;0.801669,0.562910,-0.201146,0.000000,-0.597768,0.754851,-0.269949,0.000000,-0.000121,0.336648,0.941630,0.000000,-0.000100,0.896000,44.411635,1.000000;;,
   8160;16;0.872929,0.459107,-0.164970,0.000000,-0.487847,0.821686,-0.294682,0.000000,0.000263,0.337716,0.941248,0.000000,-0.000100,0.896000,44.413123,1.000000;;,
   8320;16;0.929743,0.346454,-0.124688,0.000000,-0.368208,0.875073,-0.314117,0.000000,0.000284,0.337959,0.941160,0.000000,-0.000100,0.896000,44.414608,1.000000;;,
   8480;16;0.970223,0.227942,-0.081915,0.000000,-0.242214,0.913215,-0.327673,0.000000,0.000116,0.337757,0.941233,0.000000,-0.000100,0.896000,44.416093,1.000000;;,
   8640;16;0.993215,0.109498,-0.039174,0.000000,-0.116294,0.935038,-0.334930,0.000000,-0.000045,0.337213,0.941428,0.000000,-0.000100,0.896000,44.417571,1.000000;;,
   8800;16;1.000000,-0.000210,0.000135,0.000000,0.000243,0.941611,-0.336703,0.000000,-0.000056,0.336703,0.941610,0.000000,-0.000100,0.896000,44.419056,1.000000;;,
   8960;16;0.995005,-0.093967,0.033707,0.000000,0.099829,0.936774,-0.335391,0.000000,-0.000060,0.337081,0.941475,0.000000,-0.000100,0.896000,44.420544,1.000000;;,
   9120;16;0.982190,-0.176859,0.063437,0.000000,0.187892,0.924692,-0.331120,0.000000,-0.000099,0.337142,0.941454,0.000000,-0.000100,0.896000,44.422029,1.000000;;,
   9280;16;0.962824,-0.254269,0.091193,0.000000,0.270128,0.906460,-0.324594,0.000000,-0.000129,0.337160,0.941447,0.000000,-0.000100,0.896000,44.423517,1.000000;;,
   9440;16;0.935901,-0.331594,0.118893,0.000000,0.352264,0.881121,-0.315492,0.000000,-0.000144,0.337150,0.941450,0.000000,-0.000100,0.896000,44.424995,1.000000;;,
   9600;16;0.898242,-0.413839,0.147982,0.000000,0.439501,0.845790,-0.302453,0.000000,0.000006,0.336714,0.941606,0.000000,-0.000100,0.896000,44.426480,1.000000;;,
   9760;16;0.844578,-0.503975,0.180821,0.000000,0.535432,0.795081,-0.284882,0.000000,-0.000194,0.337423,0.941353,0.000000,-0.000100,0.896000,44.427965,1.000000;;,
   9920;16;0.775649,-0.593815,0.213900,0.000000,0.631164,0.730006,-0.262150,0.000000,-0.000480,0.338342,0.941023,0.000000,-0.000100,0.896000,44.429443,1.000000;;,
   10080;16;0.695134,-0.676234,0.243918,0.000000,0.718880,0.654168,-0.235107,0.000000,-0.000576,0.338779,0.940866,0.000000,-0.000100,0.896000,44.430934,1.000000;;,
   10240;16;0.607064,-0.747678,0.269168,0.000000,0.794653,0.571348,-0.205153,0.000000,-0.000400,0.338436,0.940989,0.000000,-0.000100,0.896000,44.432416,1.000000;;,
   10400;16;0.514280,-0.807564,0.288714,0.000000,0.857622,0.484231,-0.173218,0.000000,0.000080,0.336690,0.941615,0.000000,-0.000100,0.896000,44.433898,1.000000;;,
   10560;16;0.414966,-0.855918,0.308556,0.000000,0.909837,0.390471,-0.140461,0.000000,-0.000259,0.339022,0.940778,0.000000,-0.000100,0.896000,44.435379,1.000000;;,
   10720;16;0.311858,-0.893081,0.324268,0.000000,0.950128,0.293251,-0.106110,0.000000,-0.000327,0.341188,0.939995,0.000000,-0.000100,0.896000,44.436858,1.000000;;,
   10880;16;0.206667,-0.919368,0.334741,0.000000,0.978411,0.194245,-0.070569,0.000000,-0.000143,0.342099,0.939664,0.000000,-0.000100,0.896000,44.438342,1.000000;;,
   11040;16;0.101425,-0.935422,0.338673,0.000000,0.994843,0.095366,-0.034532,0.000000,0.000004,0.340429,0.940270,0.000000,-0.000100,0.896000,44.439827,1.000000;;,
   11200;16;-0.005105,-0.941622,0.336632,0.000000,0.999987,-0.004850,0.001599,0.000000,0.000127,0.336636,0.941635,0.000000,-0.000100,0.896000,44.441315,1.000000;;,
   11360;16;-0.109644,-0.934647,0.338249,0.000000,0.993971,-0.103185,0.037079,0.000000,0.000246,0.340275,0.940325,0.000000,-0.000100,0.896000,44.442794,1.000000;;,
   11520;16;-0.213798,-0.917967,0.334107,0.000000,0.976878,-0.201046,0.072734,0.000000,0.000403,0.341932,0.939724,0.000000,-0.000100,0.896000,44.444278,1.000000;;,
   11680;16;-0.317387,-0.891439,0.323423,0.000000,0.948296,-0.298559,0.107691,0.000000,0.000561,0.340880,0.940106,0.000000,-0.000100,0.896000,44.445766,1.000000;;,
   11840;16;-0.415099,-0.856074,0.307944,0.000000,0.909776,-0.390745,0.140091,0.000000,0.000400,0.338312,0.941034,0.000000,-0.000100,0.896000,44.447248,1.000000;;,
   12000;16;-0.500215,-0.815360,0.291502,0.000000,0.865901,-0.471072,0.168244,0.000000,0.000139,0.336569,0.941658,0.000000,-0.000100,0.896000,44.448730,1.000000;;,
   12160;16;-0.568643,-0.774235,0.277857,0.000000,0.822584,-0.535375,0.191647,0.000000,0.000378,0.337540,0.941311,0.000000,-0.000100,0.896000,44.450214,1.000000;;,
   12320;16;-0.626761,-0.733435,0.263142,0.000000,0.779212,-0.590101,0.211211,0.000000,0.000371,0.337422,0.941353,0.000000,-0.000100,0.896000,44.451702,1.000000;;,
   12480;16;-0.678956,-0.691094,0.247808,0.000000,0.734179,-0.639264,0.228740,0.000000,0.000334,0.337239,0.941419,0.000000,-0.000100,0.896000,44.453181,1.000000;;,
   12640;16;-0.729109,-0.644285,0.230860,0.000000,0.684397,-0.686514,0.245556,0.000000,0.000281,0.337038,0.941491,0.000000,-0.000100,0.896000,44.454666,1.000000;;,
   12800;16;-0.780176,-0.589042,0.210607,0.000000,0.625560,-0.734698,0.262474,0.000000,0.000124,0.336523,0.941675,0.000000,-0.000100,0.896000,44.456150,1.000000;;,
   12960;16;-0.832993,-0.520820,0.186730,0.000000,0.553283,-0.784307,0.280607,0.000000,0.000308,0.337058,0.941483,0.000000,-0.000100,0.896000,44.457629,1.000000;;,
   13120;16;-0.882197,-0.443170,0.159148,0.000000,0.470880,-0.830553,0.297411,0.000000,0.000378,0.337314,0.941392,0.000000,-0.000100,0.896000,44.459110,1.000000;;,
   13280;16;-0.923769,-0.360440,0.129363,0.000000,0.382951,-0.869717,0.311351,0.000000,0.000286,0.337156,0.941448,0.000000,-0.000100,0.896000,44.460637,1.000000;;,
   13440;16;-0.957667,-0.270971,0.097202,0.000000,0.287877,-0.901656,0.322712,0.000000,0.000197,0.337033,0.941493,0.000000,-0.000100,0.896000,44.462221,1.000000;;,
   13600;16;-0.984340,-0.165974,0.059385,0.000000,0.176278,-0.926951,0.331191,0.000000,0.000078,0.336473,0.941693,0.000000,-0.000100,0.896000,44.463798,1.000000;;,
   13760;16;-0.998190,-0.056583,0.020378,0.000000,0.060140,-0.938939,0.338786,0.000000,-0.000035,0.339399,0.940642,0.000000,-0.000100,0.896000,44.465370,1.000000;;,
   13920;16;-0.999965,0.001970,0.008080,0.000000,0.000883,-0.940899,0.338686,0.000000,0.008270,0.338681,0.940864,0.000000,-0.000100,0.896000,44.466934,1.000000;;,
   14080;16;-0.999929,0.010815,0.004921,0.000000,-0.008520,-0.941299,0.337466,0.000000,0.008281,0.337400,0.941325,0.000000,-0.000100,0.896000,44.468509,1.000000;;,
   14240;16;-0.999056,-0.040840,0.014793,0.000000,0.043436,-0.940527,0.336929,0.000000,0.000153,0.337253,0.941414,0.000000,-0.000100,0.896000,44.470080,1.000000;;,
   14400;16;-0.982479,-0.175478,0.062793,0.000000,0.186374,-0.925197,0.330567,0.000000,0.000088,0.336478,0.941691,0.000000,-0.000100,0.896000,44.471658,1.000000;;,
   14560;16;0.570455,-0.818022,0.073624,0.000000,0.818610,0.558991,-0.131928,0.000000,0.066765,0.135529,0.988521,0.000000,-0.000100,0.896000,44.473229,1.000000;;,
   14720;16;0.310122,0.946450,0.089758,0.000000,-0.938748,0.319777,-0.128430,0.000000,-0.150255,-0.044431,0.987648,0.000000,-0.000100,0.896000,44.474813,1.000000;;,
   14880;16;-0.721139,0.651686,-0.235081,0.000000,-0.692790,-0.678703,0.243731,0.000000,-0.000714,0.338625,0.940921,0.000000,-0.000100,0.896000,44.476384,1.000000;;,
   15040;16;-0.780362,0.588841,-0.210476,0.000000,-0.625327,-0.734863,0.262567,0.000000,-0.000060,0.336514,0.941678,0.000000,-0.000100,0.896000,44.477962,1.000000;;,
   15200;16;-0.763003,0.608700,-0.217513,0.000000,-0.646395,-0.718527,0.256695,0.000000,-0.000038,0.336458,0.941698,0.000000,-0.000100,0.896000,44.479530,1.000000;;,
   15360;16;-0.705548,0.667130,-0.239041,0.000000,-0.708662,-0.664307,0.237685,0.000000,-0.000230,0.337097,0.941470,0.000000,-0.000100,0.896000,44.481107,1.000000;;,
   15520;16;-0.637180,0.725264,-0.260755,0.000000,-0.770715,-0.599806,0.215013,0.000000,-0.000462,0.337970,0.941156,0.000000,-0.000100,0.896000,44.482682,1.000000;;,
   15680;16;-0.570893,0.772768,-0.277327,0.000000,-0.821024,-0.537476,0.192455,0.000000,-0.000333,0.337564,0.941302,0.000000,-0.000100,0.896000,44.484256,1.000000;;,
   15840;16;-0.520757,0.803881,-0.287382,0.000000,-0.853705,-0.490403,0.175193,0.000000,-0.000099,0.336572,0.941657,0.000000,-0.000100,0.896000,44.485824,1.000000;;,
   16000;16;-0.499694,0.815681,-0.291496,0.000000,-0.866202,-0.470581,0.168069,0.000000,-0.000082,0.336477,0.941691,0.000000,-0.000100,0.896000,44.487405,1.000000;;;
  }
 }

 Animation {
  
  { _1___body }

  AnimationKey  {
   4;
   2;
   0;16;-0.000002,-0.000086,0.999970,0.000000,0.964131,0.265345,0.000025,0.000000,-0.265343,0.964124,0.000082,0.000000,0.000100,0.000084,-13.042370,1.000000;;,
   16000;16;-0.000002,-0.000086,0.999970,0.000000,0.964131,0.265345,0.000025,0.000000,-0.265343,0.964124,0.000082,0.000000,0.000100,0.000084,-13.042366,1.000000;;;
  }
 }

 Animation {
  
  { _3___chest }

  AnimationKey  {
   4;
   94;
   0;16;-0.320862,-0.251262,-0.913189,0.000000,0.000111,0.964159,-0.265326,0.000000,0.947125,-0.085234,-0.309334,0.000000,21.283806,-0.084599,-0.307102,1.000000;;,
   160;16;-0.320863,-0.251262,-0.913189,0.000000,0.000111,0.964159,-0.265326,0.000000,0.947126,-0.085234,-0.309335,0.000000,21.283741,-0.084546,-0.307148,1.000000;;,
   320;16;-0.320862,-0.251262,-0.913189,0.000000,0.000111,0.964159,-0.265326,0.000000,0.947125,-0.085234,-0.309334,0.000000,21.283664,-0.084425,-0.307194,1.000000;;,
   480;16;-0.320863,-0.251262,-0.913189,0.000000,0.000111,0.964159,-0.265326,0.000000,0.947126,-0.085234,-0.309335,0.000000,21.283608,-0.084285,-0.307241,1.000000;;,
   640;16;-0.320863,-0.251262,-0.913189,0.000000,0.000111,0.964159,-0.265326,0.000000,0.947125,-0.085234,-0.309335,0.000000,21.283534,-0.084152,-0.307287,1.000000;;,
   800;16;-0.320862,-0.251262,-0.913189,0.000000,0.000111,0.964159,-0.265326,0.000000,0.947126,-0.085234,-0.309334,0.000000,21.283478,-0.084039,-0.307335,1.000000;;,
   960;16;-0.320862,-0.251262,-0.913189,0.000000,0.000111,0.964159,-0.265326,0.000000,0.947126,-0.085234,-0.309334,0.000000,21.283410,-0.083927,-0.307381,1.000000;;,
   1120;16;-0.320862,-0.251262,-0.913189,0.000000,0.000111,0.964159,-0.265326,0.000000,0.947125,-0.085234,-0.309334,0.000000,21.283341,-0.083815,-0.307426,1.000000;;,
   1280;16;-0.320862,-0.251262,-0.913189,0.000000,0.000111,0.964159,-0.265326,0.000000,0.947125,-0.085234,-0.309334,0.000000,21.283275,-0.083704,-0.307470,1.000000;;,
   1440;16;-0.320862,-0.251262,-0.913189,0.000000,0.000111,0.964159,-0.265326,0.000000,0.947125,-0.085234,-0.309334,0.000000,21.283203,-0.083591,-0.307518,1.000000;;,
   1600;16;-0.320862,-0.251262,-0.913189,0.000000,0.000111,0.964159,-0.265326,0.000000,0.947125,-0.085234,-0.309334,0.000000,21.283142,-0.083480,-0.307568,1.000000;;,
   1760;16;-0.320862,-0.251262,-0.913189,0.000000,0.000111,0.964159,-0.265326,0.000000,0.947125,-0.085234,-0.309334,0.000000,21.283074,-0.083368,-0.307611,1.000000;;,
   1920;16;-0.320862,-0.251262,-0.913189,0.000000,0.000111,0.964159,-0.265326,0.000000,0.947126,-0.085234,-0.309334,0.000000,21.283013,-0.083252,-0.307655,1.000000;;,
   2080;16;-0.320862,-0.251262,-0.913189,0.000000,0.000111,0.964159,-0.265326,0.000000,0.947125,-0.085234,-0.309334,0.000000,21.282936,-0.083136,-0.307705,1.000000;;,
   2240;16;-0.320862,-0.251262,-0.913189,0.000000,0.000111,0.964159,-0.265326,0.000000,0.947126,-0.085234,-0.309334,0.000000,21.282872,-0.083026,-0.307751,1.000000;;,
   2400;16;-0.320862,-0.251262,-0.913189,0.000000,0.000111,0.964159,-0.265326,0.000000,0.947126,-0.085234,-0.309334,0.000000,21.282818,-0.082929,-0.307787,1.000000;;,
   2560;16;-0.294014,-0.301996,-0.906837,0.000000,-0.009280,0.949629,-0.313238,0.000000,0.955756,-0.083681,-0.282007,0.000000,21.282749,-0.082833,-0.307831,1.000000;;,
   2720;16;-0.231069,-0.411771,-0.881505,0.000000,-0.026121,0.908324,-0.417451,0.000000,0.972586,-0.073434,-0.220642,0.000000,21.282677,-0.082750,-0.307873,1.000000;;,
   2880;16;-0.153993,-0.533660,-0.831561,0.000000,-0.034987,0.844017,-0.535174,0.000000,0.987452,-0.053319,-0.148644,0.000000,21.282616,-0.082671,-0.307915,1.000000;;,
   3040;16;-0.089873,-0.628148,-0.772886,0.000000,-0.032747,0.777470,-0.628066,0.000000,0.995414,-0.031137,-0.090443,0.000000,21.282549,-0.082588,-0.307957,1.000000;;,
   3200;16;-0.060696,-0.667351,-0.742265,0.000000,-0.029797,0.744517,-0.666938,0.000000,0.997711,-0.018363,-0.065074,0.000000,21.282485,-0.082491,-0.307999,1.000000;;,
   3360;16;-0.060696,-0.667351,-0.742265,0.000000,-0.029797,0.744517,-0.666939,0.000000,0.997711,-0.018363,-0.065074,0.000000,21.282418,-0.082393,-0.308041,1.000000;;,
   3520;16;-0.060696,-0.667351,-0.742265,0.000000,-0.029797,0.744517,-0.666938,0.000000,0.997711,-0.018363,-0.065074,0.000000,21.282347,-0.082283,-0.308084,1.000000;;,
   3680;16;-0.060696,-0.667351,-0.742265,0.000000,-0.029797,0.744517,-0.666938,0.000000,0.997711,-0.018363,-0.065074,0.000000,21.282282,-0.082168,-0.308122,1.000000;;,
   3840;16;-0.060696,-0.667351,-0.742266,0.000000,-0.029797,0.744517,-0.666939,0.000000,0.997711,-0.018363,-0.065074,0.000000,21.282218,-0.082053,-0.308167,1.000000;;,
   4000;16;-0.060696,-0.667351,-0.742265,0.000000,-0.029797,0.744517,-0.666938,0.000000,0.997711,-0.018363,-0.065074,0.000000,21.282152,-0.081940,-0.308208,1.000000;;,
   4160;16;-0.060696,-0.667351,-0.742265,0.000000,-0.029797,0.744517,-0.666938,0.000000,0.997711,-0.018363,-0.065074,0.000000,21.282085,-0.081827,-0.308250,1.000000;;,
   4320;16;-0.060696,-0.667351,-0.742266,0.000000,-0.029797,0.744517,-0.666939,0.000000,0.997711,-0.018363,-0.065074,0.000000,21.282022,-0.081717,-0.308292,1.000000;;,
   4480;16;-0.060696,-0.667351,-0.742266,0.000000,-0.029797,0.744517,-0.666939,0.000000,0.997711,-0.018363,-0.065074,0.000000,21.281960,-0.081605,-0.308333,1.000000;;,
   4640;16;-0.060696,-0.667351,-0.742266,0.000000,-0.029797,0.744517,-0.666939,0.000000,0.997711,-0.018363,-0.065074,0.000000,21.281894,-0.081491,-0.308375,1.000000;;,
   4800;16;-0.060696,-0.667351,-0.742265,0.000000,-0.029797,0.744517,-0.666938,0.000000,0.997711,-0.018363,-0.065074,0.000000,21.281818,-0.081379,-0.308416,1.000000;;,
   4960;16;-0.060696,-0.667351,-0.742265,0.000000,-0.029798,0.744516,-0.666938,0.000000,0.997711,-0.018363,-0.065074,0.000000,21.281754,-0.081266,-0.308460,1.000000;;,
   5120;16;-0.060696,-0.667351,-0.742265,0.000000,-0.029797,0.744517,-0.666939,0.000000,0.997711,-0.018363,-0.065074,0.000000,21.281691,-0.081152,-0.308503,1.000000;;,
   5280;16;-0.060695,-0.667351,-0.742266,0.000000,-0.029797,0.744517,-0.666938,0.000000,0.997711,-0.018363,-0.065074,0.000000,21.281624,-0.081038,-0.308544,1.000000;;,
   5440;16;-0.060696,-0.667351,-0.742265,0.000000,-0.029797,0.744517,-0.666938,0.000000,0.997711,-0.018363,-0.065074,0.000000,21.281557,-0.080926,-0.308587,1.000000;;,
   5760;16;-0.060696,-0.667351,-0.742265,0.000000,-0.029797,0.744516,-0.666938,0.000000,0.997711,-0.018363,-0.065074,0.000000,21.281486,-0.080829,-0.308630,1.000000;;,
   5920;16;-0.060696,-0.667351,-0.742265,0.000000,-0.029797,0.744517,-0.666938,0.000000,0.997711,-0.018363,-0.065074,0.000000,21.281354,-0.080648,-0.308712,1.000000;;,
   6240;16;-0.060696,-0.667351,-0.742266,0.000000,-0.029797,0.744516,-0.666938,0.000000,0.997711,-0.018363,-0.065074,0.000000,21.281294,-0.080570,-0.308754,1.000000;;,
   6400;16;-0.060696,-0.667351,-0.742266,0.000000,-0.029797,0.744517,-0.666939,0.000000,0.997711,-0.018363,-0.065074,0.000000,21.281160,-0.080390,-0.308838,1.000000;;,
   6560;16;-0.060696,-0.667351,-0.742265,0.000000,-0.029797,0.744517,-0.666939,0.000000,0.997711,-0.018363,-0.065074,0.000000,21.281101,-0.080294,-0.308880,1.000000;;,
   6720;16;-0.060696,-0.667351,-0.742265,0.000000,-0.029797,0.744517,-0.666939,0.000000,0.997711,-0.018363,-0.065074,0.000000,21.281030,-0.080182,-0.308923,1.000000;;,
   6880;16;-0.060696,-0.667351,-0.742265,0.000000,-0.029797,0.744517,-0.666938,0.000000,0.997711,-0.018363,-0.065074,0.000000,21.280960,-0.080067,-0.308965,1.000000;;,
   7040;16;-0.060696,-0.667351,-0.742265,0.000000,-0.029797,0.744517,-0.666938,0.000000,0.997711,-0.018363,-0.065074,0.000000,21.280899,-0.079951,-0.309007,1.000000;;,
   7200;16;-0.060696,-0.667351,-0.742265,0.000000,-0.029797,0.744517,-0.666939,0.000000,0.997711,-0.018363,-0.065074,0.000000,21.280830,-0.079838,-0.309050,1.000000;;,
   7360;16;-0.060696,-0.667351,-0.742265,0.000000,-0.029797,0.744516,-0.666938,0.000000,0.997711,-0.018363,-0.065074,0.000000,21.280758,-0.079727,-0.309093,1.000000;;,
   7520;16;-0.060696,-0.667351,-0.742265,0.000000,-0.029797,0.744517,-0.666938,0.000000,0.997711,-0.018363,-0.065074,0.000000,21.280701,-0.079617,-0.309136,1.000000;;,
   7680;16;-0.060696,-0.667351,-0.742265,0.000000,-0.029797,0.744517,-0.666938,0.000000,0.997711,-0.018363,-0.065074,0.000000,21.280634,-0.079507,-0.309179,1.000000;;,
   7840;16;-0.060696,-0.667351,-0.742265,0.000000,-0.029797,0.744517,-0.666939,0.000000,0.997711,-0.018363,-0.065074,0.000000,21.280566,-0.079393,-0.309221,1.000000;;,
   8000;16;-0.060696,-0.667351,-0.742265,0.000000,-0.029797,0.744517,-0.666938,0.000000,0.997711,-0.018363,-0.065074,0.000000,21.280502,-0.079282,-0.309264,1.000000;;,
   8160;16;-0.060696,-0.667351,-0.742265,0.000000,-0.029797,0.744516,-0.666938,0.000000,0.997711,-0.018363,-0.065074,0.000000,21.280435,-0.079171,-0.309308,1.000000;;,
   8320;16;-0.060696,-0.667351,-0.742265,0.000000,-0.029797,0.744517,-0.666939,0.000000,0.997711,-0.018363,-0.065074,0.000000,21.280371,-0.079055,-0.309350,1.000000;;,
   8480;16;-0.060695,-0.667351,-0.742266,0.000000,-0.029797,0.744517,-0.666938,0.000000,0.997711,-0.018363,-0.065074,0.000000,21.280306,-0.078938,-0.309391,1.000000;;,
   8640;16;-0.060696,-0.667351,-0.742265,0.000000,-0.029797,0.744517,-0.666938,0.000000,0.997711,-0.018363,-0.065074,0.000000,21.280238,-0.078827,-0.309435,1.000000;;,
   8960;16;-0.060696,-0.667351,-0.742265,0.000000,-0.029797,0.744517,-0.666939,0.000000,0.997711,-0.018363,-0.065074,0.000000,21.280174,-0.078729,-0.309478,1.000000;;,
   9120;16;-0.060696,-0.667351,-0.742265,0.000000,-0.029797,0.744517,-0.666938,0.000000,0.997711,-0.018363,-0.065074,0.000000,21.280035,-0.078549,-0.309565,1.000000;;,
   9440;16;-0.060696,-0.667351,-0.742266,0.000000,-0.029797,0.744517,-0.666938,0.000000,0.997711,-0.018363,-0.065074,0.000000,21.279973,-0.078471,-0.309608,1.000000;;,
   9600;16;-0.060696,-0.667351,-0.742265,0.000000,-0.029797,0.744517,-0.666938,0.000000,0.997711,-0.018363,-0.065074,0.000000,21.279840,-0.078291,-0.309697,1.000000;;,
   9760;16;-0.060696,-0.667351,-0.742265,0.000000,-0.029797,0.744517,-0.666938,0.000000,0.997711,-0.018363,-0.065074,0.000000,21.279770,-0.078194,-0.309740,1.000000;;,
   9920;16;-0.060696,-0.667351,-0.742265,0.000000,-0.029797,0.744517,-0.666939,0.000000,0.997711,-0.018363,-0.065074,0.000000,21.279707,-0.078082,-0.309787,1.000000;;,
   10080;16;-0.060696,-0.667351,-0.742265,0.000000,-0.029797,0.744517,-0.666939,0.000000,0.997711,-0.018363,-0.065074,0.000000,21.279645,-0.077967,-0.309832,1.000000;;,
   10240;16;-0.060696,-0.667351,-0.742265,0.000000,-0.029797,0.744516,-0.666938,0.000000,0.997711,-0.018363,-0.065074,0.000000,21.279578,-0.077850,-0.309876,1.000000;;,
   10400;16;-0.060696,-0.667351,-0.742265,0.000000,-0.029797,0.744517,-0.666938,0.000000,0.997711,-0.018363,-0.065074,0.000000,21.279507,-0.077741,-0.309922,1.000000;;,
   10560;16;-0.060696,-0.667351,-0.742265,0.000000,-0.029797,0.744517,-0.666938,0.000000,0.997711,-0.018363,-0.065074,0.000000,21.279448,-0.077628,-0.309968,1.000000;;,
   10720;16;-0.060696,-0.667351,-0.742265,0.000000,-0.029797,0.744517,-0.666938,0.000000,0.997711,-0.018363,-0.065074,0.000000,21.279371,-0.077516,-0.310013,1.000000;;,
   10880;16;-0.060696,-0.667351,-0.742265,0.000000,-0.029797,0.744517,-0.666939,0.000000,0.997711,-0.018363,-0.065074,0.000000,21.279312,-0.077404,-0.310057,1.000000;;,
   11040;16;-0.060696,-0.667351,-0.742265,0.000000,-0.029797,0.744517,-0.666939,0.000000,0.997711,-0.018363,-0.065074,0.000000,21.279248,-0.077292,-0.310103,1.000000;;,
   11200;16;-0.060696,-0.667351,-0.742265,0.000000,-0.029797,0.744517,-0.666938,0.000000,0.997711,-0.018363,-0.065074,0.000000,21.279181,-0.077180,-0.310148,1.000000;;,
   11360;16;-0.060696,-0.667351,-0.742265,0.000000,-0.029797,0.744517,-0.666938,0.000000,0.997711,-0.018363,-0.065074,0.000000,21.279115,-0.077066,-0.310194,1.000000;;,
   11520;16;-0.060696,-0.667351,-0.742265,0.000000,-0.029797,0.744516,-0.666938,0.000000,0.997711,-0.018363,-0.065074,0.000000,21.279050,-0.076954,-0.310239,1.000000;;,
   11680;16;-0.060696,-0.667351,-0.742265,0.000000,-0.029797,0.744517,-0.666938,0.000000,0.997711,-0.018363,-0.065074,0.000000,21.278976,-0.076838,-0.310284,1.000000;;,
   11840;16;-0.060696,-0.667351,-0.742265,0.000000,-0.029797,0.744517,-0.666938,0.000000,0.997711,-0.018363,-0.065074,0.000000,21.278915,-0.076727,-0.310329,1.000000;;,
   12160;16;-0.060696,-0.667351,-0.742265,0.000000,-0.029797,0.744517,-0.666939,0.000000,0.997711,-0.018363,-0.065074,0.000000,21.278854,-0.076631,-0.310370,1.000000;;,
   12320;16;-0.060696,-0.667351,-0.742265,0.000000,-0.029797,0.744517,-0.666939,0.000000,0.997711,-0.018363,-0.065074,0.000000,21.278717,-0.076451,-0.310454,1.000000;;,
   12640;16;-0.060696,-0.667351,-0.742265,0.000000,-0.029797,0.744516,-0.666939,0.000000,0.997711,-0.018363,-0.065074,0.000000,21.278653,-0.076371,-0.310495,1.000000;;,
   12800;16;-0.060696,-0.667351,-0.742265,0.000000,-0.029797,0.744517,-0.666939,0.000000,0.997711,-0.018363,-0.065074,0.000000,21.278520,-0.076189,-0.310578,1.000000;;,
   12960;16;-0.060696,-0.667351,-0.742265,0.000000,-0.029797,0.744517,-0.666938,0.000000,0.997711,-0.018363,-0.065074,0.000000,21.278454,-0.076094,-0.310621,1.000000;;,
   13120;16;-0.060696,-0.667351,-0.742265,0.000000,-0.029797,0.744517,-0.666938,0.000000,0.997711,-0.018363,-0.065074,0.000000,21.278386,-0.075982,-0.310663,1.000000;;,
