xof 0303txt 0032
template Frame {
 <3d82ab46-62da-11cf-ab39-0020af71e433>
 [...]
}

template Matrix4x4 {
 <f6f23f45-7686-11cf-8f52-0040333594a3>
 array FLOAT matrix[16];
}

template FrameTransformMatrix {
 <f6f23f41-7686-11cf-8f52-0040333594a3>
 Matrix4x4 frameMatrix;
}

template AnimTicksPerSecond {
 <9e415a43-7ba6-4a73-8743-b73d47e88476>
 DWORD AnimTicksPerSecond;
}

template Animation {
 <3d82ab4f-62da-11cf-ab39-0020af71e433>
 [...]
}

template AnimationSet {
 <3d82ab50-62da-11cf-ab39-0020af71e433>
 [Animation <3d82ab4f-62da-11cf-ab39-0020af71e433>]
}

template FloatKeys {
 <10dd46a9-775b-11cf-8f52-0040333594a3>
 DWORD nValues;
 array FLOAT values[nValues];
}

template TimedFloatKeys {
 <f406b180-7b3b-11cf-8f52-0040333594a3>
 DWORD time;
 FloatKeys tfkeys;
}

template AnimationKey {
 <10dd46a8-775b-11cf-8f52-0040333594a3>
 DWORD keyType;
 DWORD nKeys;
 array TimedFloatKeys keys[nKeys];
}


Frame ARM_fox_framework {
 

 FrameTransformMatrix {
  -0.003937,0.000000,-0.000000,0.000000,-0.000000,-0.000000,0.003937,0.000000,-0.000000,0.003937,0.000000,0.000000,0.000000,0.000000,0.000000,1.000000;;
 }

 Frame _0__-com {
  

  FrameTransformMatrix {
   1.000000,0.000022,-0.000003,0.000000,-0.000003,0.268963,0.963151,0.000000,0.000022,-0.963150,0.268963,0.000000,-0.000000,-49.248602,53.826202,1.000000;;
  }

  Frame _1___body {
   

   FrameTransformMatrix {
    -0.000000,0.000000,1.000000,0.000000,1.000000,-0.000000,0.000000,0.000000,0.000000,1.000000,0.000000,0.000000,0.000100,0.000114,-13.043163,1.000000;;
   }

   Frame _3___chest {
    

    FrameTransformMatrix {
     0.354796,0.000000,-0.934942,0.000000,0.000000,1.000000,0.000000,0.000000,0.934943,-0.000000,0.354796,0.000000,21.266701,-0.000100,-0.318901,1.000000;;
    }

    Frame _7__-neck1 {
     

     FrameTransformMatrix {
      0.885977,0.000000,-0.463729,0.000000,0.000000,1.000000,-0.000000,0.000000,0.463729,0.000000,0.885977,0.000000,-0.013702,-0.000000,31.663696,1.000000;;
     }

     Frame _11__-claviclel {
      

      FrameTransformMatrix {
       -0.869096,-0.192404,-0.455687,0.000000,-0.280064,-0.567949,0.773948,0.000000,-0.407719,0.800258,0.439718,0.000000,1.341908,4.111300,-5.567017,1.000000;;
      }

      Frame _16___arm1l {
       

       FrameTransformMatrix {
        0.454586,-0.843559,0.285932,0.000000,-0.469428,0.045915,0.881773,0.000000,-0.756959,-0.535067,-0.375119,0.000000,-0.000320,0.000031,9.105171,1.000000;;
       }

       Frame _21___arm2l {
        

        FrameTransformMatrix {
         0.344115,-0.000000,0.938926,0.000000,-0.000000,1.000000,0.000000,0.000000,-0.938926,-0.000000,0.344115,0.000000,0.000084,0.000137,23.360997,1.000000;;
        }

        Frame _24___hand1l {
         

         FrameTransformMatrix {
          0.380873,-0.503659,-0.775412,0.000000,0.619157,0.761767,-0.190674,0.000000,0.686718,-0.407479,0.601980,0.000000,0.000275,-0.000839,21.384402,1.000000;;
         }

         Frame _26___hand2l {
          

          FrameTransformMatrix {
           0.307083,0.022365,-0.951420,0.000000,0.269212,0.956849,0.109384,0.000000,0.912812,-0.289723,0.287811,0.000000,-0.000206,-0.000142,7.661308,1.000000;;
          }

          Frame _26___hand2l_end {
           

           FrameTransformMatrix {
            1.000000,0.000000,-0.000000,0.000000,0.000000,1.000000,-0.000000,0.000000,0.000000,-0.000000,1.000000,0.000000,0.000000,0.000000,1.000046,1.000000;;
           }
          }
         }
        }
       }
      }
     }

     Frame _12__-clavicler {
      

      FrameTransformMatrix {
       -0.879191,-0.120238,-0.461048,0.000000,0.476031,-0.263123,-0.839142,0.000000,-0.020416,-0.957240,0.288572,0.000000,1.341904,-4.111200,-5.567009,1.000000;;
      }

      Frame _17___arm1r {
       

       FrameTransformMatrix {
        0.685042,0.481475,0.546719,0.000000,0.517859,0.205998,-0.830296,0.000000,-0.512388,0.851909,-0.108218,0.000000,0.000118,0.000153,9.104515,1.000000;;
       }

       Frame _22___arm2r {
        

        FrameTransformMatrix {
         0.875512,0.000000,0.483194,0.000000,-0.000000,1.000000,0.000000,0.000000,-0.483194,-0.000000,0.875512,0.000000,0.000181,-0.000427,23.359482,1.000000;;
        }

        Frame _25___hand1r {
         

         FrameTransformMatrix {
          0.285738,0.149600,-0.946559,0.000000,-0.681087,0.726555,-0.090771,0.000000,0.674148,0.670625,0.309495,0.000000,-0.000237,0.000263,21.384598,1.000000;;
         }

         Frame _27___hand2r {
          

          FrameTransformMatrix {
           0.307083,-0.022365,-0.951420,0.000000,-0.269212,0.956849,-0.109384,0.000000,0.912812,0.289723,0.287811,0.000000,-0.000012,-0.000248,7.661049,1.000000;;
          }

          Frame _27___hand2r_end {
           

           FrameTransformMatrix {
            1.000000,-0.000000,0.000000,0.000000,0.000000,1.000000,0.000000,0.000000,0.000000,0.000000,1.000000,0.000000,0.000008,0.000000,1.000034,1.000000;;
           }
          }
         }
        }
       }
      }
     }

     Frame _13__-neck2 {
      

      FrameTransformMatrix {
       0.981028,0.000000,0.193865,0.000000,-0.000000,1.000000,-0.000000,0.000000,-0.193865,0.000000,0.981028,0.000000,-0.011192,0.000000,19.367898,1.000000;;
      }

      Frame _18___head {
       

       FrameTransformMatrix {
        0.345054,0.000000,0.938583,0.000000,0.000000,1.000000,-0.000000,0.000000,-0.938583,0.000000,0.345054,0.000000,-0.000484,0.000000,14.320466,1.000000;;
       }

       Frame _23___head2 {
        

        FrameTransformMatrix {
         0.300099,-0.000000,-0.953908,0.000000,0.000000,1.000000,-0.000000,0.000000,0.953907,0.000000,0.300099,0.000000,12.304985,-0.000000,-1.642906,1.000000;;
        }

        Frame _23___head2_end {
         

         FrameTransformMatrix {
          1.000000,-0.000000,0.000000,0.000000,0.000000,1.000000,-0.000000,0.000000,0.000000,-0.000000,1.000000,0.000000,0.000008,0.000000,0.999970,1.000000;;
         }
        }
       }
      }
     }
    }
   }

   Frame _4___leg1l {
    

    FrameTransformMatrix {
     0.782719,0.322483,-0.532318,0.000000,0.145270,-0.926332,-0.347575,0.000000,-0.605183,0.194721,-0.771896,0.000000,0.000004,9.282098,-0.000004,1.000000;;
    }

    Frame _8___leg2l {
     

     FrameTransformMatrix {
      0.780269,0.000000,0.625444,0.000000,0.000000,1.000000,-0.000000,0.000000,-0.625444,0.000000,0.780270,0.000000,0.000050,-0.000908,18.581096,1.000000;;
     }

     Frame _14___leg3l {
      

      FrameTransformMatrix {
       0.973278,0.000000,-0.229632,0.000000,-0.000000,1.000000,0.000000,0.000000,0.229632,0.000000,0.973277,0.000000,0.000859,-0.000525,24.787288,1.000000;;
      }

      Frame _19__-footl {
       

       FrameTransformMatrix {
        0.586044,0.345481,0.732936,0.000000,-0.128088,0.932674,-0.337214,0.000000,-0.800091,0.103742,0.590839,0.000000,-0.000022,-0.000164,14.706595,1.000000;;
       }

       Frame _19__-footl_end {
        

        FrameTransformMatrix {
         1.000000,0.000000,0.000000,0.000000,0.000000,1.000000,-0.000000,0.000000,-0.000000,0.000000,1.000000,0.000000,0.000001,0.000002,1.000000,1.000000;;
        }
       }
      }
     }
    }
   }

   Frame _5___leg1r {
    

    FrameTransformMatrix {
     0.979182,-0.084835,-0.184411,0.000000,-0.034062,-0.964269,0.262737,0.000000,-0.200109,-0.250983,-0.947074,0.000000,-0.000008,-9.282198,-0.000008,1.000000;;
    }

    Frame _9___leg2r {
     

     FrameTransformMatrix {
      0.088281,0.000000,0.996095,0.000000,0.000000,1.000000,0.000000,0.000000,-0.996095,0.000000,0.088281,0.000000,-0.000713,-0.000366,18.581725,1.000000;;
     }

     Frame _15___leg3r {
      

      FrameTransformMatrix {
       0.642607,-0.000000,-0.766196,0.000000,0.000000,1.000000,-0.000000,0.000000,0.766196,-0.000000,0.642607,0.000000,-0.000410,-0.000916,24.788298,1.000000;;
      }

      Frame _20__-footr {
       

       FrameTransformMatrix {
        0.498056,-0.278760,0.821117,0.000000,-0.104700,0.920661,0.376060,0.000000,-0.860801,-0.273270,0.429354,0.000000,0.000585,0.000011,14.705883,1.000000;;
       }

       Frame _20__-footr_end {
        

        FrameTransformMatrix {
         1.000000,0.000000,-0.000000,0.000000,-0.000000,1.000000,0.000000,0.000000,-0.000000,0.000000,1.000000,0.000000,-0.000002,0.000001,1.000001,1.000000;;
        }
       }
      }
     }
    }
   }

   Frame _6___tail1 {
    

    FrameTransformMatrix {
     0.547184,0.000000,0.837012,0.000000,0.000000,1.000000,-0.000000,0.000000,-0.837012,0.000000,0.547184,0.000000,-7.313000,0.000000,2.942795,1.000000;;
    }

    Frame _10___tail2 {
     

     FrameTransformMatrix {
      0.823581,0.000000,-0.567198,0.000000,-0.000000,1.000000,-0.000000,0.000000,0.567198,0.000000,0.823581,0.000000,-0.021000,-0.000000,41.608202,1.000000;;
     }

     Frame _10___tail2_end {
      

      FrameTransformMatrix {
       1.000000,-0.000000,-0.000000,0.000000,-0.000000,1.000000,0.000000,0.000000,0.000000,0.000000,1.000000,0.000000,-0.000004,0.000000,0.999947,1.000000;;
      }
     }
    }
   }
  }

  Frame _2__-footsteps {
   

   FrameTransformMatrix {
    0.000022,0.268963,-0.963150,0.000000,-0.000003,0.963150,0.268963,0.000000,1.000000,-0.000003,0.000022,0.000000,0.000000,-52.744995,-14.731202,1.000000;;
   }

   Frame _2__-footsteps_end {
    

    FrameTransformMatrix {
     1.000000,0.000000,0.000000,0.000000,0.000000,1.000000,0.000000,0.000000,0.000000,-0.000000,1.000000,0.000000,0.000000,0.000000,1.000000,1.000000;;
    }
   }
  }
 }
}

AnimTicksPerSecond  {
 4800;
}

AnimationSet Dummy {
 

 Animation {
  
  { ARM_fox_framework }

  AnimationKey  {
   4;
   2;
   0;16;-0.003937,0.000000,-0.000000,0.000000,-0.000000,-0.000000,0.003937,0.000000,-0.000000,0.003937,0.000000,0.000000,0.000000,0.000000,0.000000,1.000000;;,
   70400;16;-0.003937,0.000000,-0.000000,0.000000,-0.000000,-0.000000,0.003937,0.000000,-0.000000,0.003937,0.000000,0.000000,0.000000,0.000000,0.000000,1.000000;;;
  }
 }

 Animation {
  
  { _0__-com }

  AnimationKey  {
   4;
   441;
   0;16;1.000000,0.000022,-0.000003,0.000000,-0.000003,0.268963,0.963151,0.000000,0.000022,-0.963150,0.268963,0.000000,-0.000000,-49.248602,53.826202,1.000000;;,
   160;16;1.000000,0.000021,-0.000004,0.000000,-0.000003,0.308605,0.951190,0.000000,0.000022,-0.951190,0.308605,0.000000,-0.000000,-52.229760,54.846605,1.000000;;,
   320;16;1.000000,0.000021,-0.000006,0.000000,-0.000003,0.395998,0.918251,0.000000,0.000021,-0.918251,0.395998,0.000000,-0.000000,-58.767238,57.237395,1.000000;;,
   480;16;1.000000,0.000020,-0.000008,0.000000,-0.000003,0.494631,0.869103,0.000000,0.000022,-0.869103,0.494631,0.000000,-0.000000,-66.190195,60.194880,1.000000;;,
   640;16;1.000000,0.000019,-0.000010,0.000000,-0.000003,0.583356,0.812217,0.000000,0.000022,-0.812216,0.583356,0.000000,-0.000000,-72.926054,63.157434,1.000000;;,
   800;16;1.000000,0.000018,-0.000012,0.000000,-0.000003,0.655927,0.754825,0.000000,0.000022,-0.754824,0.655927,0.000000,-0.000000,-78.500634,65.805542,1.000000;;,
   960;16;1.000000,0.000017,-0.000014,0.000000,-0.000003,0.724736,0.689027,0.000000,0.000022,-0.689026,0.724736,0.000000,-0.000000,-83.709504,68.718765,1.000000;;,
   1120;16;1.000000,0.000016,-0.000015,0.000000,-0.000003,0.784788,0.619764,0.000000,0.000022,-0.619764,0.784788,0.000000,0.000000,-87.934189,72.123808,1.000000;;,
   1280;16;1.000000,0.000014,-0.000016,0.000000,-0.000003,0.836852,0.547430,0.000000,0.000022,-0.547430,0.836851,0.000000,-0.000000,-91.133434,75.938176,1.000000;;,
   1440;16;1.000000,0.000013,-0.000018,0.000000,-0.000003,0.881205,0.472735,0.000000,0.000022,-0.472734,0.881205,0.000000,0.000000,-93.305696,80.157549,1.000000;;,
   1600;16;1.000000,0.000011,-0.000019,0.000000,-0.000003,0.917860,0.396905,0.000000,0.000022,-0.396905,0.917859,0.000000,0.000000,-94.489293,84.855949,1.000000;;,
   1760;16;1.000000,0.000010,-0.000020,0.000000,-0.000003,0.944524,0.328441,0.000000,0.000022,-0.328441,0.944524,0.000000,-0.000000,-95.461389,90.260717,1.000000;;,
   1920;16;1.000000,0.000008,-0.000020,0.000000,-0.000003,0.965542,0.260249,0.000000,0.000022,-0.260249,0.965541,0.000000,-0.000000,-96.406490,96.147117,1.000000;;,
   2080;16;1.000000,0.000007,-0.000021,0.000000,-0.000003,0.980591,0.196064,0.000000,0.000022,-0.196064,0.980591,0.000000,-0.000000,-97.203149,102.557862,1.000000;;,
   2240;16;1.000000,0.000006,-0.000020,0.000000,-0.000003,0.989724,0.142993,0.000000,0.000021,-0.142993,0.989723,0.000000,-0.000000,-97.966189,109.355123,1.000000;;,
   2400;16;1.000000,0.000005,-0.000020,0.000000,-0.000003,0.993770,0.111448,0.000000,0.000021,-0.111448,0.993770,0.000000,-0.000000,-99.046701,116.220710,1.000000;;,
   2560;16;1.000000,0.000006,-0.000020,0.000000,-0.000004,0.995292,0.096921,0.000000,0.000021,-0.096921,0.995292,0.000000,-0.000000,-100.529658,122.643008,1.000000;;,
   2720;16;1.000000,0.000006,-0.000020,0.000000,-0.000004,0.996222,0.086837,0.000000,0.000021,-0.086837,0.996222,0.000000,-0.000000,-102.201440,128.889536,1.000000;;,
   2880;16;1.000000,0.000006,-0.000020,0.000000,-0.000004,0.996710,0.081051,0.000000,0.000021,-0.081051,0.996710,0.000000,-0.000000,-104.118637,135.393894,1.000000;;,
   3040;16;1.000000,0.000006,-0.000020,0.000000,-0.000005,0.996895,0.078738,0.000000,0.000021,-0.078738,0.996895,0.000000,-0.000000,-106.294387,142.514342,1.000000;;,
   3200;16;1.000000,0.000006,-0.000020,0.000000,-0.000005,0.996922,0.078400,0.000000,0.000020,-0.078400,0.996922,0.000000,-0.000000,-108.698509,150.533990,1.000000;;,
   3360;16;1.000000,0.000007,-0.000020,0.000000,-0.000005,0.995985,0.089519,0.000000,0.000020,-0.089519,0.995985,0.000000,0.000000,-111.539610,160.072909,1.000000;;,
   3520;16;1.000000,0.000007,-0.000020,0.000000,-0.000004,0.993420,0.114531,0.000000,0.000021,-0.114531,0.993419,0.000000,-0.000000,-114.730867,170.665446,1.000000;;,
   3680;16;1.000000,0.000007,-0.000020,0.000000,-0.000004,0.989592,0.143903,0.000000,0.000021,-0.143903,0.989591,0.000000,-0.000000,-117.941427,181.451853,1.000000;;,
   3840;16;1.000000,0.000007,-0.000020,0.000000,-0.000004,0.984900,0.173127,0.000000,0.000021,-0.173127,0.984899,0.000000,-0.000000,-121.008563,191.969203,1.000000;;,
   4000;16;1.000000,0.000007,-0.000020,0.000000,-0.000003,0.979245,0.202682,0.000000,0.000021,-0.202682,0.979244,0.000000,-0.000000,-123.938022,202.152013,1.000000;;,
   4160;16;1.000000,0.000007,-0.000020,0.000000,-0.000002,0.972442,0.233143,0.000000,0.000021,-0.233143,0.972442,0.000000,0.000000,-126.711936,212.111373,1.000000;;,
   4320;16;1.000000,0.000007,-0.000020,0.000000,-0.000002,0.968422,0.249315,0.000000,0.000021,-0.249315,0.968422,0.000000,-0.000000,-129.072141,221.351987,1.000000;;,
   4480;16;1.000000,0.000007,-0.000019,0.000000,-0.000002,0.967009,0.254742,0.000000,0.000021,-0.254742,0.967009,0.000000,-0.000000,-131.135885,229.960678,1.000000;;,
   4640;16;1.000000,0.000006,-0.000019,0.000000,-0.000001,0.967451,0.253058,0.000000,0.000020,-0.253058,0.967451,0.000000,-0.000000,-132.910899,237.944474,1.000000;;,
   4800;16;1.000000,0.000006,-0.000019,0.000000,-0.000001,0.968745,0.248060,0.000000,0.000020,-0.248060,0.968744,0.000000,-0.000000,-134.295642,245.230669,1.000000;;,
   4960;16;1.000000,0.000006,-0.000019,0.000000,-0.000001,0.971783,0.235876,0.000000,0.000020,-0.235876,0.971783,0.000000,-0.000000,-134.717939,251.564621,1.000000;;,
   5120;16;1.000000,0.000006,-0.000019,0.000000,-0.000001,0.976914,0.213635,0.000000,0.000020,-0.213635,0.976913,0.000000,-0.000000,-134.714202,257.427891,1.000000;;,
   5280;16;1.000000,0.000005,-0.000019,0.000000,-0.000002,0.983791,0.179317,0.000000,0.000020,-0.179317,0.983791,0.000000,-0.000000,-134.386266,262.656384,1.000000;;,
   5440;16;1.000000,0.000005,-0.000019,0.000000,-0.000003,0.990666,0.136311,0.000000,0.000020,-0.136311,0.990666,0.000000,-0.000000,-133.814310,267.197414,1.000000;;,
   5600;16;1.000000,0.000005,-0.000019,0.000000,-0.000003,0.995606,0.093643,0.000000,0.000019,-0.093643,0.995606,0.000000,-0.000000,-133.057216,271.109837,1.000000;;,
   5760;16;1.000000,0.000004,-0.000019,0.000000,-0.000003,0.998275,0.058714,0.000000,0.000019,-0.058714,0.998275,0.000000,-0.000000,-132.228390,274.452403,1.000000;;,
   5920;16;1.000000,0.000003,-0.000019,0.000000,-0.000003,0.999673,0.025585,0.000000,0.000019,-0.025585,0.999672,0.000000,-0.000000,-131.292352,277.252019,1.000000;;,
   6080;16;1.000000,0.000002,-0.000019,0.000000,-0.000003,0.999960,-0.009023,0.000000,0.000019,0.009023,0.999959,0.000000,-0.000000,-130.191117,279.646618,1.000000;;,
   6240;16;1.000000,0.000002,-0.000019,0.000000,-0.000002,0.998852,-0.047913,0.000000,0.000019,0.047913,0.998851,0.000000,-0.000000,-128.897446,281.827149,1.000000;;,
   6400;16;1.000000,0.000001,-0.000019,0.000000,-0.000002,0.995631,-0.093369,0.000000,0.000018,0.093369,0.995631,0.000000,-0.000000,-127.415014,284.037914,1.000000;;,
   6560;16;1.000000,-0.000001,-0.000019,0.000000,-0.000002,0.989034,-0.147686,0.000000,0.000018,0.147686,0.989034,0.000000,-0.000000,-125.621850,286.427827,1.000000;;,
   6720;16;1.000000,-0.000002,-0.000018,0.000000,-0.000002,0.977939,-0.208888,0.000000,0.000018,0.208888,0.977939,0.000000,-0.000000,-123.560230,288.686464,1.000000;;,
   6880;16;1.000000,-0.000003,-0.000018,0.000000,-0.000002,0.961717,-0.274044,0.000000,0.000019,0.274044,0.961717,0.000000,-0.000000,-121.412954,290.629146,1.000000;;,
   7040;16;1.000000,-0.000005,-0.000018,0.000000,-0.000002,0.940163,-0.340725,0.000000,0.000019,0.340725,0.940162,0.000000,-0.000000,-119.280013,292.190848,1.000000;;,
   7200;16;1.000000,-0.000006,-0.000018,0.000000,-0.000002,0.913406,-0.407051,0.000000,0.000019,0.407050,0.913405,0.000000,-0.000000,-117.178790,293.426944,1.000000;;,
   7360;16;1.000000,-0.000008,-0.000018,0.000000,-0.000002,0.879426,-0.476036,0.000000,0.000020,0.476036,0.879426,0.000000,-0.000000,-115.063757,294.132506,1.000000;;,
   7520;16;1.000000,-0.000010,-0.000018,0.000000,-0.000002,0.838097,-0.545522,0.000000,0.000020,0.545522,0.838096,0.000000,-0.000000,-113.095949,294.316160,1.000000;;,
   7680;16;1.000000,-0.000011,-0.000018,0.000000,-0.000002,0.789433,-0.613836,0.000000,0.000021,0.613836,0.789433,0.000000,-0.000000,-111.267661,294.325888,1.000000;;,
   7840;16;1.000000,-0.000013,-0.000018,0.000000,-0.000002,0.733083,-0.680139,0.000000,0.000022,0.680139,0.733083,0.000000,-0.000000,-109.576922,294.160870,1.000000;;,
   8000;16;1.000000,-0.000015,-0.000016,0.000000,-0.000002,0.667996,-0.744165,0.000000,0.000022,0.744165,0.667996,0.000000,-0.000000,-108.027814,293.471565,1.000000;;,
   8160;16;1.000000,-0.000016,-0.000014,0.000000,-0.000002,0.592288,-0.805726,0.000000,0.000022,0.805726,0.592288,0.000000,-0.000000,-106.659411,292.177024,1.000000;;,
   8320;16;1.000000,-0.000018,-0.000012,0.000000,-0.000002,0.489251,-0.872143,0.000000,0.000022,0.872143,0.489251,0.000000,-0.000000,-105.382304,290.496026,1.000000;;,
   8480;16;1.000000,-0.000020,-0.000009,0.000000,-0.000001,0.365924,-0.930645,0.000000,0.000022,0.930644,0.365924,0.000000,-0.000000,-104.226944,288.376934,1.000000;;,
   8640;16;1.000000,-0.000021,-0.000006,0.000000,-0.000000,0.251551,-0.967844,0.000000,0.000022,0.967844,0.251551,0.000000,0.000000,-103.197856,285.899238,1.000000;;,
   8800;16;1.000000,-0.000021,-0.000003,0.000000,0.000001,0.198171,-0.980167,0.000000,0.000021,0.980167,0.198171,0.000000,-0.000000,-102.273702,283.273907,1.000000;;,
   8960;16;1.000000,-0.000021,-0.000003,0.000000,0.000003,0.257760,-0.966209,0.000000,0.000021,0.966209,0.257760,0.000000,-0.000000,-101.453754,280.793702,1.000000;;,
   9120;16;1.000000,-0.000015,0.000001,0.000000,0.000013,0.921566,0.388222,0.000000,-0.000007,-0.388222,0.921566,0.000000,-0.000000,-100.736262,278.304512,1.000000;;,
   9280;16;1.000000,-0.000015,0.000003,0.000000,-0.000015,-0.891972,0.452092,0.000000,-0.000004,-0.452091,-0.891971,0.000000,-0.000000,-100.077696,275.609242,1.000000;;,
   9440;16;1.000000,-0.000022,0.000001,0.000000,-0.000006,-0.308162,-0.951334,0.000000,0.000022,0.951334,-0.308162,0.000000,-0.000000,-99.428563,272.559104,1.000000;;,
   9600;16;1.000000,-0.000022,0.000001,0.000000,-0.000005,-0.271939,-0.962314,0.000000,0.000021,0.962314,-0.271939,0.000000,-0.000000,-98.733606,269.053491,1.000000;;,
   9760;16;1.000000,-0.000021,0.000003,0.000000,-0.000004,-0.353816,-0.935315,0.000000,0.000021,0.935315,-0.353816,0.000000,-0.000000,-97.948448,264.843290,1.000000;;,
   9920;16;1.000000,-0.000021,0.000007,0.000000,-0.000004,-0.486465,-0.873700,0.000000,0.000021,0.873700,-0.486465,0.000000,-0.000000,-97.139501,260.072858,1.000000;;,
   10080;16;1.000000,-0.000019,0.000010,0.000000,-0.000004,-0.623865,-0.781532,0.000000,0.000022,0.781532,-0.623865,0.000000,-0.000000,-96.361619,255.079578,1.000000;;,
   10240;16;1.000000,-0.000017,0.000014,0.000000,-0.000004,-0.740206,-0.672380,0.000000,0.000022,0.672380,-0.740206,0.000000,0.000000,-95.641280,250.069248,1.000000;;,
   10400;16;1.000000,-0.000015,0.000016,0.000000,-0.000003,-0.829188,-0.558970,0.000000,0.000022,0.558970,-0.829188,0.000000,-0.000000,-94.976698,245.116160,1.000000;;,
   10560;16;1.000000,-0.000012,0.000018,0.000000,-0.000003,-0.902791,-0.430080,0.000000,0.000022,0.430080,-0.902791,0.000000,-0.000000,-94.385542,240.057702,1.000000;;,
   10720;16;1.000000,-0.000009,0.000020,0.000000,-0.000003,-0.956409,-0.292031,0.000000,0.000022,0.292030,-0.956409,0.000000,-0.000000,-93.858579,235.080755,1.000000;;,
   10880;16;1.000000,-0.000006,0.000020,0.000000,-0.000003,-0.988915,-0.148482,0.000000,0.000021,0.148482,-0.988915,0.000000,-0.000000,-93.358291,230.296499,1.000000;;,
   11040;16;1.000000,-0.000003,0.000020,0.000000,-0.000003,-0.999998,-0.001986,0.000000,0.000020,0.001986,-0.999998,0.000000,-0.000000,-92.883098,225.709235,1.000000;;,
   11200;16;1.000000,0.000000,0.000020,0.000000,-0.000003,-0.989263,0.146147,0.000000,0.000020,-0.146147,-0.989263,0.000000,-0.000000,-92.467462,221.216922,1.000000;;,
   11360;16;1.000000,0.000004,0.000020,0.000000,-0.000003,-0.954820,0.297185,0.000000,0.000020,-0.297185,-0.954820,0.000000,-0.000000,-92.285178,216.157568,1.000000;;,
   11520;16;1.000000,0.000007,0.000020,0.000000,-0.000003,-0.892731,0.450590,0.000000,0.000021,-0.450590,-0.892731,0.000000,-0.000000,-92.235603,210.510234,1.000000;;,
   11680;16;1.000000,0.000011,0.000019,0.000000,-0.000003,-0.800939,0.598746,0.000000,0.000022,-0.598746,-0.800939,0.000000,-0.000000,-92.230202,204.380954,1.000000;;,
   11840;16;1.000000,0.000014,0.000017,0.000000,-0.000003,-0.683501,0.729950,0.000000,0.000022,-0.729950,-0.683500,0.000000,-0.000000,-92.224864,198.029440,1.000000;;,
   12000;16;1.000000,0.000017,0.000014,0.000000,-0.000003,-0.553603,0.832781,0.000000,0.000022,-0.832780,-0.553603,0.000000,-0.000000,-92.219501,191.869517,1.000000;;,
   12160;16;1.000000,0.000019,0.000012,0.000000,-0.000003,-0.424335,0.905505,0.000000,0.000022,-0.905505,-0.424334,0.000000,-0.000000,-92.214131,186.232346,1.000000;;,
   12320;16;1.000000,0.000020,0.000009,0.000000,-0.000003,-0.292415,0.956291,0.000000,0.000022,-0.956291,-0.292415,0.000000,-0.000000,-92.402291,180.826150,1.000000;;,
   12480;16;1.000000,0.000021,0.000006,0.000000,-0.000003,-0.154899,0.987930,0.000000,0.000022,-0.987930,-0.154899,0.000000,-0.000000,-92.796211,175.458048,1.000000;;,
   12640;16;1.000000,0.000021,0.000003,0.000000,-0.000003,-0.008553,0.999963,0.000000,0.000021,-0.999963,-0.008553,0.000000,-0.000000,-93.390061,169.944243,1.000000;;,
   12800;16;1.000000,0.000021,-0.000000,0.000000,-0.000003,0.148860,0.988858,0.000000,0.000021,-0.988858,0.148860,0.000000,-0.000000,-94.159904,164.110323,1.000000;;,
   12960;16;1.000000,0.000021,-0.000004,0.000000,-0.000003,0.325706,0.945471,0.000000,0.000022,-0.945471,0.325706,0.000000,-0.000000,-94.923213,157.620877,1.000000;;,
   13120;16;1.000000,0.000020,-0.000009,0.000000,-0.000003,0.507206,0.861825,0.000000,0.000022,-0.861825,0.507205,0.000000,-0.000000,-95.924506,150.801638,1.000000;;,
   13280;16;1.000000,0.000018,-0.000012,0.000000,-0.000003,0.667412,0.744689,0.000000,0.000022,-0.744689,0.667411,0.000000,-0.000000,-97.488256,144.133555,1.000000;;,
   13440;16;1.000000,0.000015,-0.000016,0.000000,-0.000003,0.794525,0.607232,0.000000,0.000022,-0.607232,0.794524,0.000000,-0.000000,-99.822778,137.848102,1.000000;;,
   13600;16;1.000000,0.000012,-0.000018,0.000000,-0.000003,0.888406,0.459059,0.000000,0.000022,-0.459059,0.888406,0.000000,-0.000000,-103.020205,131.927219,1.000000;;,
   13760;16;1.000000,0.000009,-0.000020,0.000000,-0.000003,0.952597,0.304233,0.000000,0.000022,-0.304233,0.952597,0.000000,-0.000000,-107.207309,126.480269,1.000000;;,
   13920;16;1.000000,0.000006,-0.000021,0.000000,-0.000003,0.987424,0.158096,0.000000,0.000021,-0.158096,0.987424,0.000000,-0.000000,-111.179264,121.637914,1.000000;;,
   14080;16;1.000000,0.000003,-0.000021,0.000000,-0.000003,0.999716,0.023813,0.000000,0.000021,-0.023813,0.999716,0.000000,-0.000000,-115.096576,117.278707,1.000000;;,
   14240;16;1.000000,0.000000,-0.000022,0.000000,-0.000003,0.995358,-0.096239,0.000000,0.000021,0.096239,0.995358,0.000000,-0.000000,-118.988659,113.398784,1.000000;;,
   14400;16;1.000000,-0.000002,-0.000022,0.000000,-0.000003,0.979826,-0.199851,0.000000,0.000022,0.199851,0.979826,0.000000,-0.000000,-122.754099,110.111846,1.000000;;,
   14560;16;1.000000,-0.000003,-0.000022,0.000000,-0.000003,0.959941,-0.280202,0.000000,0.000022,0.280202,0.959941,0.000000,-0.000000,-124.461312,107.697331,1.000000;;,
   14720;16;1.000000,-0.000005,-0.000022,0.000000,-0.000003,0.937888,-0.346940,0.000000,0.000022,0.346939,0.937887,0.000000,-0.000000,-125.210470,105.846970,1.000000;;,
   14880;16;1.000000,-0.000006,-0.000021,0.000000,-0.000003,0.917345,-0.398094,0.000000,0.000022,0.398094,0.917344,0.000000,-0.000000,-125.430515,104.631462,1.000000;;,
   15040;16;1.000000,-0.000007,-0.000021,0.000000,-0.000003,0.900556,-0.434739,0.000000,0.000022,0.434739,0.900556,0.000000,-0.000000,-125.440832,103.923693,1.000000;;,
   15200;16;1.000000,-0.000008,-0.000021,0.000000,-0.000003,0.887639,-0.460540,0.000000,0.000022,0.460540,0.887638,0.000000,-0.000000,-125.451162,103.398810,1.000000;;,
   15360;16;1.000000,-0.000007,-0.000020,0.000000,-0.000003,0.877145,-0.480224,0.000000,0.000022,0.480224,0.877145,0.000000,-0.000000,-125.461491,102.833760,1.000000;;,
   15520;16;1.000000,-0.000007,-0.000020,0.000000,-0.000004,0.869615,-0.493731,0.000000,0.000021,0.493731,0.869614,0.000000,-0.000000,-125.471808,102.411642,1.000000;;,
   15680;16;1.000000,-0.000007,-0.000020,0.000000,-0.000004,0.865202,-0.501423,0.000000,0.000021,0.501423,0.865202,0.000000,-0.000000,-125.354278,102.142624,1.000000;;,
   15840;16;1.000000,-0.000007,-0.000020,0.000000,-0.000004,0.863420,-0.504486,0.000000,0.000021,0.504486,0.863419,0.000000,-0.000000,-125.086566,102.026534,1.000000;;,
   16000;16;1.000000,-0.000007,-0.000020,0.000000,-0.000004,0.863159,-0.504933,0.000000,0.000021,0.504933,0.863158,0.000000,-0.000000,-124.752102,102.052928,1.000000;;,
   16160;16;1.000000,-0.000007,-0.000021,0.000000,-0.000005,0.864702,-0.502285,0.000000,0.000021,0.502284,0.864702,0.000000,-0.000000,-124.321203,102.079322,1.000000;;,
   16320;16;1.000000,-0.000006,-0.000021,0.000000,-0.000005,0.869114,-0.494612,0.000000,0.000021,0.494612,0.869114,0.000000,-0.000000,-123.785677,102.105741,1.000000;;,
   16480;16;1.000000,-0.000006,-0.000021,0.000000,-0.000005,0.875677,-0.482898,0.000000,0.000021,0.482898,0.875676,0.000000,-0.000000,-123.191142,102.221178,1.000000;;,
   16640;16;1.000000,-0.000006,-0.000021,0.000000,-0.000004,0.883767,-0.467928,0.000000,0.000021,0.467927,0.883767,0.000000,-0.000000,-122.566336,102.450656,1.000000;;,
   16800;16;1.000000,-0.000006,-0.000021,0.000000,-0.000004,0.892876,-0.450303,0.000000,0.000021,0.450303,0.892875,0.000000,-0.000000,-121.923264,102.755258,1.000000;;,
   16960;16;1.000000,-0.000006,-0.000021,0.000000,-0.000004,0.904014,-0.427502,0.000000,0.000022,0.427502,0.904014,0.000000,-0.000000,-121.226048,103.170701,1.000000;;,
   17120;16;1.000000,-0.000006,-0.000021,0.000000,-0.000003,0.915069,-0.403296,0.000000,0.000022,0.403296,0.915069,0.000000,-0.000000,-120.537638,103.605606,1.000000;;,
   17280;16;1.000000,-0.000005,-0.000021,0.000000,-0.000003,0.925843,-0.377908,0.000000,0.000022,0.377908,0.925843,0.000000,-0.000000,-119.855053,104.053734,1.000000;;,
   17440;16;1.000000,-0.000005,-0.000021,0.000000,-0.000003,0.936281,-0.351253,0.000000,0.000022,0.351252,0.936280,0.000000,-0.000000,-119.177024,104.516486,1.000000;;,
   17600;16;1.000000,-0.000005,-0.000022,0.000000,-0.000003,0.946426,-0.322921,0.000000,0.000022,0.322921,0.946426,0.000000,-0.000000,-118.504115,105.003021,1.000000;;,
   17760;16;1.000000,-0.000004,-0.000022,0.000000,-0.000003,0.955145,-0.296137,0.000000,0.000022,0.296137,0.955145,0.000000,-0.000000,-117.903949,105.451654,1.000000;;,
   17920;16;1.000000,-0.000003,-0.000022,0.000000,-0.000003,0.962948,-0.269686,0.000000,0.000022,0.269686,0.962948,0.000000,-0.000000,-117.325658,105.883718,1.000000;;,
   18080;16;1.000000,-0.000003,-0.000022,0.000000,-0.000003,0.969779,-0.243985,0.000000,0.000022,0.243985,0.969779,0.000000,-0.000000,-116.787699,106.293914,1.000000;;,
   18240;16;1.000000,-0.000002,-0.000022,0.000000,-0.000003,0.975394,-0.220469,0.000000,0.000022,0.220469,0.975394,0.000000,-0.000000,-116.327642,106.662368,1.000000;;,
   18400;16;1.000000,-0.000002,-0.000022,0.000000,-0.000002,0.979465,-0.201613,0.000000,0.000022,0.201613,0.979465,0.000000,-0.000000,-116.002304,106.954810,1.000000;;,
   18560;16;1.000000,-0.000002,-0.000022,0.000000,-0.000003,0.982269,-0.187480,0.000000,0.000022,0.187479,0.982268,0.000000,-0.000000,-115.798170,107.172416,1.000000;;,
   18720;16;1.000000,-0.000001,-0.000022,0.000000,-0.000003,0.984301,-0.176500,0.000000,0.000022,0.176500,0.984301,0.000000,-0.000000,-115.771622,107.308365,1.000000;;,
   18880;16;1.000000,-0.000001,-0.000022,0.000000,-0.000003,0.985588,-0.169162,0.000000,0.000021,0.169162,0.985588,0.000000,-0.000000,-115.804301,107.417114,1.000000;;,
   19040;16;1.000000,-0.000001,-0.000022,0.000000,-0.000003,0.986238,-0.165334,0.000000,0.000021,0.165334,0.986237,0.000000,-0.000000,-115.836992,107.498944,1.000000;;,
   19200;16;1.000000,-0.000001,-0.000022,0.000000,-0.000002,0.986418,-0.164256,0.000000,0.000021,0.164256,0.986417,0.000000,-0.000000,-115.869670,107.500096,1.000000;;,
   19360;16;1.000000,-0.000001,-0.000022,0.000000,-0.000002,0.986418,-0.164256,0.000000,0.000021,0.164256,0.986418,0.000000,-0.000000,-115.902336,107.501235,1.000000;;,
   19520;16;1.000000,-0.000001,-0.000021,0.000000,-0.000002,0.986418,-0.164256,0.000000,0.000021,0.164256,0.986418,0.000000,-0.000000,-115.935014,107.502374,1.000000;;,
   19680;16;1.000000,-0.000001,-0.000021,0.000000,-0.000002,0.986418,-0.164256,0.000000,0.000021,0.164256,0.986418,0.000000,-0.000000,-115.967693,107.503488,1.000000;;,
   19840;16;1.000000,-0.000001,-0.000021,0.000000,-0.000002,0.986418,-0.164256,0.000000,0.000021,0.164256,0.986418,0.000000,-0.000000,-116.022451,107.504640,1.000000;;,
   20000;16;1.000000,-0.000001,-0.000021,0.000000,-0.000002,0.986418,-0.164256,0.000000,0.000021,0.164256,0.986418,0.000000,-0.000000,-116.143514,107.505779,1.000000;;,
   20160;16;1.000000,-0.000001,-0.000021,0.000000,-0.000002,0.986418,-0.164256,0.000000,0.000021,0.164256,0.986418,0.000000,-0.000000,-116.264550,107.506931,1.000000;;,
   20320;16;1.000000,-0.000001,-0.000021,0.000000,-0.000002,0.986418,-0.164256,0.000000,0.000021,0.164256,0.986418,0.000000,-0.000000,-116.382285,107.508070,1.000000;;,
   20480;16;1.000000,-0.000001,-0.000021,0.000000,-0.000002,0.986418,-0.164256,0.000000,0.000021,0.164256,0.986417,0.000000,-0.000000,-116.498906,107.509222,1.000000;;,
   20640;16;1.000000,-0.000001,-0.000021,0.000000,-0.000002,0.986418,-0.164256,0.000000,0.000021,0.164256,0.986418,0.000000,-0.000000,-116.617754,107.510362,1.000000;;,
   20800;16;1.000000,-0.000001,-0.000021,0.000000,-0.000002,0.986418,-0.164256,0.000000,0.000021,0.164256,0.986418,0.000000,-0.000000,-116.743206,107.511501,1.000000;;,
   20960;16;1.000000,-0.000001,-0.000021,0.000000,-0.000002,0.986418,-0.164256,0.000000,0.000021,0.164256,0.986417,0.000000,-0.000000,-116.868646,107.512640,1.000000;;,
   21120;16;1.000000,-0.000002,-0.000021,0.000000,-0.000002,0.986418,-0.164256,0.000000,0.000021,0.164256,0.986417,0.000000,-0.000000,-117.066227,107.513779,1.000000;;,
   21280;16;1.000000,-0.000002,-0.000021,0.000000,-0.000002,0.986418,-0.164256,0.000000,0.000021,0.164256,0.986417,0.000000,-0.000000,-117.305152,107.514918,1.000000;;,
   21440;16;1.000000,-0.000002,-0.000021,0.000000,-0.000002,0.986418,-0.164256,0.000000,0.000021,0.164256,0.986417,0.000000,-0.000000,-117.522688,107.516058,1.000000;;,
   21600;16;1.000000,-0.000002,-0.000021,0.000000,-0.000002,0.986418,-0.164256,0.000000,0.000021,0.164256,0.986417,0.000000,-0.000000,-117.624205,107.517197,1.000000;;,
   21760;16;1.000000,-0.000002,-0.000021,0.000000,-0.000002,0.982827,-0.184530,0.000000,0.000021,0.184530,0.982827,0.000000,-0.000000,-114.073331,108.729818,1.000000;;,
   21920;16;1.000000,-0.000003,-0.000021,0.000000,-0.000002,0.971735,-0.236074,0.000000,0.000021,0.236073,0.971735,0.000000,-0.000000,-104.878579,111.609600,1.000000;;,
   22080;16;1.000000,-0.000005,-0.000021,0.000000,-0.000002,0.950859,-0.309626,0.000000,0.000021,0.309626,0.950858,0.000000,-0.000000,-91.390547,115.400781,1.000000;;,
   22240;16;1.000000,-0.000007,-0.000021,0.000000,-0.000002,0.919635,-0.392774,0.000000,0.000022,0.392774,0.919635,0.000000,-0.000000,-75.533299,119.262989,1.000000;;,
   22400;16;1.000000,-0.000008,-0.000021,0.000000,-0.000003,0.882096,-0.471071,0.000000,0.000022,0.471070,0.882095,0.000000,-0.000000,-59.804506,122.271309,1.000000;;,
   22560;16;0.999581,0.019148,-0.021683,0.000000,-0.027893,0.836639,-0.547044,0.000000,0.007667,0.547419,0.836823,0.000000,-0.000000,-43.317869,124.311206,1.000000;;,
   22720;16;0.995620,0.057046,-0.074066,0.000000,-0.090880,0.776410,-0.623641,0.000000,0.021929,0.627641,0.778194,0.000000,-0.000000,-25.018190,125.895053,1.000000;;,
   22880;16;0.985744,0.095102,-0.138794,0.000000,-0.165090,0.705861,-0.688844,0.000000,0.032459,0.701937,0.711499,0.000000,-0.000000,-7.058706,126.870426,1.000000;;,
   23040;16;0.971272,0.122747,-0.203873,0.000000,-0.234974,0.630255,-0.739977,0.000000,0.037662,0.766624,0.640991,0.000000,-0.000000,9.497126,127.259046,1.000000;;,
   23200;16;0.954680,0.137411,-0.264014,0.000000,-0.295109,0.552293,-0.779669,0.000000,0.038678,0.822247,0.567814,0.000000,-0.000000,24.675616,127.256806,1.000000;;,
   23360;16;0.934309,0.142504,-0.326740,0.000000,-0.354259,0.472996,-0.806706,0.000000,0.039588,0.869464,0.492408,0.000000,0.000000,38.188832,127.254541,1.000000;;,
   23520;16;0.912186,0.142172,-0.384322,0.000000,-0.408073,0.400582,-0.820372,0.000000,0.037319,0.905163,0.423421,0.000000,0.000000,49.177040,127.252339,1.000000;;,
   23680;16;0.889722,0.134366,-0.436279,0.000000,-0.455048,0.337261,-0.824127,0.000000,0.036406,0.931772,0.361212,0.000000,0.000000,57.695674,127.250086,1.000000;;,
   23840;16;0.867883,0.117067,-0.482777,0.000000,-0.495040,0.284786,-0.820873,0.000000,0.041391,0.951416,0.305114,0.000000,0.000000,63.738035,127.120320,1.000000;;,
   24000;16;0.846894,0.088273,-0.524384,0.000000,-0.528751,0.244577,-0.812776,0.000000,0.056506,0.965603,0.253805,0.000000,-0.000000,67.235258,126.607936,1.000000;;,
   24160;16;0.824538,0.056272,-0.563001,0.000000,-0.560977,0.211028,-0.800482,0.000000,0.073764,0.975858,0.205568,0.000000,-0.000000,69.759462,126.068006,1.000000;;,
   24320;16;0.796231,0.017920,-0.604726,0.000000,-0.597986,0.174992,-0.782170,0.000000,0.091806,0.984406,0.150050,0.000000,-0.000000,72.228979,125.603034,1.000000;;,
   24480;16;0.763835,-0.024524,-0.644945,0.000000,-0.635940,0.141966,-0.758569,0.000000,0.110164,0.989567,0.092843,0.000000,0.000000,74.140211,125.145958,1.000000;;,
   24640;16;0.733057,-0.062183,-0.677319,0.000000,-0.668455,0.118143,-0.734309,0.000000,0.125683,0.991047,0.045039,0.000000,-0.000000,75.354848,124.633395,1.000000;;,
   24800;16;0.714359,-0.079673,-0.695228,0.000000,-0.686851,0.110256,-0.718386,0.000000,0.133889,0.990704,0.024039,0.000000,0.000000,76.099904,124.005811,1.000000;;,
   24960;16;0.714518,-0.067963,-0.696308,0.000000,-0.685522,0.130762,-0.716213,0.000000,0.139726,0.989081,0.046842,0.000000,-0.000000,76.580570,123.375462,1.000000;;,
   25120;16;0.920937,-0.384137,0.065680,0.000000,0.370088,0.914861,0.161445,0.000000,-0.122106,-0.124374,0.984693,0.000000,-0.000000,76.804288,122.752384,1.000000;;,
   25280;16;0.009307,-0.999445,0.031986,0.000000,-0.864611,0.008026,0.502378,0.000000,-0.502355,-0.032331,-0.864056,0.000000,-0.000000,76.917792,121.973978,1.000000;;,
   25440;16;0.623409,-0.219230,-0.750533,0.000000,-0.771626,-0.017436,-0.635837,0.000000,0.126308,0.975517,-0.180033,0.000000,-0.000000,77.073568,120.915098,1.000000;;,
   25600;16;0.608409,-0.229072,-0.759844,0.000000,-0.779555,0.006977,-0.626295,0.000000,0.148768,0.973384,-0.174329,0.000000,-0.000000,77.430010,119.488102,1.000000;;,
   25760;16;0.580042,-0.268709,-0.768990,0.000000,-0.799833,-0.009019,-0.600155,0.000000,0.154332,0.963179,-0.220154,0.000000,-0.000000,77.997126,117.614080,1.000000;;,
   25920;16;0.561054,-0.314218,-0.765823,0.000000,-0.817287,-0.063435,-0.572729,0.000000,0.131382,0.947229,-0.292397,0.000000,-0.000000,78.714758,115.303718,1.000000;;,
   26080;16;0.550012,-0.361949,-0.752648,0.000000,-0.829889,-0.135804,-0.541148,0.000000,0.093656,0.922252,-0.375072,0.000000,0.000000,79.632115,112.621146,1.000000;;,
   26240;16;0.544675,-0.409393,-0.731933,0.000000,-0.837069,-0.211869,-0.504407,0.000000,0.051426,0.887417,-0.458090,0.000000,-0.000000,80.775526,109.625254,1.000000;;,
   26400;16;0.542222,-0.455160,-0.706275,0.000000,-0.840178,-0.283884,-0.462073,0.000000,0.009817,0.843943,-0.536343,0.000000,0.000000,82.148378,106.369805,1.000000;;,
   26560;16;0.545815,-0.500222,-0.672208,0.000000,-0.836920,-0.364355,-0.408423,0.000000,-0.040620,0.785508,-0.617516,0.000000,-0.000000,83.828621,102.643245,1.000000;;,
   26720;16;0.552768,-0.542367,-0.632682,0.000000,-0.828154,-0.442060,-0.344593,0.000000,-0.092788,0.714437,-0.693520,0.000000,-0.000000,85.499398,98.820742,1.000000;;,
   26880;16;0.563855,-0.580343,-0.587596,0.000000,-0.813060,-0.514919,-0.271646,0.000000,-0.144916,0.630920,-0.762194,0.000000,-0.000000,87.121811,94.930349,1.000000;;,
   27040;16;0.580158,-0.612682,-0.536691,0.000000,-0.790628,-0.581982,-0.190276,0.000000,-0.195766,0.534713,-0.822045,0.000000,-0.000000,88.699014,90.966163,1.000000;;,
   27200;16;0.603027,-0.637724,-0.479235,0.000000,-0.759426,-0.642837,-0.100163,0.000000,-0.244194,0.424344,-0.871952,0.000000,-0.000000,90.276109,86.888262,1.000000;;,
   27360;16;0.632858,-0.651051,-0.419073,0.000000,-0.718712,-0.695289,-0.005187,0.000000,-0.288000,0.304476,-0.907937,0.000000,-0.000000,91.836992,82.951814,1.000000;;,
   27520;16;0.665897,-0.655105,-0.356959,0.000000,-0.670975,-0.735064,0.097332,0.000000,-0.326150,0.174698,-0.929035,0.000000,0.000000,93.423917,79.039571,1.000000;;,
   27680;16;0.701957,-0.648696,-0.294024,0.000000,-0.616496,-0.760138,0.205238,0.000000,-0.356636,0.037196,-0.933502,0.000000,0.000000,95.014816,75.192218,1.000000;;,
   27840;16;0.738941,-0.632221,-0.232942,0.000000,-0.558580,-0.768163,0.312913,0.000000,-0.376768,-0.101107,-0.920773,0.000000,0.000000,96.557139,71.543930,1.000000;;,
   28000;16;0.773529,-0.607800,-0.179530,0.000000,-0.502583,-0.760867,0.410477,0.000000,-0.386086,-0.227287,-0.894023,0.000000,0.000000,97.967910,68.322598,1.000000;;,
   28160;16;0.803630,-0.578738,-0.138711,0.000000,-0.451722,-0.744926,0.490951,0.000000,-0.387461,-0.331884,-0.860074,0.000000,-0.000000,99.174483,65.664454,1.000000;;,
   28320;16;0.830312,-0.547451,-0.104306,0.000000,-0.405169,-0.721497,0.561499,0.000000,-0.382650,-0.423957,-0.820877,0.000000,0.000000,100.247149,63.385722,1.000000;;,
