xof 0303txt 0032
template Frame {
 <3d82ab46-62da-11cf-ab39-0020af71e433>
 [...]
}

template Matrix4x4 {
 <f6f23f45-7686-11cf-8f52-0040333594a3>
 array FLOAT matrix[16];
}

template FrameTransformMatrix {
 <f6f23f41-7686-11cf-8f52-0040333594a3>
 Matrix4x4 frameMatrix;
}

template AnimTicksPerSecond {
 <9e415a43-7ba6-4a73-8743-b73d47e88476>
 DWORD AnimTicksPerSecond;
}

template Animation {
 <3d82ab4f-62da-11cf-ab39-0020af71e433>
 [...]
}

template AnimationSet {
 <3d82ab50-62da-11cf-ab39-0020af71e433>
 [Animation <3d82ab4f-62da-11cf-ab39-0020af71e433>]
}

template FloatKeys {
 <10dd46a9-775b-11cf-8f52-0040333594a3>
 DWORD nValues;
 array FLOAT values[nValues];
}

template TimedFloatKeys {
 <f406b180-7b3b-11cf-8f52-0040333594a3>
 DWORD time;
 FloatKeys tfkeys;
}

template AnimationKey {
 <10dd46a8-775b-11cf-8f52-0040333594a3>
 DWORD keyType;
 DWORD nKeys;
 array TimedFloatKeys keys[nKeys];
}


Frame ARM_fox_framework {
 

 FrameTransformMatrix {
  -0.003937,0.000000,-0.000000,0.000000,-0.000000,-0.000000,0.003937,0.000000,-0.000000,0.003937,0.000000,0.000000,0.000000,0.000000,0.000000,1.000000;;
 }

 Frame _0__-com {
  

  FrameTransformMatrix {
   0.999990,-0.000004,-0.000000,0.000000,-0.000000,-0.000000,1.000000,0.000000,-0.000004,-0.999990,-0.000000,0.000000,-0.000100,0.000000,58.948006,1.000000;;
  }

  Frame _1___body {
   

   FrameTransformMatrix {
    -0.000000,0.000000,1.000000,0.000000,1.000000,-0.000000,0.000000,0.000000,0.000000,1.000000,0.000000,0.000000,0.000100,0.000000,-13.042601,1.000000;;
   }

   Frame _3___chest {
    

    FrameTransformMatrix {
     -0.000404,0.000000,-0.999999,0.000000,-0.000000,1.000000,0.000000,0.000000,0.999999,-0.000000,-0.000404,0.000000,21.275699,-0.000000,-0.317310,1.000000;;
    }

    Frame _7__-neck1 {
     

     FrameTransformMatrix {
      0.994576,0.000000,-0.104011,0.000000,-0.000000,1.000000,0.000000,0.000000,0.104011,-0.000000,0.994576,0.000000,-0.015308,-0.000000,31.658093,1.000000;;
     }

     Frame _11__-claviclel {
      

      FrameTransformMatrix {
       -0.468885,0.881876,-0.049453,0.000000,-0.666669,-0.316623,0.674763,0.000000,0.579398,0.349354,0.736377,0.000000,-0.805996,4.111201,-5.663605,1.000000;;
      }

      Frame _16___arm1l {
       

       FrameTransformMatrix {
        -0.008501,-0.560741,-0.827946,0.000000,0.877721,-0.400876,0.262489,0.000000,-0.479093,-0.724476,0.495584,0.000000,0.000044,-0.000523,9.105055,1.000000;;
       }

       Frame _21___arm2l {
        

        FrameTransformMatrix {
         0.989578,-0.000000,0.143998,0.000000,0.000000,1.000000,0.000000,0.000000,-0.143998,0.000000,0.989578,0.000000,0.000092,-0.001040,23.359699,1.000000;;
        }

        Frame _24___hand1l {
         

         FrameTransformMatrix {
          0.933609,-0.022511,0.357583,0.000000,0.004596,0.998695,0.050870,0.000000,-0.358262,-0.045849,0.932494,0.000000,0.000111,0.000515,21.383741,1.000000;;
         }

         Frame _26___hand2l {
          

          FrameTransformMatrix {
           0.465830,0.056655,0.883054,0.000000,-0.029599,0.998388,-0.048441,0.000000,-0.884374,-0.003572,0.466755,0.000000,-0.000156,-0.000385,7.661037,1.000000;;
          }

          Frame _26___hand2l_end {
           

           FrameTransformMatrix {
            1.000000,0.000000,-0.000000,0.000000,0.000000,1.000000,-0.000000,0.000000,0.000000,0.000000,1.000000,0.000000,0.000000,0.000001,1.000042,1.000000;;
           }
          }
         }
        }
       }
      }
     }

     Frame _12__-clavicler {
      

      FrameTransformMatrix {
       -0.468871,-0.881879,-0.049458,0.000000,0.666675,-0.316611,-0.674758,0.000000,0.579398,-0.349348,0.736379,0.000000,-0.805901,-4.111199,-5.663601,1.000000;;
      }

      Frame _17___arm1r {
       

       FrameTransformMatrix {
        -0.008501,0.560742,-0.827947,0.000000,-0.877723,-0.400877,-0.262489,0.000000,-0.479093,0.724476,0.495584,0.000000,0.000135,0.000549,9.105093,1.000000;;
       }

       Frame _22___arm2r {
        

        FrameTransformMatrix {
         0.989578,0.000000,0.143998,0.000000,-0.000000,1.000000,-0.000000,0.000000,-0.143998,-0.000000,0.989578,0.000000,0.000092,0.001039,23.359699,1.000000;;
        }

        Frame _25___hand1r {
         

         FrameTransformMatrix {
          0.933610,0.022511,0.357583,0.000000,-0.004596,0.998695,-0.050870,0.000000,-0.358262,0.045849,0.932494,0.000000,-0.000099,-0.000489,21.383728,1.000000;;
         }

         Frame _27___hand2r {
          

          FrameTransformMatrix {
           0.465827,-0.056675,0.883055,0.000000,0.029572,0.998386,0.048477,0.000000,-0.884378,0.003532,0.466752,0.000000,-0.000366,-0.000359,7.661062,1.000000;;
          }

          Frame _27___hand2r_end {
           

           FrameTransformMatrix {
            1.000000,0.000000,0.000000,0.000000,-0.000000,1.000000,-0.000000,0.000000,-0.000000,0.000000,1.000000,0.000000,0.000000,0.000000,1.000038,1.000000;;
           }
          }
         }
        }
       }
      }
     }

     Frame _13__-neck2 {
      

      FrameTransformMatrix {
       0.909465,-0.000000,0.415780,0.000000,-0.000000,1.000000,0.000000,0.000000,-0.415780,-0.000000,0.909465,0.000000,-0.010403,-0.000000,19.365299,1.000000;;
      }

      Frame _18___head {
       

       FrameTransformMatrix {
        0.702281,0.000000,0.711900,0.000000,-0.000000,1.000000,0.000000,0.000000,-0.711900,0.000000,0.702281,0.000000,-0.000275,0.000100,14.320717,1.000000;;
       }

       Frame _23___head2 {
        

        FrameTransformMatrix {
         0.293283,0.000000,-0.956068,0.000000,0.000000,1.000000,-0.000000,0.000000,0.956068,-0.000000,0.293283,0.000000,12.305416,-0.000100,-1.643028,1.000000;;
        }

        Frame _23___head2_end {
         

         FrameTransformMatrix {
          1.000000,-0.000000,0.000000,0.000000,0.000000,1.000000,-0.000000,0.000000,0.000000,-0.000000,1.000000,0.000000,0.000000,0.000000,0.999962,1.000000;;
         }
        }
       }
      }
     }
    }
   }

   Frame _4___leg1l {
    

    FrameTransformMatrix {
     0.965782,0.210884,0.150975,0.000000,0.213800,-0.976879,-0.003155,0.000000,0.146819,0.035325,-0.988539,0.000000,0.000000,9.282098,-0.000004,1.000000;;
    }

    Frame _8___leg2l {
     

     FrameTransformMatrix {
      0.761741,-0.000000,0.647881,0.000000,-0.000000,1.000000,0.000000,0.000000,-0.647881,0.000000,0.761741,0.000000,0.000521,0.000950,18.582366,1.000000;;
     }

     Frame _14___leg3l {
      

      FrameTransformMatrix {
       0.788150,0.000000,-0.615484,0.000000,-0.000000,1.000000,0.000000,0.000000,0.615484,-0.000000,0.788150,0.000000,0.000584,0.000865,24.787251,1.000000;;
      }

      Frame _19__-footl {
       

       FrameTransformMatrix {
        0.993983,-0.000771,0.109532,0.000000,0.001114,0.999995,-0.003071,0.000000,-0.109529,0.003175,0.993978,0.000000,0.000011,-0.000003,14.705435,1.000000;;
       }

       Frame _19__-footl_end {
        

        FrameTransformMatrix {
         1.000000,0.000000,0.000000,0.000000,0.000000,1.000000,0.000000,0.000000,0.000000,-0.000000,1.000000,0.000000,0.000000,0.000000,1.000000,1.000000;;
        }
       }
      }
     }
    }
   }

   Frame _5___leg1r {
    

    FrameTransformMatrix {
     0.965782,-0.210885,0.150973,0.000000,-0.213799,-0.976879,0.003140,0.000000,0.146821,-0.035310,-0.988539,0.000000,0.000000,-9.282201,-0.000008,1.000000;;
    }

    Frame _9___leg2r {
     

     FrameTransformMatrix {
      0.761741,0.000000,0.647881,0.000000,-0.000000,1.000000,-0.000000,0.000000,-0.647881,-0.000000,0.761741,0.000000,0.000524,-0.000947,18.582371,1.000000;;
     }

     Frame _15___leg3r {
      

      FrameTransformMatrix {
       0.788150,-0.000000,-0.615484,0.000000,0.000000,1.000000,-0.000000,0.000000,0.615484,0.000000,0.788150,0.000000,0.000576,-0.000864,24.787248,1.000000;;
      }

      Frame _20__-footr {
       

       FrameTransformMatrix {
        0.993983,0.000771,0.109532,0.000000,-0.001114,0.999995,0.003071,0.000000,-0.109529,-0.003175,0.993978,0.000000,0.000029,0.000003,14.705338,1.000000;;
       }

       Frame _20__-footr_end {
        

        FrameTransformMatrix {
         1.000000,0.000000,0.000000,0.000000,0.000000,1.000000,-0.000000,0.000000,0.000000,-0.000000,1.000000,0.000000,0.000000,0.000000,1.000000,1.000000;;
        }
       }
      }
     }
    }
   }

   Frame _6___tail1 {
    

    FrameTransformMatrix {
     -0.923649,0.000000,0.383246,0.000000,0.000000,1.000000,-0.000000,0.000000,-0.383246,-0.000000,-0.923649,0.000000,-7.264302,-0.000000,2.957893,1.000000;;
    }

    Frame _10___tail2 {
     

     FrameTransformMatrix {
      0.709858,-0.000000,-0.704345,0.000000,-0.000000,1.000000,-0.000000,0.000000,0.704345,0.000000,0.709858,0.000000,-0.018093,0.000000,41.611693,1.000000;;
     }

     Frame _10___tail2_end {
      

      FrameTransformMatrix {
       1.000000,0.000000,-0.000000,0.000000,-0.000000,1.000000,-0.000000,0.000000,0.000000,-0.000000,1.000000,0.000000,0.000004,0.000000,0.999954,1.000000;;
      }
     }
    }
   }
  }

  Frame _2__-footsteps {
   

   FrameTransformMatrix {
    -0.000004,0.000000,-0.999990,0.000000,-0.000000,1.000000,0.000000,0.000000,0.999990,0.000000,-0.000004,0.000000,-0.000000,-58.899706,0.000000,1.000000;;
   }

   Frame _2__-footsteps_end {
    

    FrameTransformMatrix {
     1.000000,0.000000,0.000000,0.000000,0.000000,1.000000,0.000000,0.000000,-0.000000,0.000000,1.000000,0.000000,0.000000,0.000000,1.000000,1.000000;;
    }
   }
  }
 }
}

AnimTicksPerSecond  {
 4800;
}

AnimationSet Dummy {
 

 Animation {
  
  { ARM_fox_framework }

  AnimationKey  {
   4;
   2;
   0;16;-0.003937,0.000000,-0.000000,0.000000,-0.000000,-0.000000,0.003937,0.000000,-0.000000,0.003937,0.000000,0.000000,0.000000,0.000000,0.000000,1.000000;;,
   99200;16;-0.003937,0.000000,-0.000000,0.000000,-0.000000,-0.000000,0.003937,0.000000,-0.000000,0.003937,0.000000,0.000000,0.000000,0.000000,0.000000,1.000000;;;
  }
 }

 Animation {
  
  { _0__-com }

  AnimationKey  {
   4;
   621;
   0;16;0.999990,-0.000004,-0.000000,0.000000,-0.000000,-0.000000,1.000000,0.000000,-0.000004,-0.999990,-0.000000,0.000000,-0.000100,0.000000,58.948006,1.000000;;,
   160;16;0.999990,-0.000003,-0.000000,0.000000,-0.000000,-0.001296,0.999999,0.000000,-0.000003,-0.999989,-0.001296,0.000000,-0.000100,0.000000,58.917664,1.000000;;,
   320;16;0.999990,-0.000003,-0.000000,0.000000,-0.000000,-0.004242,0.999991,0.000000,-0.000003,-0.999981,-0.004242,0.000000,-0.000100,0.000000,58.887315,1.000000;;,
   480;16;0.999990,-0.000003,-0.000000,0.000000,-0.000000,-0.007754,0.999970,0.000000,-0.000003,-0.999960,-0.007754,0.000000,-0.000100,0.000000,58.856966,1.000000;;,
   640;16;0.999990,-0.000003,-0.000000,0.000000,-0.000000,-0.011165,0.999938,0.000000,-0.000003,-0.999928,-0.011165,0.000000,-0.000100,0.000000,58.826618,1.000000;;,
   800;16;0.999990,-0.000003,-0.000000,0.000000,-0.000000,-0.014227,0.999899,0.000000,-0.000003,-0.999889,-0.014227,0.000000,-0.000100,0.000000,58.796275,1.000000;;,
   960;16;0.999990,-0.000003,-0.000000,0.000000,-0.000000,-0.017415,0.999849,0.000000,-0.000003,-0.999839,-0.017414,0.000000,-0.000100,0.000000,58.765920,1.000000;;,
   1120;16;0.999990,-0.000003,-0.000000,0.000000,-0.000000,-0.020424,0.999792,0.000000,-0.000003,-0.999782,-0.020423,0.000000,-0.000100,0.000000,58.735584,1.000000;;,
   1280;16;0.999990,-0.000003,-0.000000,0.000000,-0.000000,-0.023304,0.999729,0.000000,-0.000003,-0.999718,-0.023304,0.000000,-0.000100,0.000000,58.705229,1.000000;;,
   1440;16;0.999990,-0.000003,-0.000000,0.000000,-0.000000,-0.026062,0.999660,0.000000,-0.000003,-0.999650,-0.026062,0.000000,-0.000100,0.000000,58.674886,1.000000;;,
   1600;16;0.999990,-0.000003,-0.000000,0.000000,-0.000000,-0.028662,0.999589,0.000000,-0.000003,-0.999579,-0.028662,0.000000,-0.000100,0.000000,58.644538,1.000000;;,
   1760;16;0.999990,-0.000003,-0.000000,0.000000,-0.000000,-0.030496,0.999535,0.000000,-0.000003,-0.999525,-0.030496,0.000000,-0.000100,0.000000,58.608934,1.000000;;,
   1920;16;0.999990,-0.000003,-0.000000,0.000000,-0.000000,-0.032330,0.999477,0.000000,-0.000003,-0.999467,-0.032330,0.000000,-0.000100,0.000000,58.573325,1.000000;;,
   2080;16;0.999990,-0.000003,-0.000000,0.000000,-0.000000,-0.033080,0.999453,0.000000,-0.000003,-0.999443,-0.033080,0.000000,-0.000100,0.000000,58.537722,1.000000;;,
   2240;16;0.999990,-0.000003,-0.000000,0.000000,-0.000000,-0.032746,0.999464,0.000000,-0.000003,-0.999454,-0.032746,0.000000,-0.000100,0.000000,58.513683,1.000000;;,
   2400;16;0.999990,-0.000003,-0.000000,0.000000,-0.000000,-0.032413,0.999475,0.000000,-0.000003,-0.999465,-0.032412,0.000000,-0.000100,0.000000,58.524326,1.000000;;,
   2560;16;0.999990,-0.000003,-0.000000,0.000000,-0.000000,-0.032079,0.999486,0.000000,-0.000003,-0.999476,-0.032078,0.000000,-0.000100,0.000000,58.534995,1.000000;;,
   2720;16;0.999990,-0.000003,-0.000000,0.000000,-0.000000,-0.031745,0.999496,0.000000,-0.000003,-0.999486,-0.031745,0.000000,-0.000100,0.000000,58.545651,1.000000;;,
   2880;16;0.999990,-0.000003,-0.000000,0.000000,-0.000000,-0.031411,0.999507,0.000000,-0.000003,-0.999497,-0.031411,0.000000,-0.000100,0.000000,58.556301,1.000000;;,
   3040;16;0.999990,-0.000003,-0.000000,0.000000,-0.000000,-0.031077,0.999517,0.000000,-0.000003,-0.999507,-0.031077,0.000000,-0.000100,0.000000,58.566963,1.000000;;,
   3200;16;0.999990,-0.000003,-0.000000,0.000000,-0.000000,-0.030743,0.999527,0.000000,-0.000003,-0.999517,-0.030743,0.000000,-0.000100,0.000000,58.577619,1.000000;;,
   3360;16;0.999990,-0.000003,-0.000000,0.000000,-0.000000,-0.030410,0.999538,0.000000,-0.000003,-0.999528,-0.030409,0.000000,-0.000100,0.000000,58.588275,1.000000;;,
   3520;16;0.999990,-0.000003,-0.000000,0.000000,-0.000000,-0.030076,0.999548,0.000000,-0.000003,-0.999538,-0.030075,0.000000,-0.000100,0.000000,58.598925,1.000000;;,
   3680;16;0.999990,-0.000003,-0.000000,0.000000,-0.000000,-0.029742,0.999558,0.000000,-0.000003,-0.999548,-0.029742,0.000000,-0.000100,0.000000,58.609587,1.000000;;,
   3840;16;0.999990,-0.000003,-0.000000,0.000000,-0.000000,-0.029121,0.999576,0.000000,-0.000003,-0.999566,-0.029121,0.000000,-0.000100,0.000000,58.620237,1.000000;;,
   4000;16;0.999990,-0.000003,-0.000000,0.000000,-0.000000,-0.027640,0.999618,0.000000,-0.000003,-0.999608,-0.027640,0.000000,-0.000100,0.000000,58.630893,1.000000;;,
   4160;16;0.999990,-0.000003,-0.000000,0.000000,-0.000000,-0.026159,0.999658,0.000000,-0.000003,-0.999648,-0.026159,0.000000,-0.000100,0.000000,58.641549,1.000000;;,
   4320;16;0.999990,-0.000003,-0.000000,0.000000,-0.000000,-0.024623,0.999697,0.000000,-0.000003,-0.999687,-0.024623,0.000000,-0.000100,0.000000,58.655629,1.000000;;,
   4480;16;0.999990,-0.000003,-0.000000,0.000000,-0.000000,-0.023069,0.999734,0.000000,-0.000003,-0.999724,-0.023069,0.000000,-0.000100,0.000000,58.670835,1.000000;;,
   4640;16;0.999990,-0.000003,-0.000000,0.000000,-0.000000,-0.021463,0.999770,0.000000,-0.000003,-0.999760,-0.021463,0.000000,-0.000100,0.000000,58.686042,1.000000;;,
   4800;16;0.999990,-0.000003,-0.000000,0.000000,-0.000000,-0.019701,0.999806,0.000000,-0.000003,-0.999796,-0.019701,0.000000,-0.000100,0.000000,58.701248,1.000000;;,
   4960;16;0.999990,-0.000003,-0.000000,0.000000,-0.000000,-0.017939,0.999839,0.000000,-0.000003,-0.999829,-0.017939,0.000000,-0.000100,0.000000,58.716467,1.000000;;,
   5120;16;0.999990,-0.000003,-0.000000,0.000000,-0.000000,-0.016162,0.999870,0.000000,-0.000003,-0.999860,-0.016162,0.000000,-0.000100,0.000000,58.731680,1.000000;;,
   5280;16;0.999990,-0.000003,-0.000000,0.000000,-0.000000,-0.014379,0.999897,0.000000,-0.000003,-0.999887,-0.014379,0.000000,-0.000100,0.000000,58.746886,1.000000;;,
   5440;16;0.999990,-0.000003,-0.000000,0.000000,-0.000000,-0.012684,0.999920,0.000000,-0.000003,-0.999910,-0.012684,0.000000,-0.000100,0.000000,58.762099,1.000000;;,
   5600;16;0.999990,-0.000003,-0.000000,0.000000,-0.000000,-0.011250,0.999937,0.000000,-0.000003,-0.999927,-0.011250,0.000000,-0.000100,0.000000,58.777306,1.000000;;,
   5760;16;0.999990,-0.000003,-0.000000,0.000000,-0.000000,-0.009816,0.999952,0.000000,-0.000003,-0.999942,-0.009816,0.000000,-0.000100,0.000000,58.791040,1.000000;;,
   5920;16;0.999990,-0.000003,-0.000000,0.000000,-0.000000,-0.008666,0.999962,0.000000,-0.000003,-0.999953,-0.008666,0.000000,-0.000100,0.000000,58.804781,1.000000;;,
   6080;16;0.999990,-0.000003,-0.000000,0.000000,-0.000000,-0.007611,0.999971,0.000000,-0.000003,-0.999961,-0.007610,0.000000,-0.000100,0.000000,58.818528,1.000000;;,
   6240;16;0.999990,-0.000003,-0.000000,0.000000,-0.000000,-0.006555,0.999979,0.000000,-0.000003,-0.999969,-0.006555,0.000000,-0.000100,0.000000,58.832275,1.000000;;,
   6400;16;0.999990,-0.000003,-0.000000,0.000000,-0.000000,-0.005500,0.999985,0.000000,-0.000003,-0.999975,-0.005500,0.000000,-0.000100,0.000000,58.846010,1.000000;;,
   6560;16;0.999990,-0.000003,-0.000000,0.000000,-0.000000,-0.004434,0.999990,0.000000,-0.000003,-0.999980,-0.004433,0.000000,-0.000100,0.000000,58.859744,1.000000;;,
   6720;16;0.999990,-0.000003,-0.000000,0.000000,-0.000000,-0.003367,0.999994,0.000000,-0.000003,-0.999984,-0.003367,0.000000,-0.000100,0.000000,58.873491,1.000000;;,
   6880;16;0.999990,-0.000003,-0.000000,0.000000,-0.000000,-0.002300,0.999997,0.000000,-0.000003,-0.999987,-0.002300,0.000000,-0.000100,0.000000,58.887232,1.000000;;,
   7040;16;0.999990,-0.000003,-0.000000,0.000000,0.000000,-0.001633,0.999999,0.000000,-0.000003,-0.999989,-0.001633,0.000000,-0.000100,0.000000,58.900973,1.000000;;,
   7200;16;0.999990,-0.000003,-0.000000,0.000000,-0.000000,-0.002167,0.999998,0.000000,-0.000003,-0.999988,-0.002167,0.000000,-0.000100,0.000000,58.914714,1.000000;;,
   7360;16;0.999990,-0.000003,-0.000000,0.000000,-0.000000,-0.002700,0.999996,0.000000,-0.000003,-0.999986,-0.002700,0.000000,-0.000100,0.000000,58.898765,1.000000;;,
   7520;16;0.999990,-0.000003,-0.000000,0.000000,-0.000000,-0.003233,0.999995,0.000000,-0.000003,-0.999985,-0.003233,0.000000,-0.000100,0.000000,58.882829,1.000000;;,
   7680;16;0.999990,-0.000003,-0.000000,0.000000,-0.000000,-0.003767,0.999993,0.000000,-0.000003,-0.999983,-0.003767,0.000000,-0.000100,0.000000,58.866874,1.000000;;,
   7840;16;0.999990,-0.000003,-0.000000,0.000000,-0.000000,-0.004300,0.999991,0.000000,-0.000003,-0.999981,-0.004300,0.000000,-0.000100,0.000000,58.850925,1.000000;;,
   8000;16;0.999990,-0.000003,-0.000000,0.000000,-0.000000,-0.004833,0.999988,0.000000,-0.000003,-0.999978,-0.004833,0.000000,-0.000100,0.000000,58.834982,1.000000;;,
   8160;16;0.999990,-0.000002,-0.000000,0.000000,-0.000000,-0.005367,0.999986,0.000000,-0.000002,-0.999976,-0.005367,0.000000,-0.000100,0.000000,58.819034,1.000000;;,
   8320;16;0.999990,-0.000002,-0.000000,0.000000,-0.000000,-0.007635,0.999971,0.000000,-0.000002,-0.999961,-0.007635,0.000000,-0.000100,0.000000,58.803085,1.000000;;,
   8480;16;0.999990,-0.000002,-0.000000,0.000000,-0.000000,-0.010833,0.999941,0.000000,-0.000002,-0.999931,-0.010833,0.000000,-0.000100,0.000000,58.781946,1.000000;;,
   8640;16;0.999990,-0.000002,-0.000000,0.000000,-0.000000,-0.014296,0.999898,0.000000,-0.000002,-0.999888,-0.014296,0.000000,-0.000100,0.000000,58.755629,1.000000;;,
   8800;16;0.999990,-0.000002,-0.000000,0.000000,-0.000000,-0.017499,0.999847,0.000000,-0.000002,-0.999837,-0.017499,0.000000,-0.000100,0.000000,58.729312,1.000000;;,
   8960;16;0.999990,-0.000002,-0.000000,0.000000,-0.000000,-0.020247,0.999795,0.000000,-0.000002,-0.999785,-0.020247,0.000000,-0.000100,0.000000,58.702989,1.000000;;,
   9120;16;0.999990,-0.000002,-0.000000,0.000000,-0.000000,-0.022853,0.999739,0.000000,-0.000002,-0.999729,-0.022853,0.000000,-0.000100,0.000000,58.676666,1.000000;;,
   9280;16;0.999990,-0.000002,-0.000000,0.000000,-0.000000,-0.025205,0.999683,0.000000,-0.000002,-0.999672,-0.025205,0.000000,-0.000100,0.000000,58.648378,1.000000;;,
   9440;16;0.999990,-0.000002,-0.000000,0.000000,-0.000000,-0.027350,0.999626,0.000000,-0.000002,-0.999616,-0.027350,0.000000,-0.000100,0.000000,58.618106,1.000000;;,
   9600;16;0.999990,-0.000002,-0.000000,0.000000,-0.000000,-0.029496,0.999565,0.000000,-0.000002,-0.999555,-0.029495,0.000000,-0.000100,0.000000,58.587840,1.000000;;,
   9760;16;0.999990,-0.000002,-0.000000,0.000000,-0.000000,-0.031400,0.999507,0.000000,-0.000002,-0.999497,-0.031400,0.000000,-0.000100,0.000000,58.557574,1.000000;;,
   9920;16;0.999990,-0.000002,-0.000000,0.000000,-0.000000,-0.033304,0.999445,0.000000,-0.000002,-0.999435,-0.033303,0.000000,-0.000100,0.000000,58.527309,1.000000;;,
   10080;16;0.999990,-0.000002,-0.000000,0.000000,-0.000000,-0.033984,0.999423,0.000000,-0.000002,-0.999413,-0.033984,0.000000,-0.000100,0.000000,58.518118,1.000000;;,
   10240;16;0.999990,-0.000002,-0.000000,0.000000,-0.000000,-0.033440,0.999441,0.000000,-0.000002,-0.999431,-0.033439,0.000000,-0.000100,0.000000,58.529990,1.000000;;,
   10400;16;0.999990,-0.000002,-0.000000,0.000000,-0.000000,-0.032896,0.999459,0.000000,-0.000002,-0.999449,-0.032896,0.000000,-0.000100,0.000000,58.541862,1.000000;;,
   10560;16;0.999990,-0.000002,-0.000000,0.000000,-0.000000,-0.032352,0.999477,0.000000,-0.000002,-0.999467,-0.032352,0.000000,-0.000100,0.000000,58.553747,1.000000;;,
   10720;16;0.999990,-0.000002,-0.000000,0.000000,-0.000000,-0.031808,0.999494,0.000000,-0.000002,-0.999484,-0.031808,0.000000,-0.000100,0.000000,58.565619,1.000000;;,
   10880;16;0.999990,-0.000002,-0.000000,0.000000,-0.000000,-0.031264,0.999511,0.000000,-0.000002,-0.999501,-0.031264,0.000000,-0.000100,0.000000,58.577498,1.000000;;,
   11040;16;0.999990,-0.000002,-0.000000,0.000000,-0.000000,-0.030720,0.999528,0.000000,-0.000002,-0.999518,-0.030720,0.000000,-0.000100,0.000000,58.589357,1.000000;;,
   11200;16;0.999990,-0.000002,-0.000000,0.000000,-0.000000,-0.030176,0.999545,0.000000,-0.000002,-0.999535,-0.030175,0.000000,-0.000100,0.000000,58.601235,1.000000;;,
   11360;16;0.999990,-0.000002,-0.000000,0.000000,-0.000000,-0.029632,0.999561,0.000000,-0.000002,-0.999551,-0.029631,0.000000,-0.000100,0.000000,58.613114,1.000000;;,
   11520;16;0.999990,-0.000002,-0.000000,0.000000,-0.000000,-0.028375,0.999598,0.000000,-0.000002,-0.999588,-0.028375,0.000000,-0.000100,0.000000,58.624986,1.000000;;,
   11680;16;0.999990,-0.000002,-0.000000,0.000000,-0.000000,-0.026881,0.999639,0.000000,-0.000002,-0.999629,-0.026880,0.000000,-0.000100,0.000000,58.636858,1.000000;;,
   11840;16;0.999990,-0.000002,-0.000000,0.000000,-0.000000,-0.025410,0.999677,0.000000,-0.000002,-0.999667,-0.025410,0.000000,-0.000100,0.000000,58.649069,1.000000;;,
   12000;16;0.999990,-0.000002,-0.000000,0.000000,-0.000000,-0.024012,0.999712,0.000000,-0.000002,-0.999702,-0.024012,0.000000,-0.000100,0.000000,58.662214,1.000000;;,
   12160;16;0.999990,-0.000002,-0.000000,0.000000,-0.000000,-0.022614,0.999744,0.000000,-0.000002,-0.999734,-0.022614,0.000000,-0.000100,0.000000,58.675360,1.000000;;,
   12320;16;0.999990,-0.000002,-0.000000,0.000000,-0.000000,-0.021312,0.999773,0.000000,-0.000002,-0.999763,-0.021312,0.000000,-0.000100,0.000000,58.688512,1.000000;;,
   12480;16;0.999990,-0.000002,-0.000000,0.000000,-0.000000,-0.020041,0.999799,0.000000,-0.000002,-0.999789,-0.020040,0.000000,-0.000100,0.000000,58.701677,1.000000;;,
   12640;16;0.999990,-0.000002,-0.000000,0.000000,-0.000000,-0.018770,0.999824,0.000000,-0.000002,-0.999814,-0.018770,0.000000,-0.000100,0.000000,58.714822,1.000000;;,
   12800;16;0.999990,-0.000002,-0.000000,0.000000,-0.000000,-0.017499,0.999847,0.000000,-0.000002,-0.999837,-0.017499,0.000000,-0.000100,0.000000,58.727981,1.000000;;,
   12960;16;0.999990,-0.000002,-0.000000,0.000000,-0.000000,-0.015791,0.999876,0.000000,-0.000002,-0.999866,-0.015791,0.000000,-0.000100,0.000000,58.741139,1.000000;;,
   13120;16;0.999990,-0.000002,-0.000000,0.000000,-0.000000,-0.014083,0.999901,0.000000,-0.000002,-0.999891,-0.014083,0.000000,-0.000100,0.000000,58.754285,1.000000;;,
   13280;16;0.999990,-0.000002,-0.000000,0.000000,-0.000000,-0.012403,0.999923,0.000000,-0.000002,-0.999913,-0.012403,0.000000,-0.000100,0.000000,58.767443,1.000000;;,
   13440;16;0.999990,-0.000002,-0.000000,0.000000,-0.000000,-0.010751,0.999942,0.000000,-0.000002,-0.999932,-0.010751,0.000000,-0.000100,0.000000,58.781229,1.000000;;,
   13600;16;0.999990,-0.000002,-0.000000,0.000000,-0.000000,-0.009099,0.999959,0.000000,-0.000002,-0.999949,-0.009099,0.000000,-0.000100,0.000000,58.796941,1.000000;;,
   13760;16;0.999990,-0.000002,-0.000000,0.000000,-0.000000,-0.007659,0.999971,0.000000,-0.000002,-0.999961,-0.007659,0.000000,-0.000100,0.000000,58.812627,1.000000;;,
   13920;16;0.999990,-0.000002,-0.000000,0.000000,-0.000000,-0.006220,0.999981,0.000000,-0.000002,-0.999971,-0.006220,0.000000,-0.000100,0.000000,58.828333,1.000000;;,
   14080;16;0.999990,-0.000002,-0.000000,0.000000,0.000000,-0.004967,0.999988,0.000000,-0.000002,-0.999978,-0.004967,0.000000,-0.000100,0.000000,58.844038,1.000000;;,
   14240;16;0.999990,-0.000002,-0.000000,0.000000,0.000000,-0.003900,0.999993,0.000000,-0.000002,-0.999982,-0.003900,0.000000,-0.000100,0.000000,58.859744,1.000000;;,
   14400;16;0.999990,-0.000002,-0.000000,0.000000,0.000000,-0.002833,0.999996,0.000000,-0.000002,-0.999986,-0.002833,0.000000,-0.000100,0.000000,58.875450,1.000000;;,
   14560;16;0.999990,-0.000002,-0.000000,0.000000,0.000000,-0.001767,0.999999,0.000000,-0.000002,-0.999988,-0.001767,0.000000,-0.000100,0.000000,58.891162,1.000000;;,
   14720;16;0.999990,-0.000002,-0.000000,0.000000,0.000000,-0.001843,0.999999,0.000000,-0.000002,-0.999988,-0.001843,0.000000,-0.000100,0.000000,58.906861,1.000000;;,
   14880;16;0.999990,-0.000002,-0.000000,0.000000,0.000000,-0.002300,0.999997,0.000000,-0.000002,-0.999988,-0.002300,0.000000,-0.000100,0.000000,58.906950,1.000000;;,
   15040;16;0.999990,-0.000002,-0.000000,0.000000,0.000000,-0.002757,0.999996,0.000000,-0.000002,-0.999986,-0.002757,0.000000,-0.000100,0.000000,58.891437,1.000000;;,
   15200;16;0.999990,-0.000002,-0.000000,0.000000,0.000000,-0.003214,0.999995,0.000000,-0.000002,-0.999985,-0.003214,0.000000,-0.000100,0.000000,58.875910,1.000000;;,
   15360;16;0.999990,-0.000002,-0.000000,0.000000,0.000000,-0.003671,0.999993,0.000000,-0.000002,-0.999983,-0.003671,0.000000,-0.000100,0.000000,58.860384,1.000000;;,
   15520;16;0.999990,-0.000002,-0.000000,0.000000,0.000000,-0.004128,0.999991,0.000000,-0.000002,-0.999982,-0.004128,0.000000,-0.000100,0.000000,58.844870,1.000000;;,
   15680;16;0.999990,-0.000002,-0.000000,0.000000,0.000000,-0.004586,0.999990,0.000000,-0.000002,-0.999980,-0.004586,0.000000,-0.000100,0.000000,58.829344,1.000000;;,
   15840;16;0.999990,-0.000002,-0.000000,0.000000,0.000000,-0.005043,0.999987,0.000000,-0.000002,-0.999977,-0.005043,0.000000,-0.000100,0.000000,58.813824,1.000000;;,
   16000;16;0.999990,-0.000001,-0.000000,0.000000,0.000000,-0.005500,0.999985,0.000000,-0.000001,-0.999975,-0.005500,0.000000,-0.000100,0.000000,58.798304,1.000000;;,
   16160;16;0.999990,-0.000001,-0.000000,0.000000,-0.000000,-0.008154,0.999967,0.000000,-0.000001,-0.999957,-0.008154,0.000000,-0.000100,0.000000,58.782778,1.000000;;,
   16320;16;0.999990,-0.000001,-0.000000,0.000000,-0.000000,-0.011434,0.999935,0.000000,-0.000001,-0.999925,-0.011434,0.000000,-0.000100,0.000000,58.767264,1.000000;;,
   16480;16;0.999990,-0.000001,-0.000000,0.000000,-0.000000,-0.014907,0.999889,0.000000,-0.000001,-0.999879,-0.014907,0.000000,-0.000100,0.000000,58.744205,1.000000;;,
   16640;16;0.999990,-0.000001,-0.000000,0.000000,-0.000000,-0.018352,0.999832,0.000000,-0.000001,-0.999822,-0.018352,0.000000,-0.000100,0.000000,58.713632,1.000000;;,
   16800;16;0.999990,-0.000001,-0.000000,0.000000,-0.000000,-0.021763,0.999763,0.000000,-0.000001,-0.999753,-0.021763,0.000000,-0.000100,0.000000,58.683053,1.000000;;,
   16960;16;0.999990,-0.000001,-0.000000,0.000000,-0.000000,-0.025201,0.999682,0.000000,-0.000001,-0.999672,-0.025200,0.000000,-0.000100,0.000000,58.652467,1.000000;;,
   17120;16;0.999990,-0.000001,-0.000000,0.000000,-0.000000,-0.028121,0.999604,0.000000,-0.000001,-0.999595,-0.028121,0.000000,-0.000100,0.000000,58.621894,1.000000;;,
   17280;16;0.999990,-0.000001,-0.000000,0.000000,-0.000000,-0.030472,0.999536,0.000000,-0.000001,-0.999526,-0.030472,0.000000,-0.000100,0.000000,58.609728,1.000000;;,
   17440;16;0.999990,-0.000001,-0.000000,0.000000,-0.000000,-0.032425,0.999474,0.000000,-0.000001,-0.999464,-0.032425,0.000000,-0.000100,0.000000,58.615981,1.000000;;,
   17600;16;0.999990,-0.000001,-0.000000,0.000000,-0.000000,-0.034378,0.999409,0.000000,-0.000001,-0.999399,-0.034378,0.000000,-0.000100,-0.000000,58.622221,1.000000;;,
   17760;16;0.999990,-0.000001,-0.000000,0.000000,-0.000000,-0.033901,0.999425,0.000000,-0.000001,-0.999415,-0.033901,0.000000,-0.000100,0.000000,58.628467,1.000000;;,
   17920;16;0.999990,-0.000001,-0.000000,0.000000,-0.000000,-0.033425,0.999441,0.000000,-0.000001,-0.999431,-0.033424,0.000000,-0.000100,0.000000,58.634726,1.000000;;,
   18080;16;0.999990,-0.000001,-0.000000,0.000000,-0.000000,-0.032948,0.999457,0.000000,-0.000001,-0.999447,-0.032948,0.000000,-0.000100,0.000000,58.640966,1.000000;;,
   18240;16;0.999990,-0.000001,-0.000000,0.000000,-0.000000,-0.032471,0.999473,0.000000,-0.000001,-0.999463,-0.032471,0.000000,-0.000100,0.000000,58.647219,1.000000;;,
   18400;16;0.999990,-0.000001,-0.000000,0.000000,-0.000000,-0.031994,0.999488,0.000000,-0.000001,-0.999478,-0.031994,0.000000,-0.000100,0.000000,58.653472,1.000000;;,
   18560;16;0.999990,-0.000001,-0.000000,0.000000,-0.000000,-0.031518,0.999503,0.000000,-0.000001,-0.999493,-0.031517,0.000000,-0.000100,0.000000,58.659718,1.000000;;,
   18720;16;0.999990,-0.000001,-0.000000,0.000000,-0.000000,-0.031041,0.999518,0.000000,-0.000001,-0.999508,-0.031041,0.000000,-0.000100,0.000000,58.665965,1.000000;;,
   18880;16;0.999990,-0.000001,-0.000000,0.000000,-0.000000,-0.030564,0.999533,0.000000,-0.000001,-0.999523,-0.030564,0.000000,-0.000100,0.000000,58.672211,1.000000;;,
   19040;16;0.999990,-0.000001,-0.000000,0.000000,-0.000000,-0.029901,0.999553,0.000000,-0.000001,-0.999543,-0.029901,0.000000,-0.000100,0.000000,58.678458,1.000000;;,
   19200;16;0.999990,-0.000001,-0.000000,0.000000,-0.000000,-0.028679,0.999589,0.000000,-0.000001,-0.999579,-0.028679,0.000000,-0.000100,0.000000,58.684704,1.000000;;,
   19360;16;0.999990,-0.000001,-0.000000,0.000000,-0.000000,-0.027458,0.999623,0.000000,-0.000001,-0.999613,-0.027457,0.000000,-0.000100,0.000000,58.690950,1.000000;;,
   19520;16;0.999990,-0.000001,-0.000000,0.000000,-0.000000,-0.026236,0.999656,0.000000,-0.000001,-0.999646,-0.026236,0.000000,-0.000100,0.000000,58.697203,1.000000;;,
   19680;16;0.999990,-0.000001,-0.000000,0.000000,-0.000000,-0.024893,0.999690,0.000000,-0.000001,-0.999680,-0.024893,0.000000,-0.000100,0.000000,58.703450,1.000000;;,
   19840;16;0.999990,-0.000001,-0.000000,0.000000,-0.000000,-0.023428,0.999725,0.000000,-0.000001,-0.999716,-0.023428,0.000000,-0.000100,0.000000,58.709696,1.000000;;,
   20000;16;0.999990,-0.000001,-0.000000,0.000000,-0.000000,-0.021963,0.999759,0.000000,-0.000001,-0.999749,-0.021963,0.000000,-0.000100,0.000000,58.715942,1.000000;;,
   20160;16;0.999990,-0.000001,-0.000000,0.000000,-0.000000,-0.020178,0.999797,0.000000,-0.000001,-0.999787,-0.020177,0.000000,-0.000100,0.000000,58.722189,1.000000;;,
   20320;16;0.999990,-0.000001,-0.000000,0.000000,-0.000000,-0.018392,0.999831,0.000000,-0.000001,-0.999821,-0.018392,0.000000,-0.000100,0.000000,58.728442,1.000000;;,
   20480;16;0.999990,-0.000001,-0.000000,0.000000,-0.000000,-0.016632,0.999861,0.000000,-0.000001,-0.999852,-0.016632,0.000000,-0.000100,0.000000,58.734682,1.000000;;,
   20640;16;0.999990,-0.000001,-0.000000,0.000000,0.000000,-0.014898,0.999889,0.000000,-0.000001,-0.999879,-0.014898,0.000000,-0.000100,0.000000,58.742899,1.000000;;,
   20800;16;0.999990,-0.000001,-0.000000,0.000000,0.000000,-0.013164,0.999913,0.000000,-0.000001,-0.999904,-0.013164,0.000000,-0.000100,0.000000,58.756979,1.000000;;,
   20960;16;0.999990,-0.000001,-0.000000,0.000000,0.000000,-0.011521,0.999934,0.000000,-0.000001,-0.999924,-0.011521,0.000000,-0.000100,0.000000,58.771072,1.000000;;,
   21120;16;0.999990,-0.000001,-0.000000,0.000000,0.000000,-0.009879,0.999951,0.000000,-0.000001,-0.999941,-0.009879,0.000000,-0.000100,0.000000,58.785158,1.000000;;,
   21280;16;0.999990,-0.000001,-0.000000,0.000000,0.000000,-0.008346,0.999965,0.000000,-0.000001,-0.999955,-0.008346,0.000000,-0.000100,0.000000,58.799245,1.000000;;,
   21440;16;0.999990,-0.000001,-0.000000,0.000000,0.000000,-0.006923,0.999976,0.000000,-0.000001,-0.999966,-0.006923,0.000000,-0.000100,0.000000,58.813338,1.000000;;,
   21600;16;0.999990,-0.000001,-0.000000,0.000000,0.000000,-0.005500,0.999985,0.000000,-0.000001,-0.999975,-0.005500,0.000000,-0.000100,0.000000,58.827424,1.000000;;,
   21760;16;0.999990,-0.000001,-0.000000,0.000000,0.000000,-0.004635,0.999989,0.000000,-0.000001,-0.999979,-0.004635,0.000000,-0.000100,0.000000,58.841517,1.000000;;,
   21920;16;0.999990,-0.000001,-0.000000,0.000000,0.000000,-0.003769,0.999993,0.000000,-0.000001,-0.999983,-0.003769,0.000000,-0.000100,0.000000,58.855610,1.000000;;,
   22080;16;0.999990,-0.000001,-0.000000,0.000000,0.000000,-0.002904,0.999996,0.000000,-0.000001,-0.999986,-0.002903,0.000000,-0.000100,0.000000,58.857478,1.000000;;,
   22240;16;0.999990,-0.000001,-0.000000,0.000000,0.000000,-0.002347,0.999997,0.000000,-0.000001,-0.999987,-0.002347,0.000000,-0.000100,0.000000,58.847136,1.000000;;,
   22400;16;0.999990,-0.000001,-0.000000,0.000000,0.000000,-0.002718,0.999996,0.000000,-0.000001,-0.999986,-0.002718,0.000000,-0.000100,0.000000,58.836794,1.000000;;,
   22560;16;0.999990,-0.000001,-0.000000,0.000000,0.000000,-0.003089,0.999995,0.000000,-0.000001,-0.999985,-0.003089,0.000000,-0.000100,0.000000,58.826451,1.000000;;,
   22720;16;0.999990,-0.000001,-0.000000,0.000000,0.000000,-0.003460,0.999994,0.000000,-0.000001,-0.999984,-0.003460,0.000000,-0.000100,0.000000,58.816102,1.000000;;,
   22880;16;0.999990,-0.000001,-0.000000,0.000000,0.000000,-0.003831,0.999993,0.000000,-0.000001,-0.999983,-0.003831,0.000000,-0.000100,0.000000,58.805754,1.000000;;,
   23040;16;0.999990,-0.000001,-0.000000,0.000000,0.000000,-0.004202,0.999991,0.000000,-0.000001,-0.999981,-0.004202,0.000000,-0.000100,0.000000,58.795405,1.000000;;,
   23200;16;0.999990,-0.000000,-0.000000,0.000000,0.000000,-0.004573,0.999990,0.000000,-0.000000,-0.999980,-0.004573,0.000000,-0.000100,0.000000,58.785062,1.000000;;,
   23360;16;0.999990,-0.000000,-0.000000,0.000000,0.000000,-0.004944,0.999988,0.000000,-0.000000,-0.999978,-0.004944,0.000000,-0.000100,0.000000,58.774720,1.000000;;,
   23520;16;0.999990,-0.000000,-0.000000,0.000000,0.000000,-0.005314,0.999986,0.000000,-0.000000,-0.999976,-0.005314,0.000000,-0.000100,0.000000,58.764371,1.000000;;,
   23680;16;0.999990,-0.000000,-0.000000,0.000000,0.000000,-0.006875,0.999976,0.000000,-0.000000,-0.999966,-0.006875,0.000000,-0.000100,0.000000,58.754035,1.000000;;,
   23840;16;0.999990,-0.000000,-0.000000,0.000000,0.000000,-0.009796,0.999952,0.000000,-0.000000,-0.999942,-0.009796,0.000000,-0.000100,0.000000,58.743680,1.000000;;,
   24000;16;0.999990,-0.000000,-0.000000,0.000000,0.000000,-0.013235,0.999913,0.000000,-0.000000,-0.999903,-0.013234,0.000000,-0.000100,0.000000,58.733344,1.000000;;,
   24160;16;0.999990,-0.000000,-0.000000,0.000000,0.000000,-0.016646,0.999862,0.000000,-0.000000,-0.999852,-0.016646,0.000000,-0.000100,0.000000,58.722989,1.000000;;,
   24320;16;0.999990,-0.000000,-0.000000,0.000000,0.000000,-0.020091,0.999798,0.000000,-0.000000,-0.999788,-0.020091,0.000000,-0.000100,0.000000,58.697779,1.000000;;,
   24480;16;0.999990,-0.000000,-0.000000,0.000000,0.000000,-0.023563,0.999723,0.000000,-0.000000,-0.999713,-0.023563,0.000000,-0.000100,0.000000,58.667590,1.000000;;,
   24640;16;0.999990,-0.000000,-0.000000,0.000000,0.000000,-0.026843,0.999640,0.000000,-0.000000,-0.999630,-0.026842,0.000000,-0.000100,0.000000,58.637427,1.000000;;,
   24800;16;0.999990,-0.000000,-0.000000,0.000000,0.000000,-0.029496,0.999565,0.000000,-0.000000,-0.999555,-0.029495,0.000000,-0.000100,0.000000,58.607251,1.000000;;,
   24960;16;0.999990,-0.000000,-0.000000,0.000000,0.000000,-0.031225,0.999512,0.000000,-0.000000,-0.999502,-0.031224,0.000000,-0.000100,0.000000,58.577075,1.000000;;,
   25120;16;0.999990,-0.000000,-0.000000,0.000000,0.000000,-0.032953,0.999457,0.000000,-0.000000,-0.999447,-0.032953,0.000000,-0.000100,0.000000,58.575232,1.000000;;,
   25280;16;0.999990,-0.000000,-0.000000,0.000000,0.000000,-0.033601,0.999435,0.000000,-0.000000,-0.999425,-0.033601,0.000000,-0.000100,0.000000,58.582842,1.000000;;,
   25440;16;0.999990,-0.000000,-0.000000,0.000000,0.000000,-0.033169,0.999450,0.000000,-0.000000,-0.999440,-0.033169,0.000000,-0.000100,0.000000,58.590451,1.000000;;,
   25600;16;0.999990,-0.000000,-0.000000,0.000000,0.000000,-0.032737,0.999464,0.000000,-0.000000,-0.999454,-0.032737,0.000000,-0.000100,0.000000,58.598054,1.000000;;,
   25760;16;0.999990,-0.000000,-0.000000,0.000000,0.000000,-0.032305,0.999478,0.000000,-0.000000,-0.999468,-0.032304,0.000000,-0.000100,0.000000,58.605664,1.000000;;,
   25920;16;0.999990,-0.000000,-0.000000,0.000000,0.000000,-0.031873,0.999492,0.000000,-0.000000,-0.999482,-0.031872,0.000000,-0.000100,0.000000,58.613274,1.000000;;,
   26080;16;0.999990,-0.000000,-0.000000,0.000000,0.000000,-0.031441,0.999506,0.000000,-0.000000,-0.999496,-0.031440,0.000000,-0.000100,0.000000,58.620883,1.000000;;,
   26240;16;0.999990,-0.000000,-0.000000,0.000000,0.000000,-0.031008,0.999519,0.000000,-0.000000,-0.999509,-0.031008,0.000000,-0.000100,0.000000,58.628493,1.000000;;,
   26400;16;0.999990,-0.000000,-0.000000,0.000000,0.000000,-0.030576,0.999532,0.000000,-0.000000,-0.999522,-0.030576,0.000000,-0.000100,0.000000,58.636102,1.000000;;,
   26560;16;0.999990,-0.000000,-0.000000,0.000000,0.000000,-0.030144,0.999546,0.000000,-0.000000,-0.999536,-0.030144,0.000000,-0.000100,0.000000,58.643706,1.000000;;,
   26720;16;0.999990,0.000000,-0.000000,0.000000,0.000000,-0.029712,0.999559,0.000000,0.000000,-0.999549,-0.029712,0.000000,-0.000100,0.000000,58.651315,1.000000;;,
   26880;16;0.999990,0.000000,-0.000000,0.000000,0.000000,-0.028776,0.999586,0.000000,0.000000,-0.999576,-0.028776,0.000000,-0.000100,0.000000,58.658925,1.000000;;,
   27040;16;0.999990,0.000000,-0.000000,0.000000,0.000000,-0.027337,0.999626,0.000000,0.000000,-0.999617,-0.027337,0.000000,-0.000100,0.000000,58.666528,1.000000;;,
   27200;16;0.999990,0.000000,-0.000000,0.000000,0.000000,-0.025898,0.999665,0.000000,0.000000,-0.999655,-0.025898,0.000000,-0.000100,0.000000,58.674138,1.000000;;,
   27360;16;0.999990,0.000000,-0.000000,0.000000,0.000000,-0.024247,0.999706,0.000000,0.000000,-0.999696,-0.024247,0.000000,-0.000100,0.000000,58.681747,1.000000;;,
   27520;16;0.999990,0.000000,-0.000000,0.000000,0.000000,-0.022595,0.999745,0.000000,0.000000,-0.999735,-0.022595,0.000000,-0.000100,0.000000,58.689357,1.000000;;,
   27680;16;0.999990,0.000000,-0.000000,0.000000,0.000000,-0.020915,0.999781,0.000000,0.000000,-0.999771,-0.020915,0.000000,-0.000100,0.000000,58.696966,1.000000;;,
   27840;16;0.999990,0.000000,-0.000000,0.000000,0.000000,-0.019207,0.999816,0.000000,0.000000,-0.999806,-0.019207,0.000000,-0.000100,0.000000,58.705958,1.000000;;,
   28000;16;0.999990,0.000000,-0.000000,0.000000,0.000000,-0.017499,0.999847,0.000000,0.000000,-0.999837,-0.017499,0.000000,-0.000100,0.000000,58.719110,1.000000;;,
   28160;16;0.999990,0.000000,-0.000000,0.000000,0.000000,-0.016188,0.999869,0.000000,0.000000,-0.999859,-0.016188,0.000000,-0.000100,0.000000,58.732262,1.000000;;,
   28320;16;0.999990,0.000000,-0.000000,0.000000,0.000000,-0.014877,0.999889,0.000000,0.000000,-0.999879,-0.014877,0.000000,-0.000100,0.000000,58.745421,1.000000;;,
   28480;16;0.999990,0.000000,-0.000000,0.000000,0.000000,-0.013557,0.999908,0.000000,0.000000,-0.999898,-0.013557,0.000000,-0.000100,0.000000,58.758573,1.000000;;,
