xof 0303txt 0032
template Frame {
 <3d82ab46-62da-11cf-ab39-0020af71e433>
 [...]
}

template Matrix4x4 {
 <f6f23f45-7686-11cf-8f52-0040333594a3>
 array FLOAT matrix[16];
}

template FrameTransformMatrix {
 <f6f23f41-7686-11cf-8f52-0040333594a3>
 Matrix4x4 frameMatrix;
}

template AnimTicksPerSecond {
 <9e415a43-7ba6-4a73-8743-b73d47e88476>
 DWORD AnimTicksPerSecond;
}

template Animation {
 <3d82ab4f-62da-11cf-ab39-0020af71e433>
 [...]
}

template AnimationSet {
 <3d82ab50-62da-11cf-ab39-0020af71e433>
 [Animation <3d82ab4f-62da-11cf-ab39-0020af71e433>]
}

template FloatKeys {
 <10dd46a9-775b-11cf-8f52-0040333594a3>
 DWORD nValues;
 array FLOAT values[nValues];
}

template TimedFloatKeys {
 <f406b180-7b3b-11cf-8f52-0040333594a3>
 DWORD time;
 FloatKeys tfkeys;
}

template AnimationKey {
 <10dd46a8-775b-11cf-8f52-0040333594a3>
 DWORD keyType;
 DWORD nKeys;
 array TimedFloatKeys keys[nKeys];
}


Frame ARM_fox_framework {
 

 FrameTransformMatrix {
  -0.003937,0.000000,-0.000000,0.000000,-0.000000,-0.000000,0.003937,0.000000,-0.000000,0.003937,0.000000,0.000000,0.000000,0.000000,0.000000,1.000000;;
 }

 Frame _0__-com {
  

  FrameTransformMatrix {
   0.743147,0.589342,0.316875,0.000000,0.340712,-0.740856,0.578833,0.000000,0.575889,-0.322195,-0.751361,0.000000,61.020506,-4.393100,56.778003,1.000000;;
  }

  Frame _1___body {
   

   FrameTransformMatrix {
    -0.000029,0.000017,1.000000,0.000000,0.866018,0.500011,0.000017,0.000000,-0.500012,0.866018,-0.000029,0.000000,-0.000084,0.000164,-13.043058,1.000000;;
   }

   Frame _3___chest {
    

    FrameTransformMatrix {
     0.761734,0.031629,-0.647115,0.000000,0.185039,0.946585,0.264080,0.000000,0.620902,-0.320900,0.715193,0.000000,21.256494,-0.172104,-0.280203,1.000000;;
    }

    Frame _7__-neck1 {
     

     FrameTransformMatrix {
      0.827154,-0.146880,-0.542440,0.000000,0.203027,0.978151,0.044732,0.000000,0.524018,-0.147130,0.838902,0.000000,-0.012802,0.002296,31.664899,1.000000;;
     }

     Frame _11__-claviclel {
      

      FrameTransformMatrix {
       -0.836686,0.055297,-0.544885,0.000000,-0.483779,-0.540998,0.687954,0.000000,-0.256740,0.839205,0.479396,0.000000,1.257702,3.487900,-5.995398,1.000000;;
      }

      Frame _16___arm1l {
       

       FrameTransformMatrix {
        0.760473,-0.533269,-0.370547,0.000000,-0.119586,-0.675874,0.727251,0.000000,-0.638264,-0.508742,-0.577755,0.000000,0.000170,-0.000450,9.104744,1.000000;;
       }

       Frame _21___arm2l {
        

        FrameTransformMatrix {
         -0.223012,-0.000000,0.974815,0.000000,0.000000,1.000000,0.000000,0.000000,-0.974816,0.000000,-0.223012,0.000000,0.000156,0.000175,23.361115,1.000000;;
        }

        Frame _24___hand1l {
         

         FrameTransformMatrix {
          0.675387,-0.413394,-0.610703,0.000000,0.592108,0.797625,0.114898,0.000000,0.439614,-0.439203,0.783480,0.000000,0.000181,0.000969,21.384266,1.000000;;
         }

         Frame _26___hand2l {
          

          FrameTransformMatrix {
           0.271292,-0.007231,-0.962470,0.000000,-0.083522,0.996023,-0.031026,0.000000,0.958866,0.088805,0.269609,0.000000,0.000233,0.000328,7.660839,1.000000;;
          }

          Frame _26___hand2l_end {
           

           FrameTransformMatrix {
            1.000000,-0.000000,-0.000000,0.000000,0.000000,1.000000,-0.000000,0.000000,0.000000,-0.000000,1.000000,0.000000,-0.000002,-0.000011,1.000038,1.000000;;
           }
          }
         }
        }
       }
      }
     }

     Frame _12__-clavicler {
      

      FrameTransformMatrix {
       -0.811109,-0.285973,-0.510217,0.000000,0.527541,-0.734407,-0.427020,0.000000,-0.252591,-0.615520,0.746547,0.000000,2.465597,-4.555000,-4.785595,1.000000;;
      }

      Frame _17___arm1r {
       

       FrameTransformMatrix {
        -0.080307,0.737561,-0.670485,0.000000,-0.661568,-0.542579,-0.517620,0.000000,-0.745571,0.402004,0.531522,0.000000,-0.000084,0.000526,9.105049,1.000000;;
       }

       Frame _22___arm2r {
        

        FrameTransformMatrix {
         -0.142715,-0.000000,0.989764,0.000000,0.000000,1.000000,0.000000,0.000000,-0.989764,0.000000,-0.142715,0.000000,-0.001034,0.000359,23.360760,1.000000;;
        }

        Frame _25___hand1r {
         

         FrameTransformMatrix {
          0.756291,0.298629,-0.582103,0.000000,-0.460653,0.874869,-0.149676,0.000000,0.464566,0.381346,0.799220,0.000000,-0.000364,-0.000191,21.383768,1.000000;;
         }

         Frame _27___hand2r {
          

          FrameTransformMatrix {
           0.797539,-0.391245,0.459193,0.000000,0.341132,0.920279,0.191614,0.000000,-0.497554,0.003825,0.867425,0.000000,-0.000231,0.000011,7.661484,1.000000;;
          }

          Frame _27___hand2r_end {
           

           FrameTransformMatrix {
            1.000000,0.000000,0.000000,0.000000,0.000000,1.000000,-0.000000,0.000000,0.000000,-0.000000,1.000000,0.000000,0.000001,0.000004,1.000046,1.000000;;
           }
          }
         }
        }
       }
      }
     }

     Frame _13__-neck2 {
      

      FrameTransformMatrix {
       0.897643,-0.087724,0.431905,0.000000,-0.004417,0.978151,0.207850,0.000000,-0.440701,-0.188483,0.877643,0.000000,-0.010204,0.000992,19.365206,1.000000;;
      }

      Frame _18___head {
       

       FrameTransformMatrix {
        -0.235972,-0.308587,0.921462,0.000000,0.209879,0.909676,0.358387,0.000000,-0.948824,0.277965,-0.149892,0.000000,-0.000193,0.000595,14.319910,1.000000;;
       }

       Frame _23___head2 {
        

        FrameTransformMatrix {
         -0.079021,0.000000,-0.996873,0.000000,0.000000,1.000000,0.000000,0.000000,0.996873,-0.000000,-0.079021,0.000000,12.307211,0.000000,-1.642693,1.000000;;
        }

        Frame _23___head2_end {
         

         FrameTransformMatrix {
          1.000000,0.000000,0.000000,0.000000,0.000000,1.000000,0.000000,0.000000,0.000000,-0.000000,1.000000,0.000000,0.000000,0.000000,0.999966,1.000000;;
         }
        }
       }
      }
     }
    }
   }

   Frame _4___leg1l {
    

    FrameTransformMatrix {
     -0.377082,-0.122000,0.918109,0.000000,0.307122,-0.951669,-0.000319,0.000000,0.873776,0.281852,0.396327,0.000000,0.000349,9.282090,-0.000023,1.000000;;
    }

    Frame _8___leg2l {
     

     FrameTransformMatrix {
      -0.205039,0.000000,0.978754,0.000000,-0.000000,1.000000,-0.000000,0.000000,-0.978754,-0.000000,-0.205039,0.000000,-0.000233,-0.000420,18.581165,1.000000;;
     }

     Frame _14___leg3l {
      

      FrameTransformMatrix {
       0.035589,0.000000,-0.999367,0.000000,0.000000,1.000000,0.000000,0.000000,0.999366,-0.000000,0.035589,0.000000,0.000778,-0.000992,24.786011,1.000000;;
      }

      Frame _19__-footl {
       

       FrameTransformMatrix {
        0.494669,0.106717,0.862505,0.000000,0.261524,0.928154,-0.264830,0.000000,-0.828799,0.356569,0.431220,0.000000,0.000317,0.000107,14.706410,1.000000;;
       }

       Frame _19__-footl_end {
        

        FrameTransformMatrix {
         1.000000,-0.000000,0.000000,0.000000,0.000000,1.000000,0.000000,0.000000,-0.000000,0.000000,1.000000,0.000000,0.000008,0.000008,0.999998,1.000000;;
        }
       }
      }
     }
    }
   }

   Frame _5___leg1r {
    

    FrameTransformMatrix {
     0.268877,-0.268271,0.925060,0.000000,-0.284479,-0.939698,-0.189830,0.000000,0.920204,-0.212120,-0.328981,0.000000,-0.000385,-9.282074,-0.000072,1.000000;;
    }

    Frame _9___leg2r {
     

     FrameTransformMatrix {
      0.837775,0.000000,0.546014,0.000000,0.000000,1.000000,0.000000,0.000000,-0.546015,0.000000,0.837775,0.000000,0.000380,-0.000320,18.581294,1.000000;;
     }

     Frame _15___leg3r {
      

      FrameTransformMatrix {
       0.885187,-0.000000,-0.465235,0.000000,-0.000000,1.000000,0.000000,0.000000,0.465235,-0.000000,0.885187,0.000000,-0.000233,-0.000282,24.788822,1.000000;;
      }

      Frame _20__-footr {
       

       FrameTransformMatrix {
        0.659710,0.019795,0.751260,0.000000,-0.116260,0.990307,0.075998,0.000000,-0.742473,-0.137479,0.655616,0.000000,-0.000414,0.000542,14.706262,1.000000;;
       }

       Frame _20__-footr_end {
        

        FrameTransformMatrix {
         1.000000,0.000000,0.000000,0.000000,-0.000000,1.000000,-0.000000,0.000000,0.000000,0.000000,1.000000,0.000000,-0.000000,0.000000,1.000000,1.000000;;
        }
       }
      }
     }
    }
   }

   Frame _6___tail1 {
    

    FrameTransformMatrix {
     0.800418,0.299956,0.518997,0.000000,-0.224752,0.952810,-0.204059,0.000000,-0.555714,0.046687,0.830062,0.000000,-7.321400,1.475395,2.555399,1.000000;;
    }

    Frame _10___tail2 {
     

     FrameTransformMatrix {
      0.823640,0.000350,-0.567113,0.000000,0.265985,0.882951,0.386845,0.000000,0.500868,-0.469465,0.727141,0.000000,-0.020996,0.000008,41.608202,1.000000;;
     }

     Frame _10___tail2_end {
      

      FrameTransformMatrix {
       1.000000,-0.000000,-0.000000,0.000000,0.000000,1.000000,-0.000000,0.000000,0.000000,0.000000,1.000000,0.000000,0.000000,-0.000008,0.999950,1.000000;;
      }
     }
    }
   }
  }

  Frame _2__-footsteps {
   

   FrameTransformMatrix {
    0.589341,-0.740856,-0.322195,0.000000,0.316875,0.578833,-0.751361,0.000000,0.743147,0.340712,0.575889,0.000000,-17.976997,-32.838784,42.622688,1.000000;;
   }

   Frame _2__-footsteps_end {
    

    FrameTransformMatrix {
     1.000000,-0.000000,0.000000,0.000000,0.000000,1.000000,0.000000,0.000000,-0.000000,0.000000,1.000000,0.000000,0.000000,0.000000,1.000000,1.000000;;
    }
   }
  }
 }
}

AnimTicksPerSecond  {
 4800;
}

AnimationSet Dummy {
 

 Animation {
  
  { ARM_fox_framework }

  AnimationKey  {
   4;
   2;
   0;16;-0.003937,0.000000,-0.000000,0.000000,-0.000000,-0.000000,0.003937,0.000000,-0.000000,0.003937,0.000000,0.000000,0.000000,0.000000,0.000000,1.000000;;,
   29440;16;-0.003937,0.000000,-0.000000,0.000000,-0.000000,-0.000000,0.003937,0.000000,-0.000000,0.003937,0.000000,0.000000,0.000000,0.000000,0.000000,1.000000;;;
  }
 }

 Animation {
  
  { _0__-com }

  AnimationKey  {
   4;
   185;
   0;16;0.743147,0.589342,0.316875,0.000000,0.340712,-0.740856,0.578833,0.000000,0.575889,-0.322195,-0.751361,0.000000,61.020506,-4.393100,56.778003,1.000000;;,
   160;16;0.759937,0.577789,0.297752,0.000000,0.323122,-0.733278,0.598244,0.000000,0.563994,-0.358417,-0.743941,0.000000,64.108666,-3.999059,55.700339,1.000000;;,
   320;16;0.796238,0.547775,0.256805,0.000000,0.283947,-0.713196,0.640879,0.000000,0.534210,-0.437373,-0.723413,0.000000,70.820845,-3.268150,53.298755,1.000000;;,
   480;16;0.835437,0.508140,0.209380,0.000000,0.241519,-0.681668,0.690650,0.000000,0.493675,-0.526425,-0.692216,0.000000,78.346963,-2.649531,50.511069,1.000000;;,
   640;16;0.869013,0.465951,0.166456,0.000000,0.204644,-0.644766,0.736476,0.000000,0.450487,-0.605944,-0.655664,0.000000,84.940122,-2.693323,47.916438,1.000000;;,
   800;16;0.894864,0.426380,0.131981,0.000000,0.175358,-0.607772,0.774508,0.000000,0.410449,-0.669936,-0.618643,0.000000,89.916608,-4.050614,45.735386,1.000000;;,
   960;16;0.918381,0.382689,0.100631,0.000000,0.147189,-0.566446,0.810848,0.000000,0.367305,-0.729856,-0.576541,0.000000,94.297389,-7.687759,43.591229,1.000000;;,
   1120;16;0.939065,0.336082,0.072161,0.000000,0.122315,-0.522893,0.843577,0.000000,0.321243,-0.783347,-0.532138,0.000000,98.573318,-11.308958,41.547933,1.000000;;,
   1280;16;0.956845,0.286847,0.046560,0.000000,0.100593,-0.477253,0.872989,0.000000,0.272636,-0.830632,-0.485512,0.000000,102.853133,-14.627584,39.581616,1.000000;;,
   1440;16;0.971638,0.235267,0.023884,0.000000,0.081998,-0.429926,0.899133,0.000000,0.221805,-0.871673,-0.437024,0.000000,107.133798,-17.666544,37.690624,1.000000;;,
   1600;16;0.983362,0.181611,0.004249,0.000000,0.066506,-0.381677,0.921900,0.000000,0.169049,-0.906279,-0.387404,0.000000,111.300595,-20.758293,35.895616,1.000000;;,
   1760;16;0.991895,0.126610,-0.010790,0.000000,0.053352,-0.337895,0.939670,0.000000,0.115325,-0.932630,-0.341911,0.000000,115.183002,-23.761499,34.305683,1.000000;;,
   1920;16;0.997289,0.069816,-0.023255,0.000000,0.042848,-0.294012,0.954841,0.000000,0.059826,-0.953249,-0.296207,0.000000,118.978227,-26.770586,32.814682,1.000000;;,
   2080;16;0.999382,0.012087,-0.033039,0.000000,0.035020,-0.252142,0.967056,0.000000,0.003358,-0.967615,-0.252409,0.000000,122.610662,-29.746973,31.456784,1.000000;;,
   2240;16;0.998196,-0.044627,-0.040190,0.000000,0.029630,-0.216143,0.975912,0.000000,-0.052239,-0.975342,-0.214431,0.000000,125.962086,-32.582035,30.262160,1.000000;;,
   2400;16;0.994238,-0.097324,-0.044935,0.000000,0.025592,-0.191556,0.981148,0.000000,-0.104096,-0.976645,-0.187962,0.000000,128.871718,-35.097104,29.257002,1.000000;;,
   2560;16;0.988606,-0.142884,-0.047363,0.000000,0.021559,-0.177004,0.983974,0.000000,-0.148977,-0.973784,-0.171906,0.000000,131.262157,-37.192666,28.449485,1.000000;;,
   2720;16;0.981794,-0.183798,-0.047964,0.000000,0.016938,-0.166787,0.985848,0.000000,-0.189196,-0.968712,-0.160637,0.000000,133.273510,-39.009286,27.805117,1.000000;;,
   2880;16;0.973637,-0.223148,-0.047295,0.000000,0.010914,-0.161531,0.986807,0.000000,-0.227844,-0.961308,-0.154837,0.000000,135.013312,-40.637379,27.279958,1.000000;;,
   3040;16;0.963456,-0.263897,-0.045950,0.000000,0.003372,-0.159579,0.987179,0.000000,-0.267846,-0.951259,-0.152858,0.000000,136.623514,-42.190067,26.814643,1.000000;;,
   3200;16;0.950074,-0.308832,-0.044544,0.000000,-0.004766,-0.157104,0.987571,0.000000,-0.311991,-0.938052,-0.150732,0.000000,138.280704,-43.803200,26.334402,1.000000;;,
   3360;16;0.931668,-0.360727,-0.043273,0.000000,-0.016670,-0.161425,0.986744,0.000000,-0.362930,-0.918597,-0.156408,0.000000,140.077184,-45.577149,25.741798,1.000000;;,
   3520;16;0.908491,-0.415684,-0.043038,0.000000,-0.031812,-0.171475,0.984675,0.000000,-0.416694,-0.893199,-0.169007,0.000000,141.811200,-47.338502,25.176850,1.000000;;,
   3680;16;0.881802,-0.469529,-0.044374,0.000000,-0.047573,-0.182162,0.982117,0.000000,-0.469216,-0.863922,-0.182968,0.000000,143.378061,-48.960294,24.783035,1.000000;;,
   3840;16;0.852789,-0.520098,-0.047432,0.000000,-0.062050,-0.191080,0.979611,0.000000,-0.518557,-0.832459,-0.195223,0.000000,144.735245,-50.387069,24.598974,1.000000;;,
   4000;16;0.822032,-0.567064,-0.052004,0.000000,-0.074841,-0.198119,0.977317,0.000000,-0.564504,-0.799493,-0.205300,0.000000,145.902528,-51.634957,24.558445,1.000000;;,
   4160;16;0.789562,-0.610853,-0.058754,0.000000,-0.085745,-0.204617,0.975079,0.000000,-0.607652,-0.764848,-0.213935,0.000000,146.783002,-52.621274,24.549152,1.000000;;,
   4320;16;0.756610,-0.650613,-0.065157,0.000000,-0.093850,-0.206672,0.973899,0.000000,-0.647098,-0.730746,-0.217430,0.000000,147.488141,-53.417424,24.539853,1.000000;;,
   4480;16;0.721930,-0.688296,-0.071192,0.000000,-0.099300,-0.204869,0.973739,0.000000,-0.684806,-0.695902,-0.216249,0.000000,148.066829,-53.986342,24.564904,1.000000;;,
   4640;16;0.685508,-0.723984,-0.076988,0.000000,-0.099926,-0.198300,0.975034,0.000000,-0.721176,-0.660701,-0.208282,0.000000,148.518298,-54.322483,24.723846,1.000000;;,
   4800;16;0.648978,-0.756276,-0.082920,0.000000,-0.090805,-0.185206,0.978496,0.000000,-0.755370,-0.627492,-0.188869,0.000000,148.792371,-54.451853,25.181418,1.000000;;,
   4960;16;0.623350,-0.777003,-0.087763,0.000000,-0.059867,-0.159331,0.985408,0.000000,-0.779649,-0.609000,-0.145835,0.000000,148.804621,-54.891974,26.259485,1.000000;;,
   5120;16;0.603497,-0.792213,-0.090500,0.000000,0.003154,-0.111127,0.993802,0.000000,-0.797360,-0.600042,-0.064566,0.000000,148.816806,-55.668544,27.785034,1.000000;;,
   5280;16;0.587954,-0.803822,-0.090453,0.000000,0.101764,-0.037430,0.994104,0.000000,-0.802468,-0.593693,0.059793,0.000000,148.671168,-56.707821,29.775514,1.000000;;,
   5440;16;0.575624,-0.812980,-0.087876,0.000000,0.220229,0.050637,0.974133,0.000000,-0.787500,-0.580087,0.208190,0.000000,148.258931,-57.891040,32.109958,1.000000;;,
   5600;16;0.565894,-0.820198,-0.083913,0.000000,0.324904,0.128304,0.937003,0.000000,-0.757762,-0.557508,0.339092,0.000000,147.520602,-59.054502,34.528998,1.000000;;,
   5760;16;0.560856,-0.824005,-0.080358,0.000000,0.413202,0.194487,0.889628,0.000000,-0.717429,-0.532158,0.449560,0.000000,146.459738,-59.858234,36.599514,1.000000;;,
   5920;16;0.561590,-0.823678,-0.078566,0.000000,0.498533,0.261056,0.826628,0.000000,-0.660366,-0.503393,0.557238,0.000000,144.968141,-60.465754,38.540566,1.000000;;,
   6080;16;0.565618,-0.820912,-0.078621,0.000000,0.565882,0.317005,0.761108,0.000000,-0.599880,-0.474987,0.643843,0.000000,142.866099,-61.218253,40.719242,1.000000;;,
   6240;16;0.570246,-0.817582,-0.079875,0.000000,0.608213,0.354848,0.710042,0.000000,-0.552175,-0.453480,0.699615,0.000000,140.084813,-62.406861,43.435862,1.000000;;,
   6400;16;0.572624,-0.815821,-0.080866,0.000000,0.623739,0.369530,0.688765,0.000000,-0.532026,-0.444843,0.720461,0.000000,136.666509,-64.272691,46.924003,1.000000;;,
   6560;16;0.572524,-0.815921,-0.080560,0.000000,0.621362,0.367690,0.691891,0.000000,-0.534907,-0.446182,0.717494,0.000000,132.209690,-67.201997,51.864704,1.000000;;,
   6720;16;0.572432,-0.816021,-0.080200,0.000000,0.611050,0.359325,0.705339,0.000000,-0.546754,-0.452765,0.704319,0.000000,126.825126,-70.895981,57.730611,1.000000;;,
   6880;16;0.572285,-0.816121,-0.080232,0.000000,0.590813,0.342477,0.730513,0.000000,-0.568710,-0.465464,0.678170,0.000000,121.120627,-74.850515,63.529741,1.000000;;,
   7040;16;0.572529,-0.815887,-0.080877,0.000000,0.559637,0.316800,0.765796,0.000000,-0.599181,-0.483702,0.637977,0.000000,115.396557,-78.800192,68.877421,1.000000;;,
   7200;16;0.574113,-0.814646,-0.082139,0.000000,0.518042,0.283723,0.806929,0.000000,-0.634057,-0.505820,0.584910,0.000000,109.645939,-82.718470,73.996218,1.000000;;,
   7360;16;0.576721,-0.812621,-0.083919,0.000000,0.457297,0.235999,0.857429,0.000000,-0.676960,-0.532873,0.507715,0.000000,103.784096,-86.714080,78.526541,1.000000;;,
   7520;16;0.579273,-0.810581,-0.086037,0.000000,0.379961,0.175129,0.908273,0.000000,-0.721161,-0.558828,0.409437,0.000000,98.736198,-90.193619,80.844653,1.000000;;,
   7680;16;0.582262,-0.808162,-0.088579,0.000000,0.281838,0.098450,0.954398,0.000000,-0.762588,-0.580674,0.285094,0.000000,94.572960,-93.111923,80.818138,1.000000;;,
   7840;16;0.586269,-0.804950,-0.091356,0.000000,0.160818,0.005114,0.986971,0.000000,-0.793995,-0.593322,0.132448,0.000000,91.290483,-95.471482,78.443942,1.000000;;,
   8000;16;0.591967,-0.800476,-0.093890,0.000000,0.018330,-0.103092,0.994503,0.000000,-0.805755,-0.590434,-0.046355,0.000000,88.810349,-97.322637,73.848390,1.000000;;,
   8160;16;0.597847,-0.796049,-0.094270,0.000000,-0.108115,-0.196599,0.974505,0.000000,-0.794287,-0.572413,-0.203601,0.000000,86.619194,-98.987245,68.825363,1.000000;;,
   8320;16;0.603909,-0.791554,-0.093477,0.000000,-0.229930,-0.285303,0.930449,0.000000,-0.763169,-0.540413,-0.354299,0.000000,84.434240,-100.654688,63.875283,1.000000;;,
   8480;16;0.609873,-0.787163,-0.091819,0.000000,-0.341359,-0.365486,0.865965,0.000000,-0.715214,-0.496785,-0.491605,0.000000,82.413139,-102.219699,58.667738,1.000000;;,
   8640;16;0.614746,-0.783580,-0.089952,0.000000,-0.425660,-0.425614,0.798540,0.000000,-0.664004,-0.452611,-0.595183,0.000000,80.598010,-103.642598,53.317373,1.000000;;,
   8800;16;0.616839,-0.782052,-0.088908,0.000000,-0.460108,-0.449924,0.765421,0.000000,-0.638601,-0.431234,-0.637360,0.000000,78.915507,-104.949491,48.384003,1.000000;;,
   8960;16;0.617233,-0.781732,-0.088992,0.000000,-0.459519,-0.449994,0.765734,0.000000,-0.638645,-0.431743,-0.636972,0.000000,77.383891,-106.118790,44.246570,1.000000;;,
   9120;16;0.617627,-0.781411,-0.089077,0.000000,-0.457015,-0.448767,0.767949,0.000000,-0.640058,-0.433596,-0.634288,0.000000,76.016749,-107.157056,40.511107,1.000000;;,
   9280;16;0.618012,-0.781090,-0.089223,0.000000,-0.451050,-0.445236,0.773510,0.000000,-0.643907,-0.437795,-0.627472,0.000000,74.699130,-108.144474,36.965696,1.000000;;,
   9440;16;0.618384,-0.780769,-0.089463,0.000000,-0.440708,-0.438780,0.783102,0.000000,-0.650676,-0.444830,-0.615425,0.000000,73.317325,-109.162829,33.385082,1.000000;;,
   9600;16;0.618741,-0.780447,-0.089798,0.000000,-0.425703,-0.429158,0.796619,0.000000,-0.660256,-0.454673,-0.597776,0.000000,71.758912,-110.295706,29.530704,1.000000;;,
   9760;16;0.618385,-0.780595,-0.090956,0.000000,-0.398339,-0.411105,0.819951,0.000000,-0.677442,-0.470814,-0.565162,0.000000,70.012109,-111.622656,24.177485,1.000000;;,
   9920;16;0.616885,-0.781614,-0.092378,0.000000,-0.352829,-0.379550,0.855251,0.000000,-0.703538,-0.494998,-0.509914,0.000000,68.112032,-113.047667,18.521739,1.000000;;,
   10080;16;0.615775,-0.782389,-0.093225,0.000000,-0.291703,-0.336279,0.895447,0.000000,-0.731937,-0.524200,-0.435298,0.000000,66.027232,-114.472486,14.536314,1.000000;;,
   10240;16;0.616088,-0.782099,-0.093581,0.000000,-0.222116,-0.286484,0.931983,0.000000,-0.755712,-0.553398,-0.350216,0.000000,63.846150,-115.858509,12.953288,1.000000;;,
   10400;16;0.618345,-0.780213,-0.094439,0.000000,-0.156402,-0.239926,0.958109,0.000000,-0.770188,-0.577671,-0.270384,0.000000,61.777075,-117.226931,13.264030,1.000000;;,
   10560;16;0.619983,-0.778816,-0.095224,0.000000,-0.074097,-0.178938,0.981066,0.000000,-0.781109,-0.601188,-0.168647,0.000000,59.484781,-118.545779,15.938589,1.000000;;,
   10720;16;0.618268,-0.780626,-0.091484,0.000000,0.062722,-0.067022,0.995778,0.000000,-0.783462,-0.621396,0.007525,0.000000,56.186086,-119.648230,21.486291,1.000000;;,
   10880;16;0.622693,-0.777118,-0.091333,0.000000,0.290905,0.121564,0.948998,0.000000,-0.726381,-0.617503,0.301765,0.000000,51.365955,-120.574426,39.173770,1.000000;;,
   11040;16;0.635212,-0.765680,-0.101200,0.000000,0.571609,0.377950,0.728298,0.000000,-0.519394,-0.520470,0.677748,0.000000,44.995811,-121.327603,74.647379,1.000000;;,
   11200;16;0.649648,-0.749654,-0.126404,0.000000,0.752598,0.610658,0.246362,0.000000,-0.107497,-0.255179,0.960900,0.000000,37.533536,-121.874355,129.933197,1.000000;;,
   11360;16;0.654552,-0.749521,-0.098905,0.000000,0.745927,0.661568,-0.076949,0.000000,0.123107,-0.023409,0.992118,0.000000,32.801750,-122.028634,167.265062,1.000000;;,
   11520;16;0.660451,-0.749387,-0.047176,0.000000,0.721093,0.650524,-0.238420,0.000000,0.209357,0.123446,0.970016,0.000000,30.155933,-121.098675,187.056691,1.000000;;,
   11680;16;0.664116,-0.747602,0.006560,0.000000,0.711891,0.629664,-0.311023,0.000000,0.228391,0.211225,0.950380,0.000000,28.857046,-118.786317,196.378496,1.000000;;,
   11840;16;0.666574,-0.743512,0.053580,0.000000,0.710583,0.612039,-0.347104,0.000000,0.225283,0.269444,0.936295,0.000000,28.230726,-115.524070,200.855539,1.000000;;,
   12000;16;0.668120,-0.737460,0.098835,0.000000,0.711839,0.594866,-0.373389,0.000000,0.216566,0.319824,0.922395,0.000000,27.667302,-112.475405,204.667622,1.000000;;,
   12160;16;0.670955,-0.727775,0.141999,0.000000,0.710497,0.576209,-0.403952,0.000000,0.212166,0.371924,0.903692,0.000000,26.857677,-110.347738,210.047091,1.000000;;,
   12320;16;0.672373,-0.717505,0.181938,0.000000,0.711706,0.559093,-0.425311,0.000000,0.203442,0.415454,0.886573,0.000000,26.147669,-108.414285,214.619213,1.000000;;,
   12480;16;0.672434,-0.706256,0.221441,0.000000,0.715378,0.543390,-0.439274,0.000000,0.189912,0.453797,0.870634,0.000000,25.486589,-106.522054,218.643968,1.000000;;,
   12640;16;0.671015,-0.693236,0.262990,0.000000,0.721238,0.528044,-0.448314,0.000000,0.171918,0.490504,0.854313,0.000000,24.819992,-104.523603,222.447411,1.000000;;,
   12800;16;0.667857,-0.677220,0.308774,0.000000,0.728880,0.511111,-0.455522,0.000000,0.150671,0.529283,0.834961,0.000000,24.089701,-102.277101,226.421811,1.000000;;,
   12960;16;0.663230,-0.655671,0.360865,0.000000,0.738051,0.493022,-0.460664,0.000000,0.124130,0.571862,0.810905,0.000000,23.254190,-99.654298,230.822400,1.000000;;,
   13120;16;0.655185,-0.630245,0.416562,0.000000,0.749791,0.475007,-0.460631,0.000000,0.092441,0.614133,0.783770,0.000000,22.373304,-96.793434,235.178496,1.000000;;,
   13280;16;0.643331,-0.602753,0.472033,0.000000,0.763325,0.457625,-0.455976,0.000000,0.058827,0.653658,0.754501,0.000000,21.494182,-93.843206,239.181542,1.000000;;,
   13440;16;0.628248,-0.574186,0.524991,0.000000,0.777607,0.441616,-0.447551,0.000000,0.025133,0.689410,0.723936,0.000000,20.643894,-90.898925,242.700774,1.000000;;,
   13600;16;0.610701,-0.544584,0.574868,0.000000,0.791821,0.427314,-0.436375,0.000000,-0.008007,0.721687,0.692174,0.000000,19.829454,-88.002630,245.783373,1.000000;;,
   13760;16;0.591820,-0.512608,0.622080,0.000000,0.804990,0.415791,-0.423212,0.000000,-0.041714,0.751233,0.658718,0.000000,19.045426,-85.074598,248.212838,1.000000;;,
   13920;16;0.571797,-0.479408,0.665746,0.000000,0.817227,0.404099,-0.410907,0.000000,-0.072035,0.779021,0.622847,0.000000,18.281029,-82.135200,250.144128,1.000000;;,
   14080;16;0.550475,-0.445135,0.706282,0.000000,0.828879,0.392425,-0.398700,0.000000,-0.099687,0.804896,0.584983,0.000000,17.531286,-79.187155,251.681203,1.000000;;,
   14240;16;0.528018,-0.409938,0.743740,0.000000,0.840016,0.380796,-0.386480,0.000000,-0.124780,0.828822,0.545422,0.000000,16.796272,-76.230131,252.822758,1.000000;;,
   14400;16;0.505038,-0.373953,0.777880,0.000000,0.850501,0.369042,-0.374776,0.000000,-0.146921,0.850864,0.504427,0.000000,16.081126,-73.260806,253.462246,1.000000;;,
   14560;16;0.485551,-0.336705,0.806766,0.000000,0.859136,0.354418,-0.369153,0.000000,-0.161637,0.872364,0.461363,0.000000,15.388227,-70.291680,253.347482,1.000000;;,
   14720;16;0.467185,-0.297364,0.832655,0.000000,0.867462,0.336315,-0.366608,0.000000,-0.171018,0.893570,0.415074,0.000000,14.691702,-67.255302,253.232614,1.000000;;,
   14880;16;0.451224,-0.256567,0.854735,0.000000,0.875131,0.314782,-0.367503,0.000000,-0.174766,0.913831,0.366567,0.000000,14.004080,-64.190336,252.590950,1.000000;;,
   15040;16;0.439423,-0.215778,0.871980,0.000000,0.881383,0.290965,-0.372161,0.000000,-0.173411,0.932084,0.318040,0.000000,13.346295,-61.195827,251.300787,1.000000;;,
   15200;16;0.434049,-0.177318,0.883268,0.000000,0.885001,0.267250,-0.381249,0.000000,-0.168451,0.947173,0.272926,0.000000,12.747700,-58.431104,249.646003,1.000000;;,
   15360;16;0.433577,-0.140070,0.890165,0.000000,0.886445,0.243834,-0.393397,0.000000,-0.161949,0.959649,0.229885,0.000000,12.237180,-56.052973,247.977882,1.000000;;,
   15520;16;0.434510,-0.103671,0.894681,0.000000,0.887451,0.218825,-0.405643,0.000000,-0.153725,0.970242,0.187084,0.000000,11.787666,-53.924486,246.170342,1.000000;;,
   15680;16;0.436448,-0.071100,0.896917,0.000000,0.888219,0.192996,-0.416916,0.000000,-0.143459,0.978621,0.147385,0.000000,11.365668,-51.889034,243.975501,1.000000;;,
   15840;16;0.438935,-0.044415,0.897421,0.000000,0.888904,0.167189,-0.426495,0.000000,-0.131096,0.984925,0.112865,0.000000,10.935984,-49.787667,241.226496,1.000000;;,
   16000;16;0.441372,-0.024726,0.896984,0.000000,0.889686,0.142210,-0.433861,0.000000,-0.116832,0.989528,0.084766,0.000000,10.461702,-47.459107,237.837619,1.000000;;,
   16160;16;0.432663,-0.054069,0.899934,0.000000,0.891642,0.173291,-0.418265,0.000000,-0.133335,0.983386,0.123186,0.000000,9.916481,-44.767382,233.576422,1.000000;;,
   16320;16;0.472837,0.063765,0.878840,0.000000,0.879181,0.032501,-0.475379,0.000000,-0.058875,0.997436,-0.040694,0.000000,9.336842,-41.879763,228.496998,1.000000;;,
   16480;16;0.490906,0.133236,0.860965,0.000000,0.870679,-0.040446,-0.490185,0.000000,-0.030488,0.990259,-0.135861,0.000000,8.752131,-38.955584,222.888371,1.000000;;,
   16640;16;0.485392,0.118762,0.866194,0.000000,0.872648,-0.004984,-0.488325,0.000000,-0.053678,0.992911,-0.106056,0.000000,8.180121,-36.089536,216.964915,1.000000;;,
   16800;16;0.495583,0.142230,0.856837,0.000000,0.866918,-0.020350,-0.498036,0.000000,-0.053399,0.989625,-0.133387,0.000000,7.626994,-33.311648,210.866394,1.000000;;,
   16960;16;0.516244,0.178016,0.837737,0.000000,0.856037,-0.077180,-0.511121,0.000000,-0.026331,0.980997,-0.192232,0.000000,7.084647,-30.578765,204.223923,1.000000;;,
   17120;16;0.537955,0.211159,0.816099,0.000000,0.842974,-0.134146,-0.520961,0.000000,-0.000529,0.968204,-0.250166,0.000000,6.547204,-27.892058,197.363750,1.000000;;,
   17280;16;0.558908,0.240171,0.793688,0.000000,0.828982,-0.185245,-0.527706,0.000000,0.020287,0.952892,-0.302633,0.000000,6.013462,-25.239526,190.338163,1.000000;;,
   17440;16;0.579180,0.265241,0.770843,0.000000,0.814371,-0.230895,-0.532435,0.000000,0.036760,0.936128,-0.349734,0.000000,5.483498,-22.620851,183.142362,1.000000;;,
   17600;16;0.600283,0.288172,0.746069,0.000000,0.798050,-0.277280,-0.535006,0.000000,0.052697,0.916556,-0.396422,0.000000,4.958674,-20.047426,175.714611,1.000000;;,
   17760;16;0.622426,0.308362,0.719375,0.000000,0.779678,-0.324706,-0.535415,0.000000,0.068484,0.894137,-0.442528,0.000000,4.436455,-17.550928,168.235277,1.000000;;,
   17920;16;0.645016,0.327066,0.690640,0.000000,0.759592,-0.373187,-0.532683,0.000000,0.083515,0.868194,-0.489149,0.000000,3.903538,-15.040886,160.565197,1.000000;;,
   18080;16;0.667572,0.343934,0.660348,0.000000,0.738105,-0.422120,-0.526324,0.000000,0.097725,0.838764,-0.535654,0.000000,3.367512,-12.560083,152.782579,1.000000;;,
   18240;16;0.689220,0.358426,0.629689,0.000000,0.716043,-0.469749,-0.516351,0.000000,0.110722,0.806764,-0.580409,0.000000,2.844587,-10.188998,145.173619,1.000000;;,
   18400;16;0.708853,0.369821,0.600634,0.000000,0.694704,-0.513472,-0.503718,0.000000,0.122123,0.774325,-0.620893,0.000000,2.359600,-8.045800,138.232806,1.000000;;,
   18560;16;0.725800,0.377595,0.575011,0.000000,0.675252,-0.550658,-0.490725,0.000000,0.131339,0.744446,-0.654639,0.000000,1.919296,-6.131292,132.307750,1.000000;;,
   18720;16;0.740721,0.383663,0.551486,0.000000,0.657346,-0.583345,-0.477080,0.000000,0.138669,0.715900,-0.684295,0.000000,1.506689,-4.367600,127.014387,1.000000;;,
   18880;16;0.754567,0.388889,0.528578,0.000000,0.639958,-0.614310,-0.461603,0.000000,0.145199,0.686578,-0.712411,0.000000,1.120520,-2.777664,122.065677,1.000000;;,
   19040;16;0.768267,0.393802,0.504666,0.000000,0.621925,-0.645871,-0.442786,0.000000,0.151579,0.654042,-0.741117,0.000000,0.755437,-1.355058,117.142618,1.000000;;,
   19200;16;0.782726,0.398601,0.477974,0.000000,0.601976,-0.679856,-0.418832,0.000000,0.158006,0.615560,-0.772089,0.000000,0.402000,-0.064000,111.894413,1.000000;;,
   19360;16;0.798859,0.402015,0.447447,0.000000,0.578615,-0.716884,-0.388949,0.000000,0.164405,0.569615,-0.805302,0.000000,-0.005762,1.219356,106.068461,1.000000;;,
   19520;16;0.815405,0.404163,0.414450,0.000000,0.553304,-0.754628,-0.352692,0.000000,0.170210,0.516904,-0.838952,0.000000,-0.396877,2.310017,100.048083,1.000000;;,
   19680;16;0.831617,0.405089,0.379891,0.000000,0.526949,-0.791540,-0.309499,0.000000,0.175324,0.457567,-0.871720,0.000000,-0.660876,2.991259,94.128499,1.000000;;,
   19840;16;0.847121,0.404534,0.344587,0.000000,0.500106,-0.826143,-0.259578,0.000000,0.179670,0.392224,-0.902153,0.000000,-0.768632,3.183486,88.474746,1.000000;;,
   20000;16;0.861878,0.401936,0.309219,0.000000,0.472907,-0.857194,-0.203906,0.000000,0.183103,0.321973,-0.928874,0.000000,-0.772361,2.944226,83.121690,1.000000;;,
   20160;16;0.876650,0.395517,0.273957,0.000000,0.443112,-0.885554,-0.139447,0.000000,0.187450,0.243640,-0.951579,0.000000,-0.773894,2.251456,78.082330,1.000000;;,
   20320;16;0.891182,0.385707,0.238800,0.000000,0.411580,-0.908830,-0.068051,0.000000,0.190781,0.158931,-0.968682,0.000000,-0.774411,1.480866,73.188179,1.000000;;,
   20480;16;0.905531,0.372155,0.203752,0.000000,0.378203,-0.925670,0.009907,0.000000,0.192294,0.068088,-0.978973,0.000000,-0.740663,0.584493,68.354726,1.000000;;,
   20640;16;0.919606,0.354581,0.169110,0.000000,0.343041,-0.934588,0.094170,0.000000,0.191439,-0.028588,-0.981089,0.000000,-0.647300,-0.448195,63.581152,1.000000;;,
   20800;16;0.933220,0.332780,0.135501,0.000000,0.306238,-0.933908,0.184485,0.000000,0.187938,-0.130669,-0.973451,0.000000,-0.476874,-1.590303,58.950298,1.000000;;,
   20960;16;0.945723,0.307124,0.106230,0.000000,0.269053,-0.923298,0.274101,0.000000,0.182265,-0.230642,-0.955816,0.000000,-0.330255,-2.097180,54.718867,1.000000;;,
   21120;16;0.957217,0.278230,0.079536,0.000000,0.231890,-0.901937,0.364330,0.000000,0.173104,-0.330299,-0.927868,0.000000,-0.210781,-2.277406,50.645190,1.000000;;,
   21280;16;0.967500,0.246583,0.056063,0.000000,0.195347,-0.869579,0.453512,0.000000,0.160579,-0.427821,-0.889486,0.000000,-0.109081,-2.327743,46.814086,1.000000;;,
   21440;16;0.976160,0.213936,0.036667,0.000000,0.161329,-0.828126,0.536824,0.000000,0.145211,-0.518111,-0.842898,0.000000,-0.031480,-2.350593,43.346339,1.000000;;,
   21600;16;0.982791,0.183356,0.022428,0.000000,0.132299,-0.783408,0.607263,0.000000,0.128916,-0.593846,-0.794185,0.000000,-0.000000,-2.354000,40.398800,1.000000;;,
   21760;16;0.987556,0.156705,0.013346,0.000000,0.108581,-0.740740,0.662959,0.000000,0.113775,-0.653260,-0.748537,0.000000,-0.001560,-2.162729,38.010966,1.000000;;,
   21920;16;0.991116,0.132822,0.007057,0.000000,0.088606,-0.698885,0.709724,0.000000,0.099199,-0.702794,-0.704445,0.000000,-0.005375,-1.669052,36.045779,1.000000;;,
   22080;16;0.993795,0.111199,0.002862,0.000000,0.071483,-0.658141,0.749493,0.000000,0.085227,-0.744638,-0.662006,0.000000,-0.010598,-0.947537,34.422070,1.000000;;,
   22240;16;0.995860,0.090909,0.000126,0.000000,0.056281,-0.617616,0.784464,0.000000,0.071393,-0.781209,-0.620175,0.000000,-0.016226,-0.102959,33.010966,1.000000;;,
   22400;16;0.997504,0.070607,-0.001711,0.000000,0.042118,-0.575236,0.816902,0.000000,0.056695,-0.814935,-0.576774,0.000000,-0.021100,0.729700,31.635904,1.000000;;,
   22560;16;0.998773,0.049483,-0.002326,0.000000,0.028197,-0.529290,0.847972,0.000000,0.040729,-0.846997,-0.530036,0.000000,-0.025126,1.555772,30.247533,1.000000;;,
   22720;16;0.999563,0.029514,-0.001989,0.000000,0.016024,-0.483704,0.875085,0.000000,0.024865,-0.874735,-0.483966,0.000000,-0.029010,2.469110,29.037520,1.000000;;,
   22880;16;0.999930,0.011868,-0.001055,0.000000,0.006190,-0.441777,0.897104,0.000000,0.010181,-0.897047,-0.441820,0.000000,-0.032517,3.424594,28.048547,1.000000;;,
   23040;16;0.999997,-0.002898,0.000139,0.000000,-0.001302,-0.405572,0.914062,0.000000,-0.002593,-0.914059,-0.405574,0.000000,-0.035552,4.391390,27.284938,1.000000;;,
   23200;16;0.999890,-0.014843,0.001269,0.000000,-0.006752,-0.375632,0.926744,0.000000,-0.013279,-0.926651,-0.375691,0.000000,-0.038158,5.352946,26.712662,1.000000;;,
   23360;16;0.999735,-0.022983,0.001897,0.000000,-0.009926,-0.354613,0.934961,0.000000,-0.020816,-0.934731,-0.354747,0.000000,-0.040117,6.344178,26.464491,1.000000;;,
   23520;16;0.999544,-0.030099,0.002580,0.000000,-0.012533,-0.335482,0.941963,0.000000,-0.027486,-0.941566,-0.335707,0.000000,-0.041683,7.353694,26.393088,1.000000;;,
   23680;16;0.999320,-0.036730,0.003433,0.000000,-0.014907,-0.316941,0.948328,0.000000,-0.033744,-0.947734,-0.317273,0.000000,-0.042962,8.376880,26.380602,1.000000;;,
   23840;16;0.999072,-0.042855,0.004416,0.000000,-0.017046,-0.299087,0.954074,0.000000,-0.039566,-0.953264,-0.299540,0.000000,-0.043953,9.413828,26.391621,1.000000;;,
   24000;16;0.998839,-0.047884,0.005333,0.000000,-0.018708,-0.283457,0.958802,0.000000,-0.044399,-0.957789,-0.284024,0.000000,-0.044544,10.469358,26.473142,1.000000;;,
   24160;16;0.998643,-0.051737,0.006139,0.000000,-0.019920,-0.270291,0.962573,0.000000,-0.048141,-0.961388,-0.270955,0.000000,-0.044669,11.544353,26.671429,1.000000;;,
   24320;16;0.998452,-0.055199,0.006910,0.000000,-0.020957,-0.258171,0.965872,0.000000,-0.051531,-0.964522,-0.258928,0.000000,-0.044565,12.654659,26.956029,1.000000;;,
   24480;16;0.998291,-0.057953,0.007576,0.000000,-0.021728,-0.247671,0.968601,0.000000,-0.054257,-0.967110,-0.248507,0.000000,-0.044187,13.788869,27.331811,1.000000;;,
   24640;16;0.998183,-0.059732,0.008078,0.000000,-0.022171,-0.239210,0.970715,0.000000,-0.056050,-0.969130,-0.240100,0.000000,-0.043564,14.910418,27.776656,1.000000;;,
   24800;16;0.998145,-0.060319,0.008374,0.000000,-0.022239,-0.233039,0.972213,0.000000,-0.056692,-0.970596,-0.233948,0.000000,-0.042800,15.957602,28.241504,1.000000;;,
   24960;16;0.998145,-0.060283,0.008544,0.000000,-0.022036,-0.226868,0.973676,0.000000,-0.056757,-0.972059,-0.227776,0.000000,-0.042031,16.864395,28.667840,1.000000;;,
   25120;16;0.998151,-0.060176,0.008662,0.000000,-0.022073,-0.225939,0.973891,0.000000,-0.056648,-0.972282,-0.226850,0.000000,-0.041190,17.683613,29.090595,1.000000;;,
   25280;16;0.998164,-0.059943,0.008718,0.000000,-0.022122,-0.226761,0.973699,0.000000,-0.056389,-0.972105,-0.227671,0.000000,-0.040210,18.478986,29.546691,1.000000;;,
   25440;16;0.998188,-0.059549,0.008710,0.000000,-0.022072,-0.227586,0.973508,0.000000,-0.055989,-0.971936,-0.228488,0.000000,-0.039051,19.312954,30.064826,1.000000;;,
   25600;16;0.998222,-0.058986,0.008647,0.000000,-0.021928,-0.228412,0.973318,0.000000,-0.055437,-0.971777,-0.229300,0.000000,-0.037700,20.246701,30.665504,1.000000;;,
   25760;16;0.998294,-0.057783,0.008476,0.000000,-0.021531,-0.229247,0.973130,0.000000,-0.054288,-0.971652,-0.230100,0.000000,-0.036059,21.334109,31.383168,1.000000;;,
   25920;16;0.998412,-0.055745,0.008176,0.000000,-0.020815,-0.230092,0.972946,0.000000,-0.052356,-0.971572,-0.230887,0.000000,-0.034159,22.514349,32.199613,1.000000;;,
   26080;16;0.998552,-0.053232,0.007803,0.000000,-0.019913,-0.230942,0.972764,0.000000,-0.049980,-0.971511,-0.231668,0.000000,-0.032140,23.724848,33.072426,1.000000;;,
   26240;16;0.998698,-0.050492,0.007388,0.000000,-0.018914,-0.231793,0.972581,0.000000,-0.047396,-0.971455,-0.232446,0.000000,-0.030089,24.926158,33.974093,1.000000;;,
   26400;16;0.998840,-0.047659,0.006941,0.000000,-0.017857,-0.232644,0.972398,0.000000,-0.044729,-0.971394,-0.233225,0.000000,-0.028044,26.101968,34.892048,1.000000;;,
   26560;16;0.998994,-0.044398,0.006392,0.000000,-0.016598,-0.233497,0.972216,0.000000,-0.041672,-0.971344,-0.233999,0.000000,-0.025918,27.281194,35.862048,1.000000;;,
   26720;16;0.999142,-0.041022,0.005831,0.000000,-0.015295,-0.234349,0.972032,0.000000,-0.038508,-0.971287,-0.234775,0.000000,-0.023795,28.460323,36.830541,1.000000;;,
   26880;16;0.999281,-0.037556,0.005266,0.000000,-0.013961,-0.235199,0.971847,0.000000,-0.035260,-0.971222,-0.235555,0.000000,-0.021684,29.638896,37.790528,1.000000;;,
   27040;16;0.999412,-0.033997,0.004697,0.000000,-0.012596,-0.236047,0.971660,0.000000,-0.031925,-0.971147,-0.236337,0.000000,-0.019587,30.816941,38.742509,1.000000;;,
   27200;16;0.999533,-0.030306,0.004115,0.000000,-0.011182,-0.236894,0.971471,0.000000,-0.028467,-0.971064,-0.237122,0.000000,-0.017489,31.994979,39.694490,1.000000;;,
   27360;16;0.999638,-0.026703,0.003565,0.000000,-0.009814,-0.237736,0.971280,0.000000,-0.025088,-0.970963,-0.237912,0.000000,-0.015391,33.173021,40.646470,1.000000;;,
   27520;16;0.999730,-0.023073,0.003023,0.000000,-0.008475,-0.240032,0.970728,0.000000,-0.021672,-0.970492,-0.240163,0.000000,-0.013193,34.380438,41.626294,1.000000;;,
   27680;16;0.999808,-0.019463,0.002496,0.000000,-0.007149,-0.242809,0.970048,0.000000,-0.018274,-0.969880,-0.242902,0.000000,-0.010952,35.600109,42.617734,1.000000;;,
   27840;16;0.999870,-0.016032,0.002006,0.000000,-0.005883,-0.245580,0.969358,0.000000,-0.015048,-0.969244,-0.245643,0.000000,-0.008812,36.790410,43.581328,1.000000;;,
   28000;16;0.999914,-0.013052,0.001591,0.000000,-0.004783,-0.248346,0.968660,0.000000,-0.012248,-0.968584,-0.248387,0.000000,-0.007000,37.885203,44.454400,1.000000;;,
   28160;16;0.999944,-0.010595,0.001257,0.000000,-0.003842,-0.247618,0.968850,0.000000,-0.009953,-0.968801,-0.247645,0.000000,-0.005599,38.821715,45.194205,1.000000;;,
   28320;16;0.999964,-0.008473,0.000972,0.000000,-0.003034,-0.246888,0.969039,0.000000,-0.007970,-0.969008,-0.246905,0.000000,-0.004450,39.656189,45.849722,1.000000;;,
   28480;16;0.999978,-0.006663,0.000731,0.000000,-0.002349,-0.246156,0.969227,0.000000,-0.006278,-0.969208,-0.246167,0.000000,-0.003517,40.450605,46.457168,1.000000;;,
