xof 0303txt 0032
template Frame {
 <3d82ab46-62da-11cf-ab39-0020af71e433>
 [...]
}

template Matrix4x4 {
 <f6f23f45-7686-11cf-8f52-0040333594a3>
 array FLOAT matrix[16];
}

template FrameTransformMatrix {
 <f6f23f41-7686-11cf-8f52-0040333594a3>
 Matrix4x4 frameMatrix;
}

template AnimTicksPerSecond {
 <9e415a43-7ba6-4a73-8743-b73d47e88476>
 DWORD AnimTicksPerSecond;
}

template Animation {
 <3d82ab4f-62da-11cf-ab39-0020af71e433>
 [...]
}

template AnimationSet {
 <3d82ab50-62da-11cf-ab39-0020af71e433>
 [Animation <3d82ab4f-62da-11cf-ab39-0020af71e433>]
}

template FloatKeys {
 <10dd46a9-775b-11cf-8f52-0040333594a3>
 DWORD nValues;
 array FLOAT values[nValues];
}

template TimedFloatKeys {
 <f406b180-7b3b-11cf-8f52-0040333594a3>
 DWORD time;
 FloatKeys tfkeys;
}

template AnimationKey {
 <10dd46a8-775b-11cf-8f52-0040333594a3>
 DWORD keyType;
 DWORD nKeys;
 array TimedFloatKeys keys[nKeys];
}


Frame ARM_fox_framework {
 

 FrameTransformMatrix {
  -0.003937,0.000000,-0.000000,0.000000,-0.000000,-0.000000,0.003937,0.000000,-0.000000,0.003937,0.000000,0.000000,0.000000,0.000000,0.000000,1.000000;;
 }

 Frame _0__-com {
  

  FrameTransformMatrix {
   0.259710,0.032034,0.965155,0.000000,0.897289,-0.377448,-0.228920,0.000000,0.356963,0.925476,-0.126771,0.000000,19.229403,4.098101,12.776101,1.000000;;
  }

  Frame _1___body {
   

   FrameTransformMatrix {
    -0.000000,0.000000,1.000000,0.000000,1.000000,-0.000000,0.000000,0.000000,0.000000,1.000000,0.000000,0.000000,0.000071,-0.000538,-13.042686,1.000000;;
   }

   Frame _3___chest {
    

    FrameTransformMatrix {
     -0.687994,-0.270982,-0.673228,0.000000,-0.247803,0.959634,-0.133025,0.000000,0.682100,0.075307,-0.727372,0.000000,21.292995,0.006804,-0.325501,1.000000;;
    }

    Frame _7__-neck1 {
     

     FrameTransformMatrix {
      0.401484,-0.044684,-0.914775,0.000000,0.394786,0.909696,0.128830,0.000000,0.826411,-0.412864,0.382869,0.000000,-0.006201,0.000702,31.670592,1.000000;;
     }

     Frame _11__-claviclel {
      

      FrameTransformMatrix {
       -0.265038,0.522871,-0.810162,0.000000,-0.957071,-0.244906,0.155039,0.000000,-0.117348,0.816473,0.565334,0.000000,4.341900,2.470100,-4.983301,1.000000;;
      }

      Frame _16___arm1l {
       

       FrameTransformMatrix {
        0.787908,-0.485397,-0.378935,0.000000,0.323719,-0.196980,0.925422,0.000000,-0.523839,-0.851815,0.001931,0.000000,0.000071,0.000225,9.104758,1.000000;;
       }

       Frame _21___arm2l {
        

        FrameTransformMatrix {
         0.136865,0.000000,0.990588,0.000000,0.000000,1.000000,0.000000,0.000000,-0.990588,-0.000000,0.136865,0.000000,0.000012,-0.000956,23.360416,1.000000;;
        }

        Frame _24___hand1l {
         

         FrameTransformMatrix {
          0.934630,-0.223753,-0.276413,0.000000,0.107660,0.918810,-0.379739,0.000000,0.338938,0.325156,0.882836,0.000000,0.000584,-0.000750,21.384098,1.000000;;
         }

         Frame _26___hand2l {
          

          FrameTransformMatrix {
           0.518762,-0.048418,-0.853539,0.000000,-0.230582,0.953470,-0.194229,0.000000,0.823228,0.297569,0.483460,0.000000,0.000250,0.000041,7.661077,1.000000;;
          }

          Frame _26___hand2l_end {
           

           FrameTransformMatrix {
            1.000000,0.000000,-0.000000,0.000000,0.000000,1.000000,0.000000,0.000000,-0.000000,0.000000,1.000000,0.000000,-0.000002,0.000000,1.000039,1.000000;;
           }
          }
         }
        }
       }
      }
     }

     Frame _12__-clavicler {
      

      FrameTransformMatrix {
       -0.241224,-0.934053,-0.263354,0.000000,0.969828,-0.222153,-0.100409,0.000000,0.035282,-0.279630,0.959460,0.000000,4.708992,-5.010000,-1.588700,1.000000;;
      }

      Frame _17___arm1r {
       

       FrameTransformMatrix {
        0.594307,0.315953,-0.739576,0.000000,-0.735228,-0.159250,-0.658847,0.000000,-0.325942,0.935315,0.137654,0.000000,0.000161,0.000237,9.104953,1.000000;;
       }

       Frame _22___arm2r {
        

        FrameTransformMatrix {
         0.478632,0.000000,0.878016,0.000000,0.000000,1.000000,-0.000000,0.000000,-0.878016,0.000000,0.478632,0.000000,0.000495,0.001081,23.361350,1.000000;;
        }

        Frame _25___hand1r {
         

         FrameTransformMatrix {
          0.881163,0.012444,-0.472656,0.000000,-0.074339,0.990867,-0.112503,0.000000,0.466939,0.134271,0.874041,0.000000,0.000232,-0.000491,21.384430,1.000000;;
         }

         Frame _27___hand2r {
          

          FrameTransformMatrix {
           0.884384,0.130334,-0.448190,0.000000,-0.177691,0.981932,-0.065079,0.000000,0.431610,0.137195,0.891564,0.000000,0.000055,0.000312,7.660890,1.000000;;
          }

          Frame _27___hand2r_end {
           

           FrameTransformMatrix {
            1.000000,0.000000,-0.000000,0.000000,-0.000000,1.000000,0.000000,0.000000,-0.000000,0.000000,1.000000,0.000000,0.000000,0.000000,1.000038,1.000000;;
           }
          }
         }
        }
       }
      }
     }

     Frame _13__-neck2 {
      

      FrameTransformMatrix {
       0.948330,0.056150,-0.312277,0.000000,-0.195024,0.879496,-0.434111,0.000000,0.250271,0.472582,0.845004,0.000000,-0.011318,-0.000234,19.373470,1.000000;;
      }

      Frame _18___head {
       

       FrameTransformMatrix {
        0.551283,-0.450327,0.702348,0.000000,0.353729,0.888574,0.292083,0.000000,-0.755621,0.087420,0.649149,0.000000,-0.000271,-0.000383,14.319723,1.000000;;
       }

       Frame _23___head2 {
        

        FrameTransformMatrix {
         0.060459,-0.000000,-0.998171,0.000000,0.000000,1.000000,-0.000000,0.000000,0.998170,-0.000000,0.060459,0.000000,12.306402,0.000002,-1.642597,1.000000;;
        }

        Frame _23___head2_end {
         

         FrameTransformMatrix {
          1.000000,0.000000,-0.000000,0.000000,0.000000,1.000000,0.000000,0.000000,0.000000,-0.000000,1.000000,0.000000,-0.000004,0.000000,0.999966,1.000000;;
         }
        }
       }
      }
     }
    }
   }

   Frame _4___leg1l {
    

    FrameTransformMatrix {
     0.798691,0.329061,-0.503797,0.000000,0.474234,-0.859568,0.190386,0.000000,-0.370399,-0.390978,-0.842581,0.000000,-0.000177,9.281761,-0.000125,1.000000;;
    }

    Frame _8___leg2l {
     

     FrameTransformMatrix {
      0.374629,0.000000,0.927175,0.000000,-0.000000,1.000000,0.000000,0.000000,-0.927175,0.000000,0.374629,0.000000,-0.000871,0.000343,18.581752,1.000000;;
     }

     Frame _14___leg3l {
      

      FrameTransformMatrix {
       0.761417,-0.000000,-0.648262,0.000000,0.000000,1.000000,-0.000000,0.000000,0.648262,0.000000,0.761417,0.000000,0.000013,0.000248,24.787654,1.000000;;
      }

      Frame _19__-footl {
       

       FrameTransformMatrix {
        0.774982,0.230095,0.588607,0.000000,-0.163899,0.972676,-0.164437,0.000000,-0.610360,0.030964,0.791518,0.000000,-0.000154,-0.000557,14.705915,1.000000;;
       }

       Frame _19__-footl_end {
        

        FrameTransformMatrix {
         1.000000,-0.000000,-0.000000,0.000000,-0.000000,1.000000,0.000000,0.000000,0.000000,0.000000,1.000000,0.000000,-0.000002,0.000002,0.999992,1.000000;;
        }
       }
      }
     }
    }
   }

   Frame _5___leg1r {
    

    FrameTransformMatrix {
     0.854053,0.105101,-0.509457,0.000000,0.214238,-0.963519,0.160375,0.000000,-0.474017,-0.246114,-0.845413,0.000000,0.000139,-9.281777,0.000029,1.000000;;
    }

    Frame _9___leg2r {
     

     FrameTransformMatrix {
      0.178829,-0.000000,0.983880,0.000000,0.000000,1.000000,0.000000,0.000000,-0.983880,0.000000,0.178829,0.000000,-0.000419,0.000322,18.581670,1.000000;;
     }

     Frame _15___leg3r {
      

      FrameTransformMatrix {
       0.873671,-0.000000,-0.486518,0.000000,0.000000,1.000000,-0.000000,0.000000,0.486518,0.000000,0.873671,0.000000,-0.000183,-0.000521,24.786229,1.000000;;
      }

      Frame _20__-footr {
       

       FrameTransformMatrix {
        0.879849,-0.068851,0.470240,0.000000,-0.068959,0.960484,0.269658,0.000000,-0.470224,-0.269686,0.840332,0.000000,-0.000704,0.000482,14.705971,1.000000;;
       }

       Frame _20__-footr_end {
        

        FrameTransformMatrix {
         1.000000,0.000000,-0.000000,0.000000,-0.000000,1.000000,0.000000,0.000000,0.000000,0.000000,1.000000,0.000000,0.000000,0.000000,0.999996,1.000000;;
        }
       }
      }
     }
    }
   }

   Frame _6___tail1 {
    

    FrameTransformMatrix {
     -0.039810,0.112870,0.992812,0.000000,-0.287887,0.950171,-0.119567,0.000000,-0.956837,-0.290578,-0.005333,0.000000,-7.293606,-0.003773,2.937329,1.000000;;
    }

    Frame _10___tail2 {
     

     FrameTransformMatrix {
      0.646518,-0.051157,0.761181,0.000000,-0.079448,0.987809,0.133868,0.000000,-0.758750,-0.147022,0.634572,0.000000,-0.017506,0.001770,41.576726,1.000000;;
     }

     Frame _10___tail2_end {
      

      FrameTransformMatrix {
       1.000000,0.000000,0.000000,0.000000,-0.000000,1.000000,0.000000,0.000000,-0.000000,-0.000000,1.000000,0.000000,0.000004,0.000000,0.999953,1.000000;;
      }
     }
    }
   }
  }

  Frame _2__-footsteps {
   

   FrameTransformMatrix {
    0.032033,-0.377449,0.925477,0.000000,0.965155,-0.228921,-0.126770,0.000000,0.259710,0.897290,0.356963,0.000000,-14.995301,3.556501,1.968600,1.000000;;
   }

   Frame _2__-footsteps_end {
    

    FrameTransformMatrix {
     1.000000,0.000000,-0.000000,0.000000,-0.000000,1.000000,-0.000000,0.000000,-0.000000,-0.000000,1.000000,0.000000,-0.000000,-0.000000,0.999998,1.000000;;
    }
   }
  }
 }
}

AnimTicksPerSecond  {
 4800;
}

AnimationSet Dummy {
 

 Animation {
  
  { ARM_fox_framework }

  AnimationKey  {
   4;
   2;
   0;16;-0.003937,0.000000,-0.000000,0.000000,-0.000000,-0.000000,0.003937,0.000000,-0.000000,0.003937,0.000000,0.000000,0.000000,0.000000,0.000000,1.000000;;,
   64000;16;-0.003937,0.000000,-0.000000,0.000000,-0.000000,-0.000000,0.003937,0.000000,-0.000000,0.003937,0.000000,0.000000,0.000000,0.000000,0.000000,1.000000;;;
  }
 }

 Animation {
  
  { _0__-com }

  AnimationKey  {
   4;
   388;
   0;16;0.259710,0.032034,0.965155,0.000000,0.897289,-0.377448,-0.228920,0.000000,0.356963,0.925476,-0.126771,0.000000,19.229403,4.098101,12.776101,1.000000;;,
   160;16;0.259710,0.032034,0.965155,0.000000,0.897338,-0.377322,-0.228938,0.000000,0.356840,0.925528,-0.126740,0.000000,19.229403,4.098101,12.776100,1.000000;;,
   320;16;0.259710,0.032034,0.965155,0.000000,0.897387,-0.377194,-0.228955,0.000000,0.356716,0.925580,-0.126708,0.000000,19.229400,4.098101,12.776103,1.000000;;,
   480;16;0.259710,0.032034,0.965155,0.000000,0.897436,-0.377067,-0.228973,0.000000,0.356593,0.925632,-0.126677,0.000000,19.229403,4.098101,12.776103,1.000000;;,
   640;16;0.259710,0.032034,0.965155,0.000000,0.897485,-0.376939,-0.228990,0.000000,0.356470,0.925684,-0.126645,0.000000,19.229403,4.098101,12.776101,1.000000;;,
   800;16;0.259710,0.032034,0.965155,0.000000,0.897534,-0.376812,-0.229008,0.000000,0.356346,0.925736,-0.126614,0.000000,19.229403,4.098101,12.776102,1.000000;;,
   960;16;0.259710,0.032034,0.965155,0.000000,0.897584,-0.376685,-0.229025,0.000000,0.356223,0.925787,-0.126582,0.000000,19.229403,4.098101,12.776102,1.000000;;,
   1120;16;0.259710,0.032034,0.965155,0.000000,0.897633,-0.376558,-0.229042,0.000000,0.356099,0.925839,-0.126551,0.000000,19.229406,4.098101,12.776101,1.000000;;,
   1280;16;0.259710,0.032034,0.965155,0.000000,0.897681,-0.376430,-0.229060,0.000000,0.355976,0.925891,-0.126519,0.000000,19.229405,4.098101,12.776102,1.000000;;,
   1440;16;0.259710,0.032034,0.965155,0.000000,0.897730,-0.376303,-0.229077,0.000000,0.355852,0.925943,-0.126488,0.000000,19.229405,4.098102,12.776102,1.000000;;,
   1600;16;0.259710,0.032034,0.965155,0.000000,0.897779,-0.376175,-0.229095,0.000000,0.355729,0.925995,-0.126456,0.000000,19.229405,4.098101,12.776102,1.000000;;,
   1760;16;0.259710,0.032034,0.965155,0.000000,0.897828,-0.376048,-0.229112,0.000000,0.355606,0.926046,-0.126425,0.000000,19.229405,4.098101,12.776103,1.000000;;,
   1920;16;0.259710,0.032034,0.965155,0.000000,0.897877,-0.375921,-0.229129,0.000000,0.355482,0.926098,-0.126393,0.000000,19.229405,4.098101,12.776102,1.000000;;,
   2080;16;0.259710,0.032034,0.965155,0.000000,0.897926,-0.375793,-0.229147,0.000000,0.355358,0.926149,-0.126362,0.000000,19.229400,4.098100,12.776099,1.000000;;,
   2240;16;0.259710,0.032034,0.965155,0.000000,0.897974,-0.375666,-0.229164,0.000000,0.355235,0.926201,-0.126330,0.000000,19.229398,4.098100,12.776100,1.000000;;,
   2400;16;0.259710,0.032034,0.965155,0.000000,0.898023,-0.375539,-0.229181,0.000000,0.355111,0.926253,-0.126299,0.000000,19.229398,4.098100,12.776099,1.000000;;,
   2560;16;0.259710,0.032034,0.965155,0.000000,0.898072,-0.375411,-0.229199,0.000000,0.354988,0.926304,-0.126267,0.000000,19.229398,4.098100,12.776099,1.000000;;,
   2720;16;0.259710,0.032034,0.965155,0.000000,0.898121,-0.375284,-0.229216,0.000000,0.354865,0.926356,-0.126236,0.000000,19.229400,4.098101,12.776099,1.000000;;,
   2880;16;0.259710,0.032034,0.965155,0.000000,0.898170,-0.375157,-0.229234,0.000000,0.354741,0.926408,-0.126204,0.000000,19.229400,4.098101,12.776101,1.000000;;,
   3040;16;0.259710,0.032034,0.965155,0.000000,0.898219,-0.375029,-0.229251,0.000000,0.354618,0.926459,-0.126172,0.000000,19.229403,4.098101,12.776100,1.000000;;,
   3200;16;0.259710,0.032034,0.965155,0.000000,0.898268,-0.374902,-0.229268,0.000000,0.354494,0.926511,-0.126141,0.000000,19.229403,4.098101,12.776101,1.000000;;,
   3360;16;0.259710,0.032034,0.965155,0.000000,0.898316,-0.374774,-0.229285,0.000000,0.354371,0.926562,-0.126109,0.000000,19.229403,4.098100,12.776100,1.000000;;,
   3520;16;0.259710,0.032034,0.965155,0.000000,0.898365,-0.374647,-0.229303,0.000000,0.354247,0.926614,-0.126078,0.000000,19.229400,4.098101,12.776101,1.000000;;,
   3680;16;0.259710,0.032034,0.965155,0.000000,0.898414,-0.374520,-0.229320,0.000000,0.354124,0.926665,-0.126046,0.000000,19.229403,4.098101,12.776101,1.000000;;,
   3840;16;0.259710,0.032034,0.965155,0.000000,0.898462,-0.374392,-0.229337,0.000000,0.354000,0.926717,-0.126015,0.000000,19.229403,4.098101,12.776100,1.000000;;,
   4000;16;0.259710,0.032034,0.965155,0.000000,0.898511,-0.374265,-0.229355,0.000000,0.353877,0.926768,-0.125983,0.000000,19.229400,4.098101,12.776103,1.000000;;,
   4160;16;0.259710,0.032034,0.965155,0.000000,0.898560,-0.374137,-0.229372,0.000000,0.353753,0.926820,-0.125952,0.000000,19.229405,4.098101,12.776102,1.000000;;,
   4320;16;0.259710,0.032034,0.965155,0.000000,0.898608,-0.374010,-0.229390,0.000000,0.353629,0.926871,-0.125920,0.000000,19.229403,4.098101,12.776100,1.000000;;,
   4480;16;0.259710,0.032034,0.965155,0.000000,0.898657,-0.373882,-0.229407,0.000000,0.353506,0.926923,-0.125889,0.000000,19.229403,4.098101,12.776101,1.000000;;,
   4640;16;0.259710,0.032034,0.965155,0.000000,0.898720,-0.373718,-0.229429,0.000000,0.353346,0.926989,-0.125848,0.000000,19.229403,4.098101,12.776102,1.000000;;,
   4800;16;0.259710,0.032034,0.965155,0.000000,0.898825,-0.373441,-0.229467,0.000000,0.353078,0.927101,-0.125779,0.000000,19.229403,4.098101,12.776102,1.000000;;,
   4960;16;0.259710,0.032034,0.965155,0.000000,0.898931,-0.373164,-0.229504,0.000000,0.352810,0.927212,-0.125711,0.000000,19.229403,4.098101,12.776101,1.000000;;,
   5120;16;0.259710,0.032034,0.965155,0.000000,0.899036,-0.372888,-0.229542,0.000000,0.352541,0.927323,-0.125642,0.000000,19.229405,4.098101,12.776101,1.000000;;,
   5280;16;0.259710,0.032034,0.965155,0.000000,0.899141,-0.372611,-0.229579,0.000000,0.352273,0.927435,-0.125574,0.000000,19.229405,4.098101,12.776102,1.000000;;,
   5440;16;0.259710,0.032034,0.965155,0.000000,0.899246,-0.372334,-0.229617,0.000000,0.352005,0.927546,-0.125505,0.000000,19.229405,4.098101,12.776102,1.000000;;,
   5600;16;0.259710,0.032034,0.965155,0.000000,0.899351,-0.372058,-0.229654,0.000000,0.351737,0.927657,-0.125437,0.000000,19.229405,4.098101,12.776103,1.000000;;,
   5760;16;0.259710,0.032034,0.965155,0.000000,0.899456,-0.371781,-0.229692,0.000000,0.351468,0.927768,-0.125368,0.000000,19.229400,4.098100,12.776100,1.000000;;,
   5920;16;0.259710,0.032034,0.965155,0.000000,0.899561,-0.371504,-0.229729,0.000000,0.351200,0.927879,-0.125300,0.000000,19.229405,4.098101,12.776103,1.000000;;,
   6080;16;0.259710,0.032034,0.965155,0.000000,0.899665,-0.371227,-0.229766,0.000000,0.350931,0.927989,-0.125231,0.000000,19.229400,4.098101,12.776100,1.000000;;,
   6240;16;0.259710,0.032034,0.965156,0.000000,0.899770,-0.370950,-0.229804,0.000000,0.350663,0.928100,-0.125163,0.000000,19.229403,4.098101,12.776102,1.000000;;,
   6400;16;0.259710,0.032034,0.965155,0.000000,0.899874,-0.370673,-0.229841,0.000000,0.350395,0.928211,-0.125094,0.000000,19.229400,4.098100,12.776100,1.000000;;,
   6560;16;0.259710,0.032034,0.965155,0.000000,0.899979,-0.370396,-0.229878,0.000000,0.350126,0.928321,-0.125026,0.000000,19.229400,4.098101,12.776101,1.000000;;,
   6720;16;0.259710,0.032034,0.965155,0.000000,0.900083,-0.370119,-0.229916,0.000000,0.349857,0.928432,-0.124957,0.000000,19.229403,4.098101,12.776099,1.000000;;,
   6880;16;0.259710,0.032034,0.965155,0.000000,0.900209,-0.369785,-0.229961,0.000000,0.349534,0.928565,-0.124874,0.000000,19.229400,4.098101,12.776100,1.000000;;,
   7040;16;0.259710,0.032034,0.965155,0.000000,0.900356,-0.369395,-0.230013,0.000000,0.349155,0.928720,-0.124778,0.000000,19.229400,4.098101,12.776100,1.000000;;,
   7200;16;0.259710,0.032034,0.965155,0.000000,0.900503,-0.369004,-0.230066,0.000000,0.348776,0.928876,-0.124681,0.000000,19.229403,4.098101,12.776100,1.000000;;,
   7360;16;0.259710,0.032034,0.965155,0.000000,0.900650,-0.368613,-0.230118,0.000000,0.348397,0.929031,-0.124584,0.000000,19.229400,4.098101,12.776102,1.000000;;,
   7520;16;0.259710,0.032034,0.965155,0.000000,0.900796,-0.368222,-0.230170,0.000000,0.348018,0.929186,-0.124487,0.000000,19.229403,4.098101,12.776101,1.000000;;,
   7680;16;0.259710,0.032034,0.965155,0.000000,0.900943,-0.367831,-0.230223,0.000000,0.347639,0.929341,-0.124390,0.000000,19.229400,4.098100,12.776100,1.000000;;,
   7840;16;0.259710,0.032034,0.965155,0.000000,0.901089,-0.367440,-0.230275,0.000000,0.347260,0.929495,-0.124293,0.000000,19.229403,4.098101,12.776102,1.000000;;,
   8000;16;0.259710,0.032034,0.965155,0.000000,0.901235,-0.367049,-0.230327,0.000000,0.346881,0.929650,-0.124197,0.000000,19.229405,4.098101,12.776101,1.000000;;,
   8160;16;0.259710,0.032034,0.965155,0.000000,0.901381,-0.366658,-0.230380,0.000000,0.346501,0.929804,-0.124100,0.000000,19.229403,4.098101,12.776100,1.000000;;,
   8320;16;0.259710,0.032034,0.965155,0.000000,0.901526,-0.366266,-0.230432,0.000000,0.346122,0.929958,-0.124003,0.000000,19.229400,4.098101,12.776102,1.000000;;,
   8480;16;0.259710,0.032034,0.965155,0.000000,0.901668,-0.365884,-0.230483,0.000000,0.345752,0.930109,-0.123908,0.000000,19.229403,4.098101,12.776100,1.000000;;,
   8640;16;0.259710,0.032034,0.965155,0.000000,0.901807,-0.365512,-0.230532,0.000000,0.345391,0.930255,-0.123816,0.000000,19.229405,4.098101,12.776101,1.000000;;,
   8800;16;0.259710,0.032034,0.965155,0.000000,0.901945,-0.365139,-0.230582,0.000000,0.345029,0.930402,-0.123723,0.000000,19.229405,4.098101,12.776101,1.000000;;,
   8960;16;0.259710,0.032034,0.965155,0.000000,0.902084,-0.364765,-0.230631,0.000000,0.344667,0.930548,-0.123631,0.000000,19.229403,4.098101,12.776102,1.000000;;,
   9120;16;0.259710,0.032034,0.965155,0.000000,0.902222,-0.364392,-0.230681,0.000000,0.344306,0.930694,-0.123538,0.000000,19.229405,4.098101,12.776102,1.000000;;,
   9280;16;0.259710,0.032034,0.965155,0.000000,0.902360,-0.364019,-0.230730,0.000000,0.343944,0.930840,-0.123446,0.000000,19.229403,4.098101,12.776103,1.000000;;,
   9440;16;0.259710,0.032034,0.965155,0.000000,0.902498,-0.363646,-0.230780,0.000000,0.343582,0.930986,-0.123353,0.000000,19.229403,4.098101,12.776102,1.000000;;,
   9600;16;0.259710,0.032034,0.965155,0.000000,0.902635,-0.363273,-0.230829,0.000000,0.343220,0.931132,-0.123261,0.000000,19.229405,4.098101,12.776102,1.000000;;,
   9760;16;0.259710,0.032034,0.965155,0.000000,0.902773,-0.362900,-0.230879,0.000000,0.342858,0.931277,-0.123168,0.000000,19.229400,4.098100,12.776098,1.000000;;,
   9920;16;0.259710,0.032034,0.965155,0.000000,0.902910,-0.362526,-0.230928,0.000000,0.342497,0.931423,-0.123076,0.000000,19.229405,4.098101,12.776101,1.000000;;,
   10080;16;0.259710,0.032034,0.965155,0.000000,0.903067,-0.362099,-0.230985,0.000000,0.342083,0.931589,-0.122970,0.000000,19.229400,4.098101,12.776101,1.000000;;,
   10240;16;0.259710,0.032034,0.965155,0.000000,0.903243,-0.361620,-0.231048,0.000000,0.341618,0.931775,-0.122851,0.000000,19.229405,4.098101,12.776102,1.000000;;,
   10400;16;0.259710,0.032034,0.965155,0.000000,0.903419,-0.361139,-0.231111,0.000000,0.341152,0.931962,-0.122732,0.000000,19.229400,4.098100,12.776100,1.000000;;,
   10560;16;0.259710,0.032034,0.965155,0.000000,0.903595,-0.360659,-0.231174,0.000000,0.340686,0.932147,-0.122612,0.000000,19.229403,4.098101,12.776100,1.000000;;,
   10720;16;0.259710,0.032034,0.965155,0.000000,0.903770,-0.360178,-0.231238,0.000000,0.340220,0.932333,-0.122493,0.000000,19.229400,4.098100,12.776100,1.000000;;,
   10880;16;0.259710,0.032034,0.965155,0.000000,0.903946,-0.359697,-0.231301,0.000000,0.339754,0.932519,-0.122374,0.000000,19.229400,4.098100,12.776101,1.000000;;,
   11040;16;0.259710,0.032034,0.965155,0.000000,0.904121,-0.359216,-0.231364,0.000000,0.339288,0.932704,-0.122255,0.000000,19.229403,4.098101,12.776100,1.000000;;,
   11200;16;0.259710,0.032034,0.965155,0.000000,0.904295,-0.358735,-0.231427,0.000000,0.338822,0.932889,-0.122135,0.000000,19.229403,4.098101,12.776100,1.000000;;,
   11360;16;0.259710,0.032034,0.965155,0.000000,0.904470,-0.358254,-0.231490,0.000000,0.338355,0.933074,-0.122016,0.000000,19.229403,4.098101,12.776099,1.000000;;,
   11520;16;0.259710,0.032034,0.965155,0.000000,0.904650,-0.357759,-0.231554,0.000000,0.337875,0.933264,-0.121893,0.000000,19.229405,4.098101,12.776102,1.000000;;,
   11680;16;0.259710,0.032034,0.965155,0.000000,0.904830,-0.357259,-0.231620,0.000000,0.337391,0.933456,-0.121769,0.000000,19.229403,4.098101,12.776100,1.000000;;,
   11840;16;0.259710,0.032034,0.965155,0.000000,0.905011,-0.356760,-0.231685,0.000000,0.336907,0.933647,-0.121645,0.000000,19.229405,4.098101,12.776101,1.000000;;,
   12000;16;0.259710,0.032034,0.965155,0.000000,0.905191,-0.356260,-0.231750,0.000000,0.336422,0.933838,-0.121521,0.000000,19.229403,4.098101,12.776099,1.000000;;,
   12160;16;0.259710,0.032034,0.965155,0.000000,0.905371,-0.355760,-0.231815,0.000000,0.335938,0.934028,-0.121397,0.000000,19.229403,4.098101,12.776101,1.000000;;,
   12320;16;0.259710,0.032034,0.965155,0.000000,0.905551,-0.355260,-0.231880,0.000000,0.335453,0.934219,-0.121273,0.000000,19.229403,4.098101,12.776101,1.000000;;,
   12480;16;0.259710,0.032034,0.965155,0.000000,0.905730,-0.354759,-0.231945,0.000000,0.334968,0.934409,-0.121149,0.000000,19.229403,4.098101,12.776101,1.000000;;,
   12640;16;0.259710,0.032034,0.965155,0.000000,0.905909,-0.354259,-0.232010,0.000000,0.334483,0.934598,-0.121025,0.000000,19.229403,4.098101,12.776102,1.000000;;,
   12800;16;0.259710,0.032034,0.965155,0.000000,0.906088,-0.353761,-0.232074,0.000000,0.334000,0.934787,-0.120901,0.000000,19.229405,4.098101,12.776102,1.000000;;,
   12960;16;0.259710,0.032034,0.965155,0.000000,0.906266,-0.353263,-0.232138,0.000000,0.333517,0.934976,-0.120777,0.000000,19.229403,4.098101,12.776101,1.000000;;,
   13120;16;0.259710,0.032034,0.965155,0.000000,0.906443,-0.352764,-0.232203,0.000000,0.333034,0.935164,-0.120653,0.000000,19.229403,4.098101,12.776102,1.000000;;,
   13280;16;0.259710,0.032034,0.965155,0.000000,0.906621,-0.352266,-0.232267,0.000000,0.332551,0.935352,-0.120530,0.000000,19.229403,4.098101,12.776102,1.000000;;,
   13440;16;0.259710,0.032034,0.965155,0.000000,0.906798,-0.351767,-0.232332,0.000000,0.332067,0.935540,-0.120406,0.000000,19.229403,4.098101,12.776103,1.000000;;,
   13600;16;0.259710,0.032034,0.965155,0.000000,0.906975,-0.351268,-0.232396,0.000000,0.331584,0.935727,-0.120282,0.000000,19.229403,4.098101,12.776103,1.000000;;,
   13760;16;0.259710,0.032034,0.965155,0.000000,0.907151,-0.350769,-0.232460,0.000000,0.331100,0.935914,-0.120158,0.000000,19.229400,4.098100,12.776099,1.000000;;,
   13920;16;0.259710,0.032034,0.965155,0.000000,0.907330,-0.350264,-0.232524,0.000000,0.330611,0.936103,-0.120032,0.000000,19.229405,4.098101,12.776104,1.000000;;,
   14080;16;0.259710,0.032034,0.965155,0.000000,0.907508,-0.349758,-0.232590,0.000000,0.330120,0.936292,-0.119907,0.000000,19.229398,4.098101,12.776099,1.000000;;,
   14240;16;0.259710,0.032034,0.965155,0.000000,0.907687,-0.349251,-0.232654,0.000000,0.329629,0.936481,-0.119781,0.000000,19.229406,4.098101,12.776102,1.000000;;,
   14400;16;0.259710,0.032034,0.965155,0.000000,0.907865,-0.348745,-0.232719,0.000000,0.329138,0.936670,-0.119655,0.000000,19.229400,4.098100,12.776100,1.000000;;,
   14560;16;0.259710,0.032034,0.965155,0.000000,0.908043,-0.348238,-0.232784,0.000000,0.328647,0.936859,-0.119529,0.000000,19.229403,4.098100,12.776099,1.000000;;,
   14720;16;0.259710,0.032034,0.965155,0.000000,0.908221,-0.347731,-0.232848,0.000000,0.328155,0.937047,-0.119403,0.000000,19.229403,4.098101,12.776101,1.000000;;,
   14880;16;0.259710,0.032034,0.965155,0.000000,0.908398,-0.347224,-0.232913,0.000000,0.327664,0.937235,-0.119277,0.000000,19.229403,4.098100,12.776100,1.000000;;,
   15040;16;0.259710,0.032034,0.965155,0.000000,0.908576,-0.346715,-0.232978,0.000000,0.327170,0.937423,-0.119151,0.000000,19.229403,4.098100,12.776100,1.000000;;,
   15200;16;0.259710,0.032034,0.965155,0.000000,0.908755,-0.346200,-0.233043,0.000000,0.326671,0.937614,-0.119023,0.000000,19.229400,4.098100,12.776100,1.000000;;,
   15360;16;0.259710,0.032034,0.965155,0.000000,0.908935,-0.345684,-0.233108,0.000000,0.326172,0.937804,-0.118894,0.000000,19.229400,4.098101,12.776100,1.000000;;,
   15520;16;0.259710,0.032034,0.965155,0.000000,0.909114,-0.345169,-0.233174,0.000000,0.325672,0.937994,-0.118766,0.000000,19.229403,4.098101,12.776100,1.000000;;,
   15680;16;0.259710,0.032034,0.965155,0.000000,0.909293,-0.344654,-0.233239,0.000000,0.325173,0.938183,-0.118638,0.000000,19.229400,4.098101,12.776101,1.000000;;,
   15840;16;0.259710,0.032034,0.965155,0.000000,0.909471,-0.344138,-0.233304,0.000000,0.324673,0.938372,-0.118510,0.000000,19.229405,4.098101,12.776101,1.000000;;,
   16000;16;0.259710,0.032034,0.965155,0.000000,0.909650,-0.343622,-0.233369,0.000000,0.324173,0.938561,-0.118382,0.000000,19.229403,4.098101,12.776101,1.000000;;,
   16160;16;0.259710,0.032034,0.965155,0.000000,0.909828,-0.343106,-0.233434,0.000000,0.323673,0.938750,-0.118254,0.000000,19.229400,4.098101,12.776101,1.000000;;,
   16320;16;0.259710,0.032034,0.965155,0.000000,0.910012,-0.342571,-0.233502,0.000000,0.323154,0.938946,-0.118120,0.000000,19.229403,4.098101,12.776102,1.000000;;,
   16480;16;0.259710,0.032034,0.965155,0.000000,0.910198,-0.342029,-0.233570,0.000000,0.322629,0.939143,-0.117986,0.000000,19.229403,4.098101,12.776102,1.000000;;,
   16640;16;0.259710,0.032034,0.965155,0.000000,0.910384,-0.341488,-0.233638,0.000000,0.322104,0.939340,-0.117851,0.000000,19.229403,4.098101,12.776102,1.000000;;,
   16800;16;0.259710,0.032034,0.965155,0.000000,0.910570,-0.340946,-0.233706,0.000000,0.321579,0.939537,-0.117716,0.000000,19.229403,4.098100,12.776099,1.000000;;,
   16960;16;0.259710,0.032034,0.965155,0.000000,0.910755,-0.340403,-0.233774,0.000000,0.321053,0.939734,-0.117581,0.000000,19.229400,4.098101,12.776101,1.000000;;,
   17120;16;0.259710,0.032034,0.965155,0.000000,0.910940,-0.339861,-0.233842,0.000000,0.320528,0.939930,-0.117446,0.000000,19.229403,4.098100,12.776099,1.000000;;,
   17280;16;0.259710,0.032034,0.965155,0.000000,0.911125,-0.339319,-0.233909,0.000000,0.320002,0.940126,-0.117311,0.000000,19.229406,4.098101,12.776103,1.000000;;,
   17440;16;0.259710,0.032034,0.965155,0.000000,0.911311,-0.338772,-0.233977,0.000000,0.319472,0.940323,-0.117175,0.000000,19.229400,4.098100,12.776099,1.000000;;,
   17600;16;0.259710,0.032034,0.965155,0.000000,0.911502,-0.338211,-0.234047,0.000000,0.318929,0.940525,-0.117036,0.000000,19.229406,4.098101,12.776103,1.000000;;,
   17760;16;0.259710,0.032034,0.965155,0.000000,0.911692,-0.337650,-0.234117,0.000000,0.318385,0.940727,-0.116896,0.000000,19.229400,4.098100,12.776099,1.000000;;,
   17920;16;0.259710,0.032034,0.965155,0.000000,0.911881,-0.337089,-0.234186,0.000000,0.317841,0.940928,-0.116756,0.000000,19.229405,4.098102,12.776102,1.000000;;,
   18080;16;0.259710,0.032034,0.965155,0.000000,0.912071,-0.336528,-0.234256,0.000000,0.317297,0.941129,-0.116617,0.000000,19.229400,4.098100,12.776098,1.000000;;,
   18240;16;0.259710,0.032034,0.965155,0.000000,0.912260,-0.335966,-0.234326,0.000000,0.316753,0.941329,-0.116477,0.000000,19.229405,4.098101,12.776102,1.000000;;,
   18400;16;0.259710,0.032034,0.965155,0.000000,0.912448,-0.335405,-0.234395,0.000000,0.316209,0.941529,-0.116337,0.000000,19.229400,4.098101,12.776100,1.000000;;,
   18560;16;0.259710,0.032034,0.965155,0.000000,0.912637,-0.334843,-0.234464,0.000000,0.315665,0.941729,-0.116197,0.000000,19.229405,4.098101,12.776103,1.000000;;,
   18720;16;0.259710,0.032034,0.965155,0.000000,0.912828,-0.334271,-0.234535,0.000000,0.315111,0.941932,-0.116055,0.000000,19.229403,4.098100,12.776100,1.000000;;,
   18880;16;0.259710,0.032034,0.965155,0.000000,0.913021,-0.333697,-0.234606,0.000000,0.314554,0.942136,-0.115912,0.000000,19.229405,4.098102,12.776102,1.000000;;,
   19040;16;0.259710,0.032034,0.965155,0.000000,0.913212,-0.333122,-0.234676,0.000000,0.313996,0.942340,-0.115769,0.000000,19.229403,4.098101,12.776101,1.000000;;,
   19200;16;0.259710,0.032034,0.965155,0.000000,0.913404,-0.332547,-0.234747,0.000000,0.313439,0.942543,-0.115626,0.000000,19.229403,4.098100,12.776101,1.000000;;,
   19360;16;0.259710,0.032034,0.965155,0.000000,0.913595,-0.331971,-0.234818,0.000000,0.312882,0.942745,-0.115482,0.000000,19.229403,4.098101,12.776102,1.000000;;,
   19520;16;0.259710,0.032034,0.965155,0.000000,0.913786,-0.331396,-0.234888,0.000000,0.312324,0.942948,-0.115339,0.000000,19.229403,4.098101,12.776102,1.000000;;,
   19680;16;0.259710,0.032034,0.965155,0.000000,0.913976,-0.330820,-0.234958,0.000000,0.311766,0.943150,-0.115196,0.000000,19.229403,4.098101,12.776101,1.000000;;,
   19840;16;0.259710,0.032034,0.965155,0.000000,0.914166,-0.330244,-0.235029,0.000000,0.311208,0.943352,-0.115052,0.000000,19.229403,4.098101,12.776100,1.000000;;,
   20000;16;0.259710,0.032034,0.965155,0.000000,0.914357,-0.329666,-0.235099,0.000000,0.310648,0.943554,-0.114908,0.000000,19.229400,4.098101,12.776101,1.000000;;,
   20160;16;0.259710,0.032034,0.965155,0.000000,0.914547,-0.329088,-0.235169,0.000000,0.310088,0.943756,-0.114764,0.000000,19.229403,4.098101,12.776100,1.000000;;,
   20320;16;0.259710,0.032034,0.965155,0.000000,0.914737,-0.328510,-0.235240,0.000000,0.309528,0.943957,-0.114620,0.000000,19.229403,4.098101,12.776101,1.000000;;,
   20480;16;0.259710,0.032034,0.965155,0.000000,0.914926,-0.327932,-0.235310,0.000000,0.308967,0.944158,-0.114476,0.000000,19.229403,4.098101,12.776101,1.000000;;,
   20640;16;0.259710,0.032034,0.965155,0.000000,0.915115,-0.327353,-0.235380,0.000000,0.308407,0.944359,-0.114332,0.000000,19.229403,4.098101,12.776102,1.000000;;,
   20800;16;0.259710,0.032034,0.965155,0.000000,0.915304,-0.326775,-0.235450,0.000000,0.307846,0.944559,-0.114187,0.000000,19.229403,4.098101,12.776102,1.000000;;,
   20960;16;0.259710,0.032034,0.965155,0.000000,0.915489,-0.326206,-0.235519,0.000000,0.307295,0.944756,-0.114046,0.000000,19.229403,4.098101,12.776101,1.000000;;,
   21120;16;0.259710,0.032034,0.965155,0.000000,0.915674,-0.325637,-0.235587,0.000000,0.306743,0.944952,-0.113904,0.000000,19.229400,4.098100,12.776100,1.000000;;,
   21280;16;0.259710,0.032034,0.965155,0.000000,0.915859,-0.325067,-0.235656,0.000000,0.306191,0.945148,-0.113762,0.000000,19.229405,4.098101,12.776104,1.000000;;,
   21440;16;0.259710,0.032034,0.965155,0.000000,0.916043,-0.324498,-0.235725,0.000000,0.305639,0.945344,-0.113620,0.000000,19.229400,4.098100,12.776100,1.000000;;,
   21600;16;0.259710,0.032034,0.965155,0.000000,0.916227,-0.323928,-0.235793,0.000000,0.305087,0.945539,-0.113478,0.000000,19.229405,4.098101,12.776102,1.000000;;,
   21760;16;0.259710,0.032034,0.965155,0.000000,0.916411,-0.323358,-0.235861,0.000000,0.304535,0.945734,-0.113336,0.000000,19.229400,4.098101,12.776099,1.000000;;,
   21920;16;0.259710,0.032034,0.965155,0.000000,0.916594,-0.322788,-0.235929,0.000000,0.303983,0.945929,-0.113193,0.000000,19.229406,4.098101,12.776102,1.000000;;,
   22080;16;0.259710,0.032034,0.965155,0.000000,0.916774,-0.322227,-0.235997,0.000000,0.303439,0.946120,-0.113053,0.000000,19.229400,4.098101,12.776100,1.000000;;,
   22240;16;0.259710,0.032034,0.965155,0.000000,0.916951,-0.321675,-0.236062,0.000000,0.302905,0.946308,-0.112916,0.000000,19.229405,4.098102,12.776103,1.000000;;,
   22400;16;0.259710,0.032034,0.965155,0.000000,0.917128,-0.321123,-0.236128,0.000000,0.302369,0.946496,-0.112778,0.000000,19.229400,4.098101,12.776099,1.000000;;,
   22560;16;0.259710,0.032034,0.965156,0.000000,0.917304,-0.320571,-0.236194,0.000000,0.301834,0.946683,-0.112640,0.000000,19.229405,4.098101,12.776103,1.000000;;,
   22720;16;0.259710,0.032034,0.965155,0.000000,0.917480,-0.320018,-0.236260,0.000000,0.301299,0.946870,-0.112502,0.000000,19.229400,4.098100,12.776100,1.000000;;,
   22880;16;0.259710,0.032034,0.965155,0.000000,0.917656,-0.319466,-0.236325,0.000000,0.300764,0.947056,-0.112364,0.000000,19.229405,4.098101,12.776102,1.000000;;,
   23040;16;0.259710,0.032034,0.965155,0.000000,0.917831,-0.318913,-0.236391,0.000000,0.300228,0.947242,-0.112227,0.000000,19.229403,4.098100,12.776101,1.000000;;,
   23200;16;0.259710,0.032034,0.965155,0.000000,0.918006,-0.318361,-0.236456,0.000000,0.299693,0.947428,-0.112089,0.000000,19.229405,4.098101,12.776102,1.000000;;,
   23360;16;0.259710,0.032034,0.965155,0.000000,0.918175,-0.317826,-0.236520,0.000000,0.299175,0.947608,-0.111955,0.000000,19.229403,4.098101,12.776101,1.000000;;,
   23520;16;0.259710,0.032034,0.965155,0.000000,0.918344,-0.317291,-0.236583,0.000000,0.298656,0.947787,-0.111822,0.000000,19.229403,4.098101,12.776100,1.000000;;,
   23680;16;0.259710,0.032034,0.965155,0.000000,0.918512,-0.316755,-0.236646,0.000000,0.298137,0.947966,-0.111688,0.000000,19.229403,4.098101,12.776102,1.000000;;,
   23840;16;0.259710,0.032034,0.965155,0.000000,0.918681,-0.316220,-0.236709,0.000000,0.297618,0.948145,-0.111554,0.000000,19.229403,4.098101,12.776102,1.000000;;,
   24000;16;0.259710,0.032034,0.965155,0.000000,0.918849,-0.315684,-0.236772,0.000000,0.297099,0.948324,-0.111421,0.000000,19.229403,4.098101,12.776101,1.000000;;,
   24160;16;0.259710,0.032034,0.965155,0.000000,0.919016,-0.315148,-0.236835,0.000000,0.296580,0.948502,-0.111287,0.000000,19.229405,4.098100,12.776100,1.000000;;,
   24320;16;0.259710,0.032034,0.965155,0.000000,0.919183,-0.314613,-0.236897,0.000000,0.296061,0.948679,-0.111153,0.000000,19.229400,4.098101,12.776101,1.000000;;,
   24480;16;0.259710,0.032034,0.965155,0.000000,0.919347,-0.314087,-0.236959,0.000000,0.295552,0.948854,-0.111022,0.000000,19.229405,4.098101,12.776102,1.000000;;,
   24640;16;0.259710,0.032034,0.965155,0.000000,0.919507,-0.313572,-0.237019,0.000000,0.295053,0.949024,-0.110893,0.000000,19.229400,4.098101,12.776101,1.000000;;,
   24800;16;0.259710,0.032034,0.965155,0.000000,0.919668,-0.313057,-0.237079,0.000000,0.294554,0.949194,-0.110764,0.000000,19.229403,4.098100,12.776100,1.000000;;,
   24960;16;0.259710,0.032034,0.965155,0.000000,0.919828,-0.312541,-0.237140,0.000000,0.294054,0.949364,-0.110636,0.000000,19.229405,4.098101,12.776100,1.000000;;,
   25120;16;0.259710,0.032034,0.965155,0.000000,0.919987,-0.312026,-0.237200,0.000000,0.293555,0.949533,-0.110507,0.000000,19.229403,4.098100,12.776101,1.000000;;,
   25280;16;0.259710,0.032034,0.965155,0.000000,0.920146,-0.311511,-0.237260,0.000000,0.293056,0.949703,-0.110378,0.000000,19.229405,4.098101,12.776103,1.000000;;,
   25440;16;0.259710,0.032034,0.965155,0.000000,0.920305,-0.310995,-0.237320,0.000000,0.292556,0.949871,-0.110249,0.000000,19.229398,4.098100,12.776100,1.000000;;,
   25600;16;0.259710,0.032034,0.965155,0.000000,0.920464,-0.310479,-0.237379,0.000000,0.292057,0.950040,-0.110120,0.000000,19.229406,4.098101,12.776103,1.000000;;,
   25760;16;0.259710,0.032034,0.965155,0.000000,0.920612,-0.309996,-0.237435,0.000000,0.291588,0.950198,-0.110000,0.000000,19.229403,4.098100,12.776099,1.000000;;,
   25920;16;0.259710,0.032034,0.965156,0.000000,0.920761,-0.309513,-0.237491,0.000000,0.291120,0.950356,-0.109879,0.000000,19.229403,4.098101,12.776101,1.000000;;,
   26080;16;0.259710,0.032034,0.965155,0.000000,0.920908,-0.309029,-0.237547,0.000000,0.290651,0.950513,-0.109758,0.000000,19.229400,4.098100,12.776101,1.000000;;,
   26240;16;0.259710,0.032034,0.965155,0.000000,0.921056,-0.308545,-0.237603,0.000000,0.290183,0.950670,-0.109637,0.000000,19.229405,4.098101,12.776102,1.000000;;,
   26400;16;0.259710,0.032034,0.965155,0.000000,0.921204,-0.308061,-0.237659,0.000000,0.289714,0.950827,-0.109516,0.000000,19.229400,4.098100,12.776099,1.000000;;,
   26560;16;0.259710,0.032034,0.965155,0.000000,0.921351,-0.307578,-0.237714,0.000000,0.289245,0.950984,-0.109395,0.000000,19.229405,4.098101,12.776103,1.000000;;,
   26720;16;0.259710,0.032034,0.965155,0.000000,0.921498,-0.307094,-0.237770,0.000000,0.288776,0.951140,-0.109274,0.000000,19.229400,4.098101,12.776099,1.000000;;,
   26880;16;0.259710,0.032034,0.965155,0.000000,0.921638,-0.306632,-0.237823,0.000000,0.288329,0.951289,-0.109159,0.000000,19.229403,4.098101,12.776103,1.000000;;,
   27040;16;0.259710,0.032034,0.965155,0.000000,0.921771,-0.306193,-0.237873,0.000000,0.287904,0.951430,-0.109049,0.000000,19.229403,4.098101,12.776101,1.000000;;,
   27200;16;0.259710,0.032034,0.965155,0.000000,0.921904,-0.305754,-0.237924,0.000000,0.287478,0.951572,-0.108939,0.000000,19.229403,4.098101,12.776102,1.000000;;,
   27360;16;0.259710,0.032034,0.965155,0.000000,0.922037,-0.305314,-0.237974,0.000000,0.287052,0.951713,-0.108829,0.000000,19.229403,4.098101,12.776101,1.000000;;,
   27520;16;0.259710,0.032034,0.965155,0.000000,0.922169,-0.304874,-0.238024,0.000000,0.286626,0.951854,-0.108719,0.000000,19.229400,4.098101,12.776100,1.000000;;,
   27680;16;0.259710,0.032034,0.965155,0.000000,0.922301,-0.304435,-0.238074,0.000000,0.286200,0.951995,-0.108609,0.000000,19.229403,4.098101,12.776101,1.000000;;,
   27840;16;0.259710,0.032034,0.965155,0.000000,0.922434,-0.303995,-0.238125,0.000000,0.285774,0.952135,-0.108500,0.000000,19.229403,4.098101,12.776101,1.000000;;,
   28000;16;0.259710,0.032034,0.965155,0.000000,0.922565,-0.303555,-0.238175,0.000000,0.285348,0.952275,-0.108390,0.000000,19.229403,4.098101,12.776101,1.000000;;,
   28160;16;0.259710,0.032034,0.965155,0.000000,0.922697,-0.303115,-0.238225,0.000000,0.284922,0.952415,-0.108279,0.000000,19.229403,4.098101,12.776101,1.000000;;,
   28320;16;0.259710,0.032034,0.965155,0.000000,0.922827,-0.302682,-0.238274,0.000000,0.284503,0.952553,-0.108171,0.000000,19.229403,4.098100,12.776100,1.000000;;,
   28480;16;0.259710,0.032034,0.965155,0.000000,0.922955,-0.302251,-0.238323,0.000000,0.284085,0.952690,-0.108063,0.000000,19.229403,4.098101,12.776102,1.000000;;,
   28640;16;0.259710,0.032034,0.965155,0.000000,0.923084,-0.301820,-0.238372,0.000000,0.283667,0.952827,-0.107955,0.000000,19.229403,4.098101,12.776101,1.000000;;,
   28800;16;0.259710,0.032034,0.965155,0.000000,0.923212,-0.301389,-0.238421,0.000000,0.283250,0.952963,-0.107848,0.000000,19.229403,4.098101,12.776101,1.000000;;,
   28960;16;0.259710,0.032034,0.965155,0.000000,0.923340,-0.300958,-0.238469,0.000000,0.282832,0.953099,-0.107740,0.000000,19.229403,4.098100,12.776101,1.000000;;,
   29120;16;0.259710,0.032034,0.965155,0.000000,0.923468,-0.300527,-0.238518,0.000000,0.282415,0.953235,-0.107632,0.000000,19.229400,4.098100,12.776100,1.000000;;,
