xof 0303txt 0032
template Frame {
 <3d82ab46-62da-11cf-ab39-0020af71e433>
 [...]
}

template Matrix4x4 {
 <f6f23f45-7686-11cf-8f52-0040333594a3>
 array FLOAT matrix[16];
}

template FrameTransformMatrix {
 <f6f23f41-7686-11cf-8f52-0040333594a3>
 Matrix4x4 frameMatrix;
}

template AnimTicksPerSecond {
 <9e415a43-7ba6-4a73-8743-b73d47e88476>
 DWORD AnimTicksPerSecond;
}

template Animation {
 <3d82ab4f-62da-11cf-ab39-0020af71e433>
 [...]
}

template AnimationSet {
 <3d82ab50-62da-11cf-ab39-0020af71e433>
 [Animation <3d82ab4f-62da-11cf-ab39-0020af71e433>]
}

template FloatKeys {
 <10dd46a9-775b-11cf-8f52-0040333594a3>
 DWORD nValues;
 array FLOAT values[nValues];
}

template TimedFloatKeys {
 <f406b180-7b3b-11cf-8f52-0040333594a3>
 DWORD time;
 FloatKeys tfkeys;
}

template AnimationKey {
 <10dd46a8-775b-11cf-8f52-0040333594a3>
 DWORD keyType;
 DWORD nKeys;
 array TimedFloatKeys keys[nKeys];
}


Frame ARM_fox_framework {
 

 FrameTransformMatrix {
  -0.003937,0.000000,-0.000000,0.000000,-0.000000,-0.000000,0.003937,0.000000,-0.000000,0.003937,0.000000,0.000000,0.000000,0.000000,0.000000,1.000000;;
 }

 Frame _0__-com {
  

  FrameTransformMatrix {
   0.259709,0.032035,0.965155,0.000000,0.897290,-0.377449,-0.228919,0.000000,0.356964,0.925476,-0.126772,0.000000,19.229403,4.098101,12.776002,1.000000;;
  }

  Frame _1___body {
   

   FrameTransformMatrix {
    -0.000000,-0.000000,1.000000,0.000000,1.000000,-0.000000,0.000000,0.000000,0.000000,1.000000,-0.000000,0.000000,0.000072,-0.000539,-13.042686,1.000000;;
   }

   Frame _3___chest {
    

    FrameTransformMatrix {
     -0.687993,-0.270981,-0.673226,0.000000,-0.247803,0.959634,-0.133025,0.000000,0.682099,0.075307,-0.727372,0.000000,21.292995,0.006800,-0.325503,1.000000;;
    }

    Frame _7__-neck1 {
     

     FrameTransformMatrix {
      0.401484,-0.044684,-0.914775,0.000000,0.394786,0.909696,0.128830,0.000000,0.826411,-0.412863,0.382869,0.000000,-0.006199,0.000699,31.670602,1.000000;;
     }

     Frame _11__-claviclel {
      

      FrameTransformMatrix {
       -0.265038,0.522871,-0.810161,0.000000,-0.957071,-0.244905,0.155039,0.000000,-0.117348,0.816473,0.565333,0.000000,4.341892,2.470098,-4.983300,1.000000;;
      }

      Frame _16___arm1l {
       

       FrameTransformMatrix {
        0.787908,-0.485397,-0.378935,0.000000,0.323719,-0.196980,0.925422,0.000000,-0.523839,-0.851815,0.001931,0.000000,-0.000015,0.000225,9.104704,1.000000;;
       }

       Frame _21___arm2l {
        

        FrameTransformMatrix {
         0.136866,0.000000,0.990589,0.000000,0.000000,1.000000,-0.000000,0.000000,-0.990589,0.000000,0.136866,0.000000,0.000061,-0.000876,23.360374,1.000000;;
        }

        Frame _24___hand1l {
         

         FrameTransformMatrix {
          0.934614,-0.223739,-0.276474,0.000000,0.107620,0.918810,-0.379746,0.000000,0.338991,0.325161,0.882811,0.000000,0.000580,-0.000747,21.384093,1.000000;;
         }

         Frame _26___hand2l {
          

          FrameTransformMatrix {
           0.518833,-0.048466,-0.853501,0.000000,-0.230474,0.953494,-0.194247,0.000000,0.823222,0.297491,0.483533,0.000000,0.000284,-0.000051,7.661109,1.000000;;
          }

          Frame _26___hand2l_end {
           

           FrameTransformMatrix {
            1.000000,-0.000000,0.000000,0.000000,-0.000000,1.000000,0.000000,0.000000,0.000000,0.000000,1.000000,0.000000,0.000002,0.000000,1.000039,1.000000;;
           }
          }
         }
        }
       }
      }
     }

     Frame _12__-clavicler {
      

      FrameTransformMatrix {
       -0.241224,-0.934054,-0.263355,0.000000,0.969829,-0.222153,-0.100409,0.000000,0.035282,-0.279629,0.959460,0.000000,4.708996,-5.010002,-1.588700,1.000000;;
      }

      Frame _17___arm1r {
       

       FrameTransformMatrix {
        0.594308,0.315953,-0.739576,0.000000,-0.735228,-0.159250,-0.658847,0.000000,-0.325942,0.935315,0.137654,0.000000,0.000159,0.000240,9.104954,1.000000;;
       }

       Frame _22___arm2r {
        

        FrameTransformMatrix {
         0.478632,-0.000000,0.878015,0.000000,0.000000,1.000000,0.000000,0.000000,-0.878015,0.000000,0.478632,0.000000,0.000494,0.001081,23.361355,1.000000;;
        }

        Frame _25___hand1r {
         

         FrameTransformMatrix {
          0.881163,0.012456,-0.472648,0.000000,-0.074343,0.990868,-0.112487,0.000000,0.466930,0.134257,0.874043,0.000000,0.000233,-0.000490,21.384422,1.000000;;
         }

         Frame _27___hand2r {
          

          FrameTransformMatrix {
           0.884368,0.130377,-0.448212,0.000000,-0.177750,0.981920,-0.065096,0.000000,0.431621,0.137238,0.891554,0.000000,0.000057,0.000311,7.660891,1.000000;;
          }

          Frame _27___hand2r_end {
           

           FrameTransformMatrix {
            1.000000,0.000000,-0.000000,0.000000,-0.000000,1.000000,0.000000,0.000000,-0.000000,0.000000,1.000000,0.000000,0.000002,-0.000000,1.000039,1.000000;;
           }
          }
         }
        }
       }
      }
     }

     Frame _13__-neck2 {
      

      FrameTransformMatrix {
       0.948343,0.056136,-0.312242,0.000000,-0.194975,0.879536,-0.434052,0.000000,0.250262,0.472509,0.845047,0.000000,-0.010811,-0.000601,19.373603,1.000000;;
      }

      Frame _18___head {
       

       FrameTransformMatrix {
        0.551282,-0.450327,0.702347,0.000000,0.353729,0.888574,0.292083,0.000000,-0.755620,0.087420,0.649149,0.000000,-0.000271,-0.000481,14.319717,1.000000;;
       }

       Frame _23___head2 {
        

        FrameTransformMatrix {
         0.060459,0.000000,-0.998171,0.000000,0.000000,1.000000,-0.000000,0.000000,0.998171,0.000000,0.060459,0.000000,12.306400,0.000001,-1.642593,1.000000;;
        }

        Frame _23___head2_end {
         

         FrameTransformMatrix {
          1.000000,0.000000,0.000000,0.000000,0.000000,1.000000,0.000000,0.000000,-0.000000,0.000000,1.000000,0.000000,0.000000,0.000001,0.999967,1.000000;;
         }
        }
       }
      }
     }
    }
   }

   Frame _4___leg1l {
    

    FrameTransformMatrix {
     0.798692,0.329062,-0.503798,0.000000,0.474232,-0.859563,0.190386,0.000000,-0.370399,-0.390978,-0.842581,0.000000,-0.000175,9.281752,-0.000126,1.000000;;
    }

    Frame _8___leg2l {
     

     FrameTransformMatrix {
      0.374629,0.000000,0.927175,0.000000,0.000000,1.000000,-0.000000,0.000000,-0.927175,-0.000000,0.374629,0.000000,-0.000872,0.000343,18.581741,1.000000;;
     }

     Frame _14___leg3l {
      

      FrameTransformMatrix {
       0.761417,0.000000,-0.648262,0.000000,0.000000,1.000000,-0.000000,0.000000,0.648262,0.000000,0.761417,0.000000,0.000012,0.000153,24.787619,1.000000;;
      }

      Frame _19__-footl {
       

       FrameTransformMatrix {
        0.774983,0.230095,0.588607,0.000000,-0.163899,0.972676,-0.164437,0.000000,-0.610360,0.030964,0.791519,0.000000,-0.000181,-0.000462,14.705947,1.000000;;
       }

       Frame _19__-footl_end {
        

        FrameTransformMatrix {
         1.000000,0.000000,0.000000,0.000000,0.000000,1.000000,0.000000,0.000000,0.000000,0.000000,1.000000,0.000000,0.000001,0.000002,0.999996,1.000000;;
        }
       }
      }
     }
    }
   }

   Frame _5___leg1r {
    

    FrameTransformMatrix {
     0.854052,0.105101,-0.509457,0.000000,0.214240,-0.963525,0.160375,0.000000,-0.474019,-0.246114,-0.845417,0.000000,0.000139,-9.281780,0.000029,1.000000;;
    }

    Frame _9___leg2r {
     

     FrameTransformMatrix {
      0.178829,0.000000,0.983880,0.000000,0.000000,1.000000,-0.000000,0.000000,-0.983880,0.000000,0.178829,0.000000,-0.000417,0.000321,18.581672,1.000000;;
     }

     Frame _15___leg3r {
      

      FrameTransformMatrix {
       0.873671,-0.000000,-0.486518,0.000000,0.000000,1.000000,-0.000000,0.000000,0.486518,0.000000,0.873671,0.000000,-0.000184,-0.000520,24.786240,1.000000;;
      }

      Frame _20__-footr {
       

       FrameTransformMatrix {
        0.879849,-0.068851,0.470240,0.000000,-0.068959,0.960484,0.269658,0.000000,-0.470224,-0.269686,0.840333,0.000000,-0.000700,0.000481,14.705963,1.000000;;
       }

       Frame _20__-footr_end {
        

        FrameTransformMatrix {
         1.000000,-0.000000,-0.000000,0.000000,-0.000000,1.000000,0.000000,0.000000,-0.000000,-0.000000,1.000000,0.000000,0.000000,0.000000,1.000004,1.000000;;
        }
       }
      }
     }
    }
   }

   Frame _6___tail1 {
    

    FrameTransformMatrix {
     -0.039810,0.112870,0.992812,0.000000,-0.287887,0.950171,-0.119566,0.000000,-0.956836,-0.290578,-0.005332,0.000000,-7.293498,-0.003702,2.937696,1.000000;;
    }

    Frame _10___tail2 {
     

     FrameTransformMatrix {
      0.646518,-0.051157,0.761182,0.000000,-0.079448,0.987809,0.133868,0.000000,-0.758751,-0.147022,0.634572,0.000000,-0.016397,0.001299,41.574403,1.000000;;
     }

     Frame _10___tail2_end {
      

      FrameTransformMatrix {
       1.000000,0.000000,-0.000000,0.000000,0.000000,1.000000,0.000000,0.000000,-0.000000,0.000000,1.000000,0.000000,-0.000004,0.000000,0.999953,1.000000;;
      }
     }
    }
   }
  }

  Frame _2__-footsteps {
   

   FrameTransformMatrix {
    0.032033,-0.377448,0.925477,0.000000,0.965155,-0.228921,-0.126770,0.000000,0.259710,0.897289,0.356963,0.000000,-12.330894,2.924597,1.618898,1.000000;;
   }

   Frame _2__-footsteps_end {
    

    FrameTransformMatrix {
     1.000000,0.000000,-0.000000,0.000000,0.000000,1.000000,0.000000,0.000000,-0.000000,0.000000,1.000000,0.000000,0.000000,-0.000000,1.000002,1.000000;;
    }
   }
  }
 }
}

AnimTicksPerSecond  {
 4800;
}

AnimationSet Dummy {
 

 Animation {
  
  { ARM_fox_framework }

  AnimationKey  {
   4;
   2;
   0;16;-0.003937,0.000000,-0.000000,0.000000,-0.000000,-0.000000,0.003937,0.000000,-0.000000,0.003937,0.000000,0.000000,0.000000,0.000000,0.000000,1.000000;;,
   19200;16;-0.003937,0.000000,-0.000000,0.000000,-0.000000,-0.000000,0.003937,0.000000,-0.000000,0.003937,0.000000,0.000000,0.000000,0.000000,0.000000,1.000000;;;
  }
 }

 Animation {
  
  { _0__-com }

  AnimationKey  {
   4;
   121;
   0;16;0.259709,0.032035,0.965155,0.000000,0.897290,-0.377449,-0.228919,0.000000,0.356964,0.925476,-0.126772,0.000000,19.229403,4.098101,12.776002,1.000000;;,
   160;16;0.252390,0.025345,0.967294,0.000000,0.897917,-0.378690,-0.224365,0.000000,0.360618,0.925177,-0.118335,0.000000,19.135240,4.045860,13.136104,1.000000;;,
   320;16;0.235871,0.010353,0.971729,0.000000,0.899821,-0.379959,-0.214368,0.000000,0.366998,0.924946,-0.098938,0.000000,18.924094,3.928719,13.943570,1.000000;;,
   480;16;0.216368,-0.007177,0.976286,0.000000,0.902022,-0.381137,-0.202711,0.000000,0.373553,0.924491,-0.075992,0.000000,18.676978,3.791620,14.888619,1.000000;;,
   640;16;0.197767,-0.023901,0.979958,0.000000,0.903964,-0.382205,-0.191753,0.000000,0.379128,0.923769,-0.053982,0.000000,18.445200,3.662984,15.786080,1.000000;;,
   800;16;0.181525,-0.038896,0.982617,0.000000,0.905473,-0.383191,-0.182442,0.000000,0.383626,0.922850,-0.034340,0.000000,18.250387,3.554716,16.575397,1.000000;;,
   960;16;0.165098,-0.053993,0.984798,0.000000,0.906926,-0.384086,-0.173101,0.000000,0.387593,0.921718,-0.014445,0.000000,18.055750,3.446518,17.369656,1.000000;;,
   1120;16;0.149886,-0.066308,0.986477,0.000000,0.908267,-0.384962,-0.163878,0.000000,0.390623,0.920548,0.002525,0.000000,17.857878,3.336988,18.068190,1.000000;;,
   1280;16;0.135884,-0.076275,0.987784,0.000000,0.909868,-0.384905,-0.154887,0.000000,0.392017,0.919799,0.017098,0.000000,17.656418,3.225979,18.689832,1.000000;;,
   1440;16;0.123106,-0.083954,0.988836,0.000000,0.911726,-0.383940,-0.146103,0.000000,0.391920,0.919534,0.029278,0.000000,17.451384,3.113493,19.236594,1.000000;;,
   1600;16;0.111576,-0.089035,0.989760,0.000000,0.913450,-0.383044,-0.137431,0.000000,0.391358,0.919430,0.038590,0.000000,17.243133,2.999682,19.693675,1.000000;;,
   1760;16;0.101411,-0.089046,0.990851,0.000000,0.915121,-0.382317,-0.128019,0.000000,0.390219,0.919731,0.042717,0.000000,17.034467,2.885697,19.947139,1.000000;;,
   1920;16;0.091909,-0.085189,0.992117,0.000000,0.916754,-0.381718,-0.117704,0.000000,0.388736,0.920345,0.043014,0.000000,16.821286,2.769206,20.110933,1.000000;;,
   2080;16;0.083383,-0.077131,0.993528,0.000000,0.918301,-0.381242,-0.106667,0.000000,0.387002,0.921252,0.039040,0.000000,16.605896,2.651532,20.205418,1.000000;;,
   2240;16;0.075910,-0.065879,0.994936,0.000000,0.919716,-0.380822,-0.095387,0.000000,0.385177,0.922299,0.031682,0.000000,16.395198,2.536433,20.245891,1.000000;;,
   2400;16;0.069334,-0.053791,0.996142,0.000000,0.920954,-0.380369,-0.084640,0.000000,0.383454,0.923270,0.023166,0.000000,16.200702,2.430100,20.242646,1.000000;;,
   2560;16;0.063367,-0.042530,0.997084,0.000000,0.922021,-0.379845,-0.074798,0.000000,0.381919,0.924072,0.015144,0.000000,16.032874,2.338373,20.239395,1.000000;;,
   2720;16;0.058047,-0.030701,0.997842,0.000000,0.922971,-0.379280,-0.065361,0.000000,0.380468,0.924773,0.006320,0.000000,15.882078,2.256013,20.205213,1.000000;;,
   2880;16;0.053394,-0.018037,0.998411,0.000000,0.923823,-0.378666,-0.056246,0.000000,0.379078,0.925358,-0.003555,0.000000,15.738294,2.177322,20.146206,1.000000;;,
   3040;16;0.049318,-0.004427,0.998773,0.000000,0.924599,-0.377992,-0.047331,0.000000,0.377738,0.925799,-0.014549,0.000000,15.591154,2.096470,20.069506,1.000000;;,
   3200;16;0.045612,0.010091,0.998908,0.000000,0.925316,-0.377245,-0.038441,0.000000,0.376445,0.926059,-0.026544,0.000000,15.430002,2.007500,19.983301,1.000000;;,
   3360;16;0.041331,0.027100,0.998778,0.000000,0.926033,-0.376394,-0.028108,0.000000,0.375172,0.926063,-0.040652,0.000000,15.247467,1.906107,19.880021,1.000000;;,
   3520;16;0.037595,0.045503,0.998256,0.000000,0.926688,-0.375411,-0.017788,0.000000,0.373947,0.925741,-0.056281,0.000000,15.053493,1.797915,19.756992,1.000000;;,
   3680;16;0.035988,0.062728,0.997382,0.000000,0.927655,-0.373305,-0.009994,0.000000,0.371701,0.925586,-0.071625,0.000000,14.856002,1.687631,19.627898,1.000000;;,
   3840;16;0.036846,0.077544,0.996308,0.000000,0.928960,-0.370139,-0.005547,0.000000,0.368342,0.925735,-0.085673,0.000000,14.659003,1.577818,19.503005,1.000000;;,
   4000;16;0.039267,0.090059,0.995162,0.000000,0.930226,-0.366971,-0.003495,0.000000,0.364880,0.925863,-0.098185,0.000000,14.462606,1.468891,19.389216,1.000000;;,
   4160;16;0.042719,0.100084,0.994061,0.000000,0.931455,-0.363840,-0.003396,0.000000,0.361339,0.926069,-0.108767,0.000000,14.265723,1.359761,19.276269,1.000000;;,
   4320;16;0.047871,0.107742,0.993026,0.000000,0.930861,-0.365335,-0.005236,0.000000,0.362223,0.924620,-0.117782,0.000000,14.078320,1.254551,19.146973,1.000000;;,
   4480;16;0.057507,0.114130,0.991800,0.000000,0.928450,-0.371291,-0.011108,0.000000,0.366978,0.921476,-0.127316,0.000000,13.901717,1.153805,18.999070,1.000000;;,
   4640;16;0.074344,0.119760,0.990015,0.000000,0.924272,-0.381022,-0.023316,0.000000,0.374425,0.916777,-0.139018,0.000000,13.735902,1.057521,18.832549,1.000000;;,
   4800;16;0.101012,0.124558,0.987057,0.000000,0.918319,-0.393350,-0.044340,0.000000,0.382736,0.910912,-0.154117,0.000000,13.579574,0.965157,18.649683,1.000000;;,
   4960;16;0.131231,0.126299,0.983274,0.000000,0.911418,-0.405562,-0.069548,0.000000,0.389995,0.905300,-0.168333,0.000000,13.422757,0.872591,18.467654,1.000000;;,
   5120;16;0.163918,0.125326,0.978481,0.000000,0.902724,-0.419013,-0.097559,0.000000,0.397769,0.899290,-0.181818,0.000000,13.256950,0.775675,18.258507,1.000000;;,
   5280;16;0.199320,0.120903,0.972448,0.000000,0.891882,-0.433510,-0.128908,0.000000,0.405980,0.893002,-0.194239,0.000000,13.087642,0.677044,18.037611,1.000000;;,
   5440;16;0.234228,0.113291,0.965558,0.000000,0.879970,-0.446905,-0.161029,0.000000,0.413269,0.887379,-0.204370,0.000000,12.924403,0.581559,17.848872,1.000000;;,
   5600;16;0.262092,0.103748,0.959450,0.000000,0.870236,-0.455143,-0.188506,0.000000,0.417129,0.884354,-0.209574,0.000000,12.780901,0.496300,17.764698,1.000000;;,
   5760;16;0.280876,0.092669,0.955260,0.000000,0.864824,-0.456027,-0.210046,0.000000,0.416159,0.885128,-0.208230,0.000000,12.646576,0.423587,17.801862,1.000000;;,
   5920;16;0.294452,0.077860,0.952489,0.000000,0.862874,-0.450077,-0.229957,0.000000,0.410789,0.889589,-0.199710,0.000000,12.515909,0.358537,17.912005,1.000000;;,
   6080;16;0.302474,0.058409,0.951366,0.000000,0.865084,-0.435874,-0.248281,0.000000,0.400174,0.898111,-0.182370,0.000000,12.407667,0.300425,18.096774,1.000000;;,
   6240;16;0.305525,0.034164,0.951571,0.000000,0.871252,-0.413215,-0.264902,0.000000,0.384154,0.909993,-0.156013,0.000000,12.335570,0.247483,18.345834,1.000000;;,
   6400;16;0.305147,0.005737,0.952288,0.000000,0.880256,-0.383258,-0.279756,0.000000,0.363367,0.923624,-0.122000,0.000000,12.308300,0.196900,18.636899,1.000000;;,
   6560;16;0.299245,-0.040735,0.953306,0.000000,0.897023,-0.328574,-0.295617,0.000000,0.325273,0.943600,-0.061784,0.000000,12.318454,0.140558,19.016917,1.000000;;,
   6720;16;0.291415,-0.095753,0.951792,0.000000,0.915590,-0.260276,-0.306516,0.000000,0.277078,0.960775,0.011822,0.000000,12.328609,0.088767,19.474899,1.000000;;,
   6880;16;0.285492,-0.136365,0.948630,0.000000,0.927894,-0.208345,-0.309201,0.000000,0.239806,0.968503,0.067052,0.000000,12.355813,0.054818,19.931216,1.000000;;,
   7040;16;0.285189,-0.141955,0.947901,0.000000,0.929405,-0.200750,-0.309688,0.000000,0.234253,0.969303,0.074682,0.000000,12.417531,0.041731,20.333662,1.000000;;,
   7200;16;0.292671,-0.093667,0.951615,0.000000,0.915068,-0.261356,-0.307156,0.000000,0.277480,0.960687,0.009220,0.000000,12.531650,0.042255,20.657501,1.000000;;,
   7360;16;0.284622,-0.310693,0.906896,0.000000,0.955952,0.021186,-0.292759,0.000000,0.071745,0.950274,0.303038,0.000000,12.738295,0.046764,20.928538,1.000000;;,
   7520;16;0.280542,-0.343172,0.896398,0.000000,0.959086,0.063160,-0.275981,0.000000,0.038093,0.937147,0.346851,0.000000,12.933983,0.056116,21.228917,1.000000;;,
   7680;16;0.283462,-0.350592,0.892600,0.000000,0.958560,0.075914,-0.274592,0.000000,0.028509,0.933447,0.357582,0.000000,13.122690,0.071471,21.551296,1.000000;;,
   7840;16;0.289028,-0.393705,0.872616,0.000000,0.957148,0.136199,-0.255576,0.000000,-0.018228,0.909091,0.416199,0.000000,13.306408,0.093278,21.894035,1.000000;;,
   8000;16;0.295003,-0.442498,0.846858,0.000000,0.952810,0.202657,-0.226020,0.000000,-0.071608,0.873571,0.481401,0.000000,13.485144,0.121283,22.261210,1.000000;;,
   8160;16;0.304650,-0.489171,0.817252,0.000000,0.944232,0.267684,-0.191761,0.000000,-0.124962,0.830095,0.543440,0.000000,13.550469,0.145137,22.744725,1.000000;;,
   8320;16;0.317115,-0.532592,0.784719,0.000000,0.931729,0.329357,-0.152988,0.000000,-0.176973,0.779661,0.600675,0.000000,13.560954,0.166249,23.321533,1.000000;;,
   8480;16;0.332105,-0.573195,0.749102,0.000000,0.915264,0.387826,-0.109015,0.000000,-0.228034,0.721830,0.653423,0.000000,13.529949,0.184748,23.987930,1.000000;;,
   8640;16;0.348692,-0.610039,0.711524,0.000000,0.895527,0.440819,-0.060920,0.000000,-0.276490,0.658431,0.700016,0.000000,13.458408,0.198757,24.716846,1.000000;;,
   8800;16;0.365890,-0.641034,0.674685,0.000000,0.874180,0.485432,-0.012858,0.000000,-0.319272,0.594501,0.737994,0.000000,13.334901,0.204400,25.457901,1.000000;;,
   8960;16;0.383284,-0.664532,0.641475,0.000000,0.852930,0.521147,0.030249,0.000000,-0.354405,0.535539,0.766547,0.000000,13.173602,0.201821,26.159717,1.000000;;,
   9120;16;0.399725,-0.683674,0.610582,0.000000,0.832094,0.550051,0.071157,0.000000,-0.384499,0.479618,0.788750,0.000000,12.981612,0.193854,26.856822,1.000000;;,
   9280;16;0.416384,-0.700086,0.580089,0.000000,0.810476,0.574941,0.112119,0.000000,-0.412010,0.423464,0.806800,0.000000,12.745843,0.180023,27.577750,1.000000;;,
   9440;16;0.434463,-0.714893,0.547877,0.000000,0.786573,0.597496,0.155891,0.000000,-0.438800,0.363217,0.821906,0.000000,12.461181,0.160819,28.344992,1.000000;;,
   9600;16;0.455128,-0.728779,0.511605,0.000000,0.758707,0.618141,0.205588,0.000000,-0.466072,0.294589,0.834263,0.000000,12.130500,0.137700,29.175002,1.000000;;,
   9760;16;0.481620,-0.740164,0.469254,0.000000,0.723528,0.637956,0.263666,0.000000,-0.494519,0.212532,0.842782,0.000000,11.731571,0.106807,30.126624,1.000000;;,
   9920;16;0.511278,-0.747835,0.423484,0.000000,0.683454,0.652554,0.327208,0.000000,-0.521043,0.122138,0.844747,0.000000,11.266392,0.069168,31.155789,1.000000;;,
   10080;16;0.543661,-0.748158,0.380385,0.000000,0.639617,0.662768,0.389395,0.000000,-0.543436,0.031602,0.838856,0.000000,10.760812,0.031708,32.138630,1.000000;;,
   10240;16;0.577517,-0.742330,0.339737,0.000000,0.593858,0.667553,0.449117,0.000000,-0.560185,-0.057618,0.826361,0.000000,10.236914,-0.003324,33.049306,1.000000;;,
   10400;16;0.608266,-0.736444,0.296077,0.000000,0.550787,0.660216,0.510635,0.000000,-0.571529,-0.147527,0.807212,0.000000,9.713013,-0.038356,33.959978,1.000000;;,
   10560;16;0.635642,-0.730503,0.249648,0.000000,0.511298,0.640663,0.572823,0.000000,-0.578389,-0.236466,0.780737,0.000000,9.189114,-0.073388,34.870643,1.000000;;,
   10720;16;0.665220,-0.716555,0.209838,0.000000,0.469466,0.619945,0.628705,0.000000,-0.580589,-0.319715,0.748798,0.000000,8.653536,-0.091058,35.651142,1.000000;;,
   10880;16;0.695269,-0.697511,0.173432,0.000000,0.427295,0.595149,0.680601,0.000000,-0.577945,-0.399094,0.711831,0.000000,8.115098,-0.096593,36.353862,1.000000;;,
   11040;16;0.724582,-0.674993,0.139160,0.000000,0.386182,0.564893,0.729219,0.000000,-0.570828,-0.474637,0.669981,0.000000,7.578238,-0.094229,36.996461,1.000000;;,
   11200;16;0.752965,-0.649250,0.107319,0.000000,0.346460,0.529770,0.774151,0.000000,-0.559472,-0.545727,0.623838,0.000000,7.043017,-0.087218,37.561914,1.000000;;,
   11360;16;0.780159,-0.620437,0.080058,0.000000,0.308268,0.492636,0.813807,0.000000,-0.544356,-0.610219,0.575595,0.000000,6.541644,-0.070163,37.998147,1.000000;;,
   11520;16;0.806694,-0.588423,0.054805,0.000000,0.271280,0.451099,0.850245,0.000000,-0.525026,-0.671020,0.523526,0.000000,6.055981,-0.036574,38.363437,1.000000;;,
   11680;16;0.831915,-0.553975,0.032091,0.000000,0.236397,0.406136,0.882706,0.000000,-0.502030,-0.726750,0.468829,0.000000,5.591353,0.021594,38.640477,1.000000;;,
   11840;16;0.854711,-0.518948,0.012708,0.000000,0.205030,0.359973,0.910155,0.000000,-0.476898,-0.775314,0.414073,0.000000,5.157642,0.102996,38.827155,1.000000;;,
   12000;16;0.873738,-0.486392,-0.002285,0.000000,0.178612,0.316477,0.931633,0.000000,-0.452416,-0.814411,0.363393,0.000000,4.769300,0.196900,38.936605,1.000000;;,
   12160;16;0.888656,-0.458400,-0.012628,0.000000,0.157349,0.278940,0.947330,0.000000,-0.430733,-0.843838,0.320011,0.000000,4.445248,0.287647,38.975488,1.000000;;,
   12320;16;0.900848,-0.433646,-0.020613,0.000000,0.139981,0.245194,0.959315,0.000000,-0.410949,-0.867082,0.281584,0.000000,4.169173,0.382733,39.014371,1.000000;;,
   12480;16;0.911159,-0.411176,-0.026900,0.000000,0.125082,0.213797,0.968837,0.000000,-0.392611,-0.886130,0.246233,0.000000,3.913803,0.491830,39.047626,1.000000;;,
   12640;16;0.920444,-0.389556,-0.032095,0.000000,0.111343,0.182601,0.976862,0.000000,-0.374682,-0.902720,0.211448,0.000000,3.650750,0.621620,39.075261,1.000000;;,
   12800;16;0.929545,-0.366877,-0.036707,0.000000,0.097598,0.148825,0.984036,0.000000,-0.355557,-0.918288,0.174146,0.000000,3.350500,0.775800,39.102902,1.000000;;,
   12960;16;0.938729,-0.342278,-0.040424,0.000000,0.083003,0.110675,0.990385,0.000000,-0.334513,-0.933058,0.132304,0.000000,2.992223,0.965566,39.175942,1.000000;;,
   13120;16;0.947166,-0.317831,-0.043135,0.000000,0.069200,0.071177,0.995061,0.000000,-0.313191,-0.945472,0.089411,0.000000,2.604372,1.186414,39.267674,1.000000;;,
   13280;16;0.564593,-0.751000,0.342394,0.000000,0.609644,0.659096,0.440371,0.000000,-0.556389,-0.039892,0.829964,0.000000,10.384301,0.004100,32.913398,1.000000;;,
   13440;16;0.603144,-0.743517,0.288791,0.000000,0.556224,0.651565,0.515827,0.000000,-0.571692,-0.150485,0.806550,0.000000,9.738158,-0.040658,34.045133,1.000000;;,
   13600;16;0.966585,-0.252340,-0.045145,0.000000,0.037059,-0.036707,0.998639,0.000000,-0.253654,-0.966942,-0.026129,0.000000,1.445096,1.913371,39.652070,1.000000;;,
   13760;16;0.971144,-0.234379,-0.044108,0.000000,0.029191,-0.066739,0.997344,0.000000,-0.236700,-0.969852,-0.057971,0.000000,1.072510,2.172863,39.822413,1.000000;;,
   13920;16;0.975331,-0.216621,-0.042490,0.000000,0.022333,-0.094663,0.995259,0.000000,-0.219616,-0.971656,-0.087490,0.000000,0.708245,2.432054,40.011462,1.000000;;,
   14080;16;0.979228,-0.198713,-0.040320,0.000000,0.016186,-0.121613,0.992446,0.000000,-0.202115,-0.972483,-0.115870,0.000000,0.350099,2.691183,40.206522,1.000000;;,
   14240;16;0.982827,-0.180651,-0.037636,0.000000,0.010745,-0.147579,0.988992,0.000000,-0.184217,-0.972412,-0.143104,0.000000,-0.002053,2.950503,40.407107,1.000000;;,
   14400;16;0.986058,-0.162789,-0.034475,0.000000,0.006148,-0.171400,0.985183,0.000000,-0.166286,-0.971659,-0.168009,0.000000,-0.346258,3.210292,40.625030,1.000000;;,
   14560;16;0.988906,-0.145317,-0.030802,0.000000,0.002850,-0.188753,0.982021,0.000000,-0.148518,-0.971213,-0.186245,0.000000,-0.673172,3.456938,40.917408,1.000000;;,
   14720;16;0.991490,-0.127406,-0.026743,0.000000,0.000774,-0.199652,0.979867,0.000000,-0.130180,-0.971549,-0.197854,0.000000,-0.997633,3.701319,41.270083,1.000000;;,
   14880;16;0.993739,-0.109442,-0.022493,0.000000,-0.000809,-0.208363,0.978051,0.000000,-0.111726,-0.971909,-0.207147,0.000000,-1.313337,3.939186,41.680432,1.000000;;,
   15040;16;0.995561,-0.092307,-0.018358,0.000000,-0.001812,-0.213822,0.976871,0.000000,-0.094097,-0.972502,-0.213040,0.000000,-1.609346,4.160954,42.129802,1.000000;;,
   15200;16;0.996892,-0.077390,-0.014753,0.000000,-0.001803,-0.209623,0.977781,0.000000,-0.078763,-0.974715,-0.209111,0.000000,-1.870100,4.351700,42.583603,1.000000;;,
   15360;16;0.997791,-0.065350,-0.011917,0.000000,-0.001759,-0.205325,0.978692,0.000000,-0.066405,-0.976510,-0.204986,0.000000,-2.087850,4.508357,43.013984,1.000000;;,
   15520;16;0.998432,-0.055137,-0.009668,0.000000,-0.001612,-0.200965,0.979597,0.000000,-0.055955,-0.978046,-0.200738,0.000000,-2.275406,4.641774,43.443171,1.000000;;,
   15680;16;0.998898,-0.046276,-0.007884,0.000000,-0.001367,-0.196563,0.980490,0.000000,-0.046923,-0.979399,-0.196409,0.000000,-2.441445,4.753652,43.881843,1.000000;;,
   15840;16;0.999253,-0.038113,-0.006374,0.000000,-0.001041,-0.191437,0.981504,0.000000,-0.038628,-0.980765,-0.191333,0.000000,-2.597368,4.848973,44.338317,1.000000;;,
   16000;16;0.999543,-0.029816,-0.004880,0.000000,-0.000696,-0.184202,0.982888,0.000000,-0.030205,-0.982436,-0.184139,0.000000,-2.757300,4.936000,44.818598,1.000000;;,
   16160;16;0.999777,-0.020848,-0.003319,0.000000,-0.000423,-0.176942,0.984221,0.000000,-0.021107,-0.984000,-0.176912,0.000000,-2.960518,5.021675,45.360957,1.000000;;,
   16320;16;0.999923,-0.012295,-0.001933,0.000000,-0.000270,-0.176735,0.984258,0.000000,-0.012443,-0.984182,-0.176725,0.000000,-3.162082,5.090542,45.934410,1.000000;;,
   16480;16;0.999988,-0.004842,-0.000760,0.000000,-0.000118,-0.178869,0.983873,0.000000,-0.004900,-0.983861,-0.178867,0.000000,-3.299794,5.131946,46.478915,1.000000;;,
   16640;16;0.999999,0.001292,0.000230,0.000000,0.000008,-0.180994,0.983484,0.000000,0.001312,-0.983483,-0.180994,0.000000,-3.354794,5.134725,46.961898,1.000000;;,
   16800;16;0.999979,0.006357,0.001138,0.000000,0.000045,-0.183113,0.983092,0.000000,0.006458,-0.983071,-0.183109,0.000000,-3.351570,5.087222,47.378304,1.000000;;,
   16960;16;0.999953,0.009550,0.001837,0.000000,-0.000036,-0.185229,0.982696,0.000000,0.009725,-0.982649,-0.185219,0.000000,-3.323817,4.921459,47.719590,1.000000;;,
   17120;16;0.999937,0.010986,0.002192,0.000000,-0.000095,-0.187347,0.982294,0.000000,0.011202,-0.982232,-0.187334,0.000000,-3.266252,4.696168,48.023549,1.000000;;,
   17280;16;0.999932,0.011392,0.002323,0.000000,-0.000123,-0.189466,0.981888,0.000000,0.011626,-0.981821,-0.189451,0.000000,-3.157040,4.424135,48.298314,1.000000;;,
   17440;16;0.999934,0.011290,0.002333,0.000000,-0.000126,-0.191584,0.981476,0.000000,0.011528,-0.981411,-0.191570,0.000000,-2.974473,4.104510,48.543334,1.000000;;,
   17600;16;0.999937,0.010999,0.002306,0.000000,-0.000131,-0.193702,0.981060,0.000000,0.011237,-0.980999,-0.193689,0.000000,-2.696963,3.722805,48.749398,1.000000;;,
   17760;16;0.999944,0.010302,0.002192,0.000000,-0.000132,-0.195821,0.980640,0.000000,0.010531,-0.980586,-0.195808,0.000000,-2.390673,3.310721,48.936518,1.000000;;,
   17920;16;0.999957,0.009095,0.001964,0.000000,-0.000094,-0.201230,0.979544,0.000000,0.009305,-0.979502,-0.201220,0.000000,-2.072862,2.874374,49.118726,1.000000;;,
   18080;16;0.999971,0.007386,0.001620,0.000000,-0.000050,-0.207729,0.978187,0.000000,0.007561,-0.978159,-0.207723,0.000000,-1.733467,2.412014,49.288957,1.000000;;,
   18240;16;0.999984,0.005441,0.001213,0.000000,-0.000020,-0.214082,0.976816,0.000000,0.005575,-0.976801,-0.214078,0.000000,-1.388011,1.946362,49.446979,1.000000;;,
   18400;16;0.999992,0.003796,0.000859,0.000000,-0.000003,-0.220013,0.975497,0.000000,0.003892,-0.975489,-0.220012,0.000000,-1.077600,1.524600,49.599398,1.000000;;,
   18560;16;0.999996,0.002594,0.000594,0.000000,0.000007,-0.225938,0.974142,0.000000,0.002661,-0.974138,-0.225937,0.000000,-0.783136,1.113649,49.777680,1.000000;;,
   18720;16;0.999999,0.001527,0.000354,0.000000,0.000010,-0.231854,0.972751,0.000000,0.001568,-0.972749,-0.231854,0.000000,-0.487381,0.696217,49.971318,1.000000;;,
   18880;16;1.000000,0.000709,0.000166,0.000000,0.000006,-0.236214,0.971701,0.000000,0.000728,-0.971701,-0.236214,0.000000,-0.236494,0.339245,50.144509,1.000000;;,
   19040;16;1.000000,0.000202,0.000048,0.000000,0.000002,-0.239024,0.971014,0.000000,0.000208,-0.971013,-0.239024,0.000000,-0.065861,0.094785,50.267517,1.000000;;,
   19200;16;1.000000,0.000024,0.000006,0.000000,0.000000,-0.241832,0.970318,0.000000,0.000025,-0.970318,-0.241832,0.000000,-0.000100,0.000000,50.316704,1.000000;;;
  }
 }

 Animation {
  
  { _1___body }

  AnimationKey  {
   4;
   2;
   0;16;-0.000000,-0.000000,1.000000,0.000000,1.000000,-0.000000,0.000000,0.000000,0.000000,1.000000,-0.000000,0.000000,0.000072,-0.000539,-13.042686,1.000000;;,
   19200;16;-0.000000,-0.000000,1.000000,0.000000,1.000000,-0.000000,0.000000,0.000000,0.000000,1.000000,-0.000000,0.000000,0.000072,-0.000542,-13.042686,1.000000;;;
  }
 }

 Animation {
  
  { _3___chest }

  AnimationKey  {
   4;
   121;
   0;16;-0.687993,-0.270981,-0.673226,0.000000,-0.247803,0.959634,-0.133025,0.000000,0.682099,0.075307,-0.727372,0.000000,21.292995,0.006800,-0.325503,1.000000;;,
   160;16;-0.687972,-0.269460,-0.673858,0.000000,-0.243453,0.960403,-0.135491,0.000000,0.683684,0.070839,-0.726331,0.000000,21.292944,0.006744,-0.325450,1.000000;;,
   320;16;-0.688324,-0.266043,-0.674856,0.000000,-0.233755,0.962041,-0.140837,0.000000,0.686708,0.060810,-0.724385,0.000000,21.292888,0.006691,-0.325398,1.000000;;,
   480;16;-0.688780,-0.262034,-0.675958,0.000000,-0.222377,0.963811,-0.147025,0.000000,0.690022,0.049050,-0.722124,0.000000,21.292835,0.006630,-0.325346,1.000000;;,
   640;16;-0.689240,-0.257932,-0.677065,0.000000,-0.211052,0.965436,-0.152942,0.000000,0.693112,0.037482,-0.719854,0.000000,21.292774,0.006561,-0.325293,1.000000;;,
   800;16;-0.689763,-0.253420,-0.678236,0.000000,-0.199552,0.967004,-0.158374,0.000000,0.695992,0.026103,-0.717574,0.000000,21.292718,0.006495,-0.325238,1.000000;;,
   960;16;-0.690302,-0.248730,-0.679423,0.000000,-0.187721,0.968465,-0.163819,0.000000,0.698744,0.014457,-0.715225,0.000000,21.292666,0.006435,-0.325187,1.000000;;,
   1120;16;-0.690241,-0.247254,-0.680023,0.000000,-0.181722,0.968920,-0.167843,0.000000,0.700388,0.007723,-0.713720,0.000000,21.292610,0.006371,-0.325134,1.000000;;,
   1280;16;-0.689683,-0.248513,-0.680131,0.000000,-0.180670,0.968615,-0.170714,0.000000,0.701209,0.005140,-0.712936,0.000000,21.292565,0.006310,-0.325083,1.000000;;,
   1440;16;-0.688670,-0.252225,-0.679790,0.000000,-0.184001,0.967649,-0.172626,0.000000,0.701339,0.006199,-0.712801,0.000000,21.292504,0.006248,-0.325031,1.000000;;,
   1600;16;-0.687198,-0.258311,-0.678994,0.000000,-0.191480,0.966003,-0.173706,0.000000,0.700781,0.010643,-0.713297,0.000000,21.292448,0.006187,-0.324975,1.000000;;,
   1760;16;-0.684907,-0.268420,-0.677386,0.000000,-0.205983,0.963077,-0.173358,0.000000,0.698908,0.020796,-0.714908,0.000000,21.292392,0.006126,-0.324924,1.000000;;,
   1920;16;-0.681894,-0.281626,-0.675060,0.000000,-0.225876,0.958875,-0.171868,0.000000,0.695701,0.035284,-0.717464,0.000000,21.292331,0.006065,-0.324870,1.000000;;,
   2080;16;-0.678066,-0.297906,-0.671921,0.000000,-0.251161,0.953061,-0.169095,0.000000,0.690756,0.054103,-0.721061,0.000000,21.292282,0.006002,-0.324820,1.000000;;,
   2240;16;-0.673595,-0.316007,-0.668138,0.000000,-0.279703,0.945746,-0.165318,0.000000,0.684130,0.075523,-0.725439,0.000000,21.292232,0.005943,-0.324775,1.000000;;,
   2400;16;-0.669011,-0.333491,-0.664234,0.000000,-0.307331,0.937830,-0.161315,0.000000,0.676736,0.096218,-0.729911,0.000000,21.292178,0.005880,-0.324726,1.000000;;,
   2560;16;-0.663737,-0.348379,-0.661878,0.000000,-0.330461,0.930442,-0.158348,0.000000,0.671005,0.113623,-0.732695,0.000000,21.292122,0.005836,-0.324677,1.000000;;,
   2720;16;-0.658541,-0.362343,-0.659568,0.000000,-0.352153,0.922947,-0.155428,0.000000,0.665064,0.129913,-0.735398,0.000000,21.292069,0.005789,-0.324632,1.000000;;,
   2880;16;-0.652910,-0.376430,-0.657273,0.000000,-0.374040,0.914810,-0.152369,0.000000,0.658637,0.146363,-0.738089,0.000000,21.292011,0.005745,-0.324583,1.000000;;,
   3040;16;-0.646572,-0.391540,-0.654707,0.000000,-0.397565,0.905420,-0.148851,0.000000,0.651065,0.164046,-0.741082,0.000000,21.291955,0.005697,-0.324537,1.000000;;,
   3200;16;-0.639497,-0.408415,-0.651337,0.000000,-0.423970,0.894095,-0.144372,0.000000,0.641321,0.183822,-0.744927,0.000000,21.291898,0.005648,-0.324490,1.000000;;,
   3360;16;-0.630038,-0.428009,-0.647965,0.000000,-0.454610,0.879763,-0.139089,0.000000,0.629588,0.206940,-0.748862,0.000000,21.291843,0.005589,-0.324442,1.000000;;,
   3520;16;-0.618652,-0.449304,-0.644511,0.000000,-0.487958,0.862673,-0.133010,0.000000,0.615765,0.232207,-0.752936,0.000000,21.291789,0.005527,-0.324394,1.000000;;,
   3680;16;-0.605933,-0.470867,-0.641192,0.000000,-0.521793,0.843649,-0.126444,0.000000,0.600480,0.257953,-0.756890,0.000000,21.291736,0.005468,-0.324348,1.000000;;,
   3840;16;-0.592332,-0.491858,-0.638135,0.000000,-0.554806,0.823335,-0.119621,0.000000,0.584236,0.283186,-0.760574,0.000000,21.291683,0.005405,-0.324299,1.000000;;,
   4000;16;-0.578117,-0.512005,-0.635320,0.000000,-0.586533,0.802053,-0.112652,0.000000,0.567238,0.307510,-0.763988,0.000000,21.291624,0.005344,-0.324252,1.000000;;,
   4160;16;-0.562613,-0.531691,-0.633064,0.000000,-0.617884,0.779187,-0.105292,0.000000,0.549258,0.331921,-0.766904,0.000000,21.291568,0.005283,-0.324204,1.000000;;,
   4320;16;-0.546320,-0.550411,-0.631333,0.000000,-0.647957,0.755366,-0.097840,0.000000,0.530740,0.355625,-0.769314,0.000000,21.291515,0.005222,-0.324158,1.000000;;,
   4480;16;-0.529302,-0.568252,-0.630022,0.000000,-0.676829,0.730578,-0.090325,0.000000,0.511608,0.378608,-0.771306,0.000000,21.291458,0.005161,-0.324110,1.000000;;,
   4640;16;-0.511597,-0.585214,-0.629119,0.000000,-0.704499,0.704861,-0.082774,0.000000,0.491882,0.400867,-0.772888,0.000000,21.291405,0.005098,-0.324063,1.000000;;,
   4800;16;-0.493226,-0.601213,-0.628705,0.000000,-0.730916,0.678308,-0.075234,0.000000,0.471687,0.422423,-0.773995,0.000000,21.291352,0.005037,-0.324017,1.000000;;,
   4960;16;-0.474435,-0.615390,-0.629448,0.000000,-0.755306,0.651837,-0.067981,0.000000,0.452133,0.443174,-0.774062,0.000000,21.291298,0.004974,-0.323966,1.000000;;,
   5120;16;-0.454932,-0.628626,-0.630765,0.000000,-0.778640,0.624517,-0.060814,0.000000,0.432152,0.463473,-0.773587,0.000000,21.291240,0.004911,-0.323918,1.000000;;,
   5280;16;-0.435046,-0.640646,-0.632698,0.000000,-0.800532,0.596861,-0.053909,0.000000,0.412169,0.483043,-0.772519,0.000000,21.291187,0.004852,-0.323874,1.000000;;,
   5440;16;-0.415543,-0.651045,-0.635188,0.000000,-0.820281,0.569978,-0.047575,0.000000,0.393017,0.501263,-0.770890,0.000000,21.291130,0.004791,-0.323824,1.000000;;,
   5600;16;-0.397628,-0.659299,-0.638134,0.000000,-0.836963,0.545629,-0.042206,0.000000,0.376011,0.517312,-0.768767,0.000000,21.291077,0.004730,-0.323777,1.000000;;,
   5760;16;-0.382427,-0.665495,-0.640987,0.000000,-0.850260,0.525004,-0.037793,0.000000,0.361672,0.530553,-0.766620,0.000000,21.291021,0.004686,-0.323728,1.000000;;,
   5920;16;-0.369107,-0.670369,-0.643712,0.000000,-0.861292,0.506965,-0.034090,0.000000,0.349192,0.541841,-0.764508,0.000000,21.290966,0.004642,-0.323681,1.000000;;,
   6080;16;-0.356635,-0.673956,-0.646988,0.000000,-0.870810,0.490636,-0.031076,0.000000,0.338380,0.552321,-0.761866,0.000000,21.290909,0.004593,-0.323634,1.000000;;,
   6240;16;-0.343896,-0.676394,-0.651326,0.000000,-0.879604,0.474841,-0.028692,0.000000,0.328683,0.563042,-0.758255,0.000000,21.290859,0.004547,-0.323586,1.000000;;,
   6400;16;-0.329690,-0.677921,-0.657059,0.000000,-0.888496,0.458098,-0.026827,0.000000,0.319184,0.574950,-0.753361,0.000000,21.290797,0.004499,-0.323538,1.000000;;,
   6560;16;-0.313646,-0.677999,-0.664787,0.000000,-0.897898,0.439514,-0.024621,0.000000,0.308877,0.589189,-0.746626,0.000000,21.290742,0.004436,-0.323484,1.000000;;,
   6720;16;-0.297253,-0.675737,-0.674550,0.000000,-0.906745,0.421091,-0.022257,0.000000,0.299087,0.605030,-0.737892,0.000000,21.290683,0.004375,-0.323431,1.000000;;,
   6880;16;-0.281194,-0.671079,-0.685989,0.000000,-0.914448,0.404181,-0.020555,0.000000,0.291058,0.621522,-0.727320,0.000000,21.290637,0.004316,-0.323379,1.000000;;,
   7040;16;-0.265776,-0.664188,-0.698725,0.000000,-0.920887,0.389326,-0.019802,0.000000,0.285184,0.638184,-0.715116,0.000000,21.290581,0.004255,-0.323328,1.000000;;,
   7200;16;-0.250953,-0.655459,-0.712316,0.000000,-0.926332,0.376187,-0.019807,0.000000,0.280947,0.654871,-0.701578,0.000000,21.290525,0.004194,-0.323275,1.000000;;,
   7360;16;-0.237062,-0.643758,-0.727582,0.000000,-0.930409,0.365942,-0.020635,0.000000,0.279537,0.672057,-0.685709,0.000000,21.290472,0.004129,-0.323222,1.000000;;,
   7520;16;-0.223880,-0.630670,-0.743056,0.000000,-0.933329,0.358293,-0.022893,0.000000,0.280670,0.688390,-0.668837,0.000000,21.290414,0.004070,-0.323169,1.000000;;,
   7680;16;-0.211265,-0.616419,-0.758547,0.000000,-0.935299,0.352881,-0.026270,0.000000,0.283870,0.703918,-0.651088,0.000000,21.290363,0.004009,-0.323117,1.000000;;,
   7840;16;-0.199158,-0.601010,-0.774030,0.000000,-0.936333,0.349771,-0.030667,0.000000,0.289164,0.718642,-0.632405,0.000000,21.290306,0.003948,-0.323062,1.000000;;,
   8000;16;-0.187567,-0.584205,-0.789634,0.000000,-0.936253,0.349461,-0.036152,0.000000,0.297066,0.732517,-0.612511,0.000000,21.290250,0.003889,-0.323011,1.000000;;,
   8160;16;-0.176270,-0.567159,-0.804523,0.000000,-0.935000,0.351996,-0.043286,0.000000,0.307739,0.744600,-0.592340,0.000000,21.290194,0.003826,-0.322959,1.000000;;,
   8320;16;-0.165074,-0.549850,-0.818788,0.000000,-0.932700,0.356935,-0.051658,0.000000,0.320658,0.755157,-0.571766,0.000000,21.290138,0.003761,-0.322907,1.000000;;,
   8480;16;-0.154440,-0.532355,-0.832313,0.000000,-0.928756,0.365557,-0.061478,0.000000,0.336986,0.763522,-0.550885,0.000000,21.290085,0.003702,-0.322854,1.000000;;,
   8640;16;-0.144593,-0.515171,-0.844802,0.000000,-0.923059,0.377785,-0.072391,0.000000,0.356447,0.769335,-0.530159,0.000000,21.290027,0.003641,-0.322809,1.000000;;,
   8800;16;-0.135518,-0.499242,-0.855798,0.000000,-0.916103,0.392114,-0.083678,0.000000,0.377347,0.772659,-0.510496,0.000000,21.289976,0.003584,-0.322761,1.000000;;,
   8960;16;-0.127381,-0.485718,-0.864784,0.000000,-0.908940,0.406139,-0.094229,0.000000,0.396991,0.774034,-0.493223,0.000000,21.289917,0.003536,-0.322713,1.000000;;,
   9120;16;-0.120098,-0.473806,-0.872400,0.000000,-0.901101,0.420827,-0.104505,0.000000,0.416644,0.773571,-0.477488,0.000000,21.289859,0.003489,-0.322664,1.000000;;,
