xof 0303txt 0032
template Frame {
 <3d82ab46-62da-11cf-ab39-0020af71e433>
 [...]
}

template Matrix4x4 {
 <f6f23f45-7686-11cf-8f52-0040333594a3>
 array FLOAT matrix[16];
}

template FrameTransformMatrix {
 <f6f23f41-7686-11cf-8f52-0040333594a3>
 Matrix4x4 frameMatrix;
}

template AnimTicksPerSecond {
 <9e415a43-7ba6-4a73-8743-b73d47e88476>
 DWORD AnimTicksPerSecond;
}

template Animation {
 <3d82ab4f-62da-11cf-ab39-0020af71e433>
 [...]
}

template AnimationSet {
 <3d82ab50-62da-11cf-ab39-0020af71e433>
 [Animation <3d82ab4f-62da-11cf-ab39-0020af71e433>]
}

template FloatKeys {
 <10dd46a9-775b-11cf-8f52-0040333594a3>
 DWORD nValues;
 array FLOAT values[nValues];
}

template TimedFloatKeys {
 <f406b180-7b3b-11cf-8f52-0040333594a3>
 DWORD time;
 FloatKeys tfkeys;
}

template AnimationKey {
 <10dd46a8-775b-11cf-8f52-0040333594a3>
 DWORD keyType;
 DWORD nKeys;
 array TimedFloatKeys keys[nKeys];
}


Frame ARM_fox_framework {
 

 FrameTransformMatrix {
  -0.003937,0.000000,-0.000000,0.000000,-0.000000,-0.000000,0.003937,0.000000,-0.000000,0.003937,0.000000,0.000000,0.000000,0.000000,0.000000,1.000000;;
 }

 Frame _0__-com {
  

  FrameTransformMatrix {
   0.892126,0.445833,-0.073106,0.000000,-0.044170,0.247113,0.967980,0.000000,0.449623,-0.860330,0.240148,0.000000,0.000000,9.478500,29.974602,1.000000;;
  }

  Frame _1___body {
   

   FrameTransformMatrix {
    -0.000000,0.000000,1.000000,0.000000,1.000000,-0.000000,0.000000,0.000000,0.000000,1.000000,0.000000,0.000000,0.000099,-0.000002,-13.042601,1.000000;;
   }

   Frame _3___chest {
    

    FrameTransformMatrix {
     0.481402,0.000045,-0.876499,0.000000,0.045827,0.998631,0.025221,0.000000,0.875300,-0.052309,0.480741,0.000000,21.263602,-0.000100,-0.320404,1.000000;;
    }

    Frame _7__-neck1 {
     

     FrameTransformMatrix {
      0.801364,-0.116838,-0.586656,0.000000,0.244324,0.959133,0.142721,0.000000,0.546006,-0.257706,0.797161,0.000000,-0.012400,0.001801,31.665597,1.000000;;
     }

     Frame _11__-claviclel {
      

      FrameTransformMatrix {
       -0.717258,0.364485,-0.593881,0.000000,-0.562316,0.200568,0.802232,0.000000,0.411513,0.909354,0.061096,0.000000,1.662403,2.808101,-6.249399,1.000000;;
      }

      Frame _16___arm1l {
       

       FrameTransformMatrix {
        0.480950,-0.589361,-0.649108,0.000000,0.716705,-0.162154,0.678264,0.000000,-0.504997,-0.791429,0.344409,0.000000,0.000477,0.000011,9.104926,1.000000;;
       }

       Frame _21___arm2l {
        

        FrameTransformMatrix {
         0.680098,-0.000000,0.733121,0.000000,0.000000,1.000000,0.000000,0.000000,-0.733121,0.000000,0.680098,0.000000,-0.000415,-0.000478,23.361363,1.000000;;
        }

        Frame _24___hand1l {
         

         FrameTransformMatrix {
          0.906381,-0.147710,0.395797,0.000000,0.104927,0.986237,0.127775,0.000000,-0.409223,-0.074283,0.909405,0.000000,0.000607,0.000062,21.383954,1.000000;;
         }

         Frame _26___hand2l {
          

          FrameTransformMatrix {
           0.917184,0.158296,0.365669,0.000000,-0.147800,0.987389,-0.056720,0.000000,-0.370037,-0.002023,0.929014,0.000000,-0.000286,0.000234,7.661070,1.000000;;
          }

          Frame _26___hand2l_end {
           

           FrameTransformMatrix {
            1.000000,0.000000,0.000000,0.000000,0.000000,1.000000,0.000000,0.000000,0.000000,0.000000,1.000000,0.000000,0.000000,0.000001,1.000038,1.000000;;
           }
          }
         }
        }
       }
      }
     }

     Frame _12__-clavicler {
      

      FrameTransformMatrix {
       -0.484760,-0.850245,-0.205170,0.000000,0.768985,-0.302539,-0.563148,0.000000,0.416740,-0.430763,0.800482,0.000000,2.623203,-5.078400,-4.130598,1.000000;;
      }

      Frame _17___arm1r {
       

       FrameTransformMatrix {
        0.622353,0.172643,-0.763462,0.000000,-0.782208,0.173080,-0.598496,0.000000,0.028814,0.969659,0.242759,0.000000,-0.000521,0.000072,9.105350,1.000000;;
       }

       Frame _22___arm2r {
        

        FrameTransformMatrix {
         -0.400080,0.000000,0.916480,0.000000,0.000000,1.000000,0.000000,0.000000,-0.916480,-0.000000,-0.400080,0.000000,-0.000241,0.000093,23.361242,1.000000;;
        }

        Frame _25___hand1r {
         

         FrameTransformMatrix {
          0.713781,-0.025894,-0.699890,0.000000,-0.119632,0.980122,-0.158269,0.000000,0.690076,0.196699,0.696494,0.000000,-0.000048,-0.001163,21.384267,1.000000;;
         }

         Frame _27___hand2r {
          

          FrameTransformMatrix {
           0.600803,0.078136,-0.795570,0.000000,-0.269193,0.956862,-0.109314,0.000000,0.752709,0.279838,0.595919,0.000000,-0.000004,0.000206,7.660965,1.000000;;
          }

          Frame _27___hand2r_end {
           

           FrameTransformMatrix {
            1.000000,0.000000,0.000000,0.000000,-0.000000,1.000000,-0.000000,0.000000,-0.000000,0.000000,1.000000,0.000000,0.000000,0.000002,1.000038,1.000000;;
           }
          }
         }
        }
       }
      }
     }

     Frame _13__-neck2 {
      

      FrameTransformMatrix {
       0.999789,0.000174,0.020563,0.000000,-0.004795,0.974374,0.224883,0.000000,-0.019997,-0.224934,0.974169,0.000000,-0.011398,0.000003,19.369902,1.000000;;
      }

      Frame _18___head {
       

       FrameTransformMatrix {
        0.183309,-0.056052,0.981457,0.000000,-0.202869,0.974726,0.093558,0.000000,-0.961895,-0.216257,0.167305,0.000000,0.000404,-0.000270,14.320797,1.000000;;
       }

       Frame _23___head2 {
        

        FrameTransformMatrix {
         -0.079072,-0.000020,-0.996870,0.000000,0.000019,1.000000,-0.000022,0.000000,0.996870,-0.000021,-0.079072,0.000000,12.307312,-0.000359,-1.642948,1.000000;;
        }

        Frame _23___head2_end {
         

         FrameTransformMatrix {
          1.000000,0.000000,0.000000,0.000000,-0.000000,1.000000,-0.000000,0.000000,-0.000000,0.000000,1.000000,0.000000,0.000000,-0.000004,0.999962,1.000000;;
         }
        }
       }
      }
     }
    }
   }

   Frame _4___leg1l {
    

    FrameTransformMatrix {
     0.175088,-0.671796,0.719754,0.000000,0.352190,-0.639932,-0.682967,0.000000,0.919404,0.373068,0.124555,0.000000,0.000504,9.282014,0.000330,1.000000;;
    }

    Frame _8___leg2l {
     

     FrameTransformMatrix {
      -0.404565,0.000000,0.914509,0.000000,0.000000,1.000000,0.000000,0.000000,-0.914509,-0.000000,-0.404565,0.000000,0.000111,0.000580,18.581906,1.000000;;
     }

     Frame _14___leg3l {
      

      FrameTransformMatrix {
       0.468327,0.000000,-0.883555,0.000000,0.000000,1.000000,0.000000,0.000000,0.883555,-0.000000,0.468327,0.000000,0.000156,0.000492,24.785549,1.000000;;
      }

      Frame _19__-footl {
       

       FrameTransformMatrix {
        0.669886,0.560651,0.486748,0.000000,0.010844,0.648127,-0.761455,0.000000,-0.742385,0.515366,0.428091,0.000000,0.000244,-0.000477,14.705179,1.000000;;
       }

       Frame _19__-footl_end {
        

        FrameTransformMatrix {
         1.000000,-0.000000,-0.000000,0.000000,0.000000,1.000000,-0.000000,0.000000,-0.000000,0.000000,1.000000,0.000000,0.000000,0.000004,1.000000,1.000000;;
        }
       }
      }
     }
    }
   }

   Frame _5___leg1r {
    

    FrameTransformMatrix {
     0.954956,-0.026373,0.295551,0.000000,-0.188346,-0.823544,0.535079,0.000000,0.229290,-0.566646,-0.791421,0.000000,-0.000483,-9.282023,-0.000238,1.000000;;
    }

    Frame _9___leg2r {
     

     FrameTransformMatrix {
      -0.659000,0.000000,0.752143,0.000000,0.000000,1.000000,0.000000,0.000000,-0.752142,0.000000,-0.659000,0.000000,0.000709,0.000639,18.582144,1.000000;;
     }

     Frame _15___leg3r {
      

      FrameTransformMatrix {
       -0.427119,0.000000,-0.904196,0.000000,0.000000,1.000000,-0.000000,0.000000,0.904195,-0.000000,-0.427119,0.000000,0.000812,-0.000956,24.787422,1.000000;;
      }

      Frame _20__-footr {
       

       FrameTransformMatrix {
        0.730452,0.382122,0.566059,0.000000,-0.598170,0.757937,0.260238,0.000000,-0.329595,-0.528691,0.782210,0.000000,-0.000160,-0.000273,14.704930,1.000000;;
       }

       Frame _20__-footr_end {
        

        FrameTransformMatrix {
         1.000000,0.000000,0.000000,0.000000,-0.000000,1.000000,0.000000,0.000000,0.000000,0.000000,1.000000,0.000000,0.000003,-0.000004,1.000001,1.000000;;
        }
       }
      }
     }
    }
   }

   Frame _6___tail1 {
    

    FrameTransformMatrix {
     0.800421,0.000000,0.599439,0.000000,-0.000000,1.000000,0.000000,0.000000,-0.599439,-0.000000,0.800421,0.000000,-7.321406,0.000001,2.950695,1.000000;;
    }

    Frame _10___tail2 {
     

     FrameTransformMatrix {
      0.823581,-0.000000,-0.567198,0.000000,0.000000,1.000000,-0.000000,0.000000,0.567198,0.000000,0.823581,0.000000,-0.021000,0.000001,41.608195,1.000000;;
     }

     Frame _10___tail2_end {
      

      FrameTransformMatrix {
       1.000000,0.000000,0.000000,0.000000,-0.000000,1.000000,0.000000,0.000000,0.000000,-0.000000,1.000000,0.000000,0.000000,0.000001,0.999954,1.000000;;
      }
     }
    }
   }
  }

  Frame _2__-footsteps {
   

   FrameTransformMatrix {
    0.445833,0.247112,-0.860329,0.000000,-0.073106,0.967980,0.240148,0.000000,0.892125,-0.044170,0.449623,0.000000,2.198401,-29.087603,-7.216102,1.000000;;
   }

   Frame _2__-footsteps_end {
    

    FrameTransformMatrix {
     1.000000,0.000000,0.000000,0.000000,0.000000,1.000000,0.000000,0.000000,-0.000000,-0.000000,1.000000,0.000000,0.000000,-0.000000,1.000000,1.000000;;
    }
   }
  }
 }
}

AnimTicksPerSecond  {
 4800;
}

AnimationSet Dummy {
 

 Animation {
  
  { ARM_fox_framework }

  AnimationKey  {
   4;
   2;
   0;16;-0.003937,0.000000,-0.000000,0.000000,-0.000000,-0.000000,0.003937,0.000000,-0.000000,0.003937,0.000000,0.000000,0.000000,0.000000,0.000000,1.000000;;,
   51200;16;-0.003937,0.000000,-0.000000,0.000000,-0.000000,-0.000000,0.003937,0.000000,-0.000000,0.003937,0.000000,0.000000,0.000000,0.000000,0.000000,1.000000;;;
  }
 }

 Animation {
  
  { _0__-com }

  AnimationKey  {
   4;
   321;
   0;16;0.892126,0.445833,-0.073106,0.000000,-0.044170,0.247113,0.967980,0.000000,0.449623,-0.860330,0.240148,0.000000,0.000000,9.478500,29.974602,1.000000;;,
   160;16;0.892732,0.444667,-0.072806,0.000000,-0.043876,0.246598,0.968124,0.000000,0.448447,-0.861081,0.239657,0.000000,0.015536,9.428957,29.944381,1.000000;;,
   320;16;0.894226,0.441777,-0.072062,0.000000,-0.043665,0.246316,0.968205,0.000000,0.445481,-0.862648,0.239553,0.000000,0.054114,9.306044,29.914147,1.000000;;,
   480;16;0.896177,0.437966,-0.071082,0.000000,-0.043497,0.246152,0.968255,0.000000,0.441560,-0.864636,0.239646,0.000000,0.105066,9.143857,29.871946,1.000000;;,
   640;16;0.898383,0.433604,-0.069962,0.000000,-0.043350,0.246051,0.968287,0.000000,0.437068,-0.866860,0.239845,0.000000,0.163466,8.958162,29.815136,1.000000;;,
   800;16;0.900866,0.428629,-0.068688,0.000000,-0.043226,0.246019,0.968301,0.000000,0.431941,-0.869340,0.240158,0.000000,0.230131,8.746409,29.750458,1.000000;;,
   960;16;0.903734,0.422787,-0.067200,0.000000,-0.043005,0.245840,0.968356,0.000000,0.425929,-0.872246,0.240355,0.000000,0.308371,8.498057,29.674688,1.000000;;,
   1120;16;0.905860,0.418390,-0.066081,0.000000,-0.042724,0.245462,0.968464,0.000000,0.421416,-0.874470,0.240230,0.000000,0.367272,8.311186,29.617734,1.000000;;,
   1280;16;0.907280,0.415422,-0.065327,0.000000,-0.042682,0.245511,0.968454,0.000000,0.418355,-0.875871,0.240479,0.000000,0.407099,8.184900,29.586026,1.000000;;,
   1440;16;0.908099,0.413697,-0.064889,0.000000,-0.042885,0.246018,0.968316,0.000000,0.416553,-0.876545,0.241150,0.000000,0.430294,8.111387,29.573283,1.000000;;,
   1600;16;0.908493,0.412865,-0.064679,0.000000,-0.043053,0.246414,0.968208,0.000000,0.415677,-0.876825,0.241641,0.000000,0.441476,8.075947,29.560538,1.000000;;,
   1760;16;0.908539,0.412768,-0.064654,0.000000,-0.043196,0.246721,0.968124,0.000000,0.415562,-0.876785,0.241985,0.000000,0.442775,8.071829,29.547786,1.000000;;,
   1920;16;0.907807,0.414313,-0.065042,0.000000,-0.043287,0.246825,0.968093,0.000000,0.417148,-0.876026,0.242004,0.000000,0.420663,8.139423,29.581427,1.000000;;,
   2080;16;0.905183,0.419797,-0.066433,0.000000,-0.043232,0.246436,0.968195,0.000000,0.422817,-0.873522,0.241218,0.000000,0.345451,8.374606,29.675754,1.000000;;,
   2240;16;0.900021,0.430331,-0.069124,0.000000,-0.043297,0.246089,0.968280,0.000000,0.433692,-0.868479,0.240117,0.000000,0.204056,8.822702,29.819245,1.000000;;,
   2400;16;0.892126,0.445833,-0.073107,0.000000,-0.044170,0.247113,0.967980,0.000000,0.449623,-0.860330,0.240148,0.000000,0.000000,9.478500,29.974602,1.000000;;,
   2560;16;0.882305,0.464184,-0.077923,0.000000,-0.045241,0.248423,0.967595,0.000000,0.468499,-0.850188,0.240185,0.000000,-0.246428,10.263907,30.114509,1.000000;;,
   2720;16;0.870390,0.485225,-0.083529,0.000000,-0.046526,0.249947,0.967141,0.000000,0.490159,-0.837904,0.240127,0.000000,-0.535235,11.178861,30.261430,1.000000;;,
   2880;16;0.855381,0.510074,-0.090262,0.000000,-0.048118,0.251740,0.966598,0.000000,0.515759,-0.822467,0.239877,0.000000,-0.873771,12.267035,30.421328,1.000000;;,
   3040;16;0.836567,0.538991,-0.098203,0.000000,-0.050093,0.253746,0.965973,0.000000,0.545569,-0.803182,0.239275,0.000000,-1.260920,13.541173,30.597619,1.000000;;,
   3200;16;0.813629,0.571416,-0.107198,0.000000,-0.052490,0.255830,0.965296,0.000000,0.579010,-0.779765,0.238144,0.000000,-1.687100,14.983102,30.791203,1.000000;;,
   3360;16;0.781697,0.612158,-0.119215,0.000000,-0.055677,0.258889,0.964301,0.000000,0.621168,-0.747154,0.236456,0.000000,-2.217564,16.828405,31.010701,1.000000;;,
   3520;16;0.742135,0.656921,-0.133004,0.000000,-0.059511,0.262239,0.963166,0.000000,0.667603,-0.706885,0.233710,0.000000,-2.814039,18.935710,31.253619,1.000000;;,
   3680;16;0.701983,0.697194,-0.145397,0.000000,-0.063340,0.264462,0.962314,0.000000,0.709372,-0.666318,0.229808,0.000000,-3.368848,20.923904,31.507830,1.000000;;,
   3840;16;0.665575,0.729941,-0.155550,0.000000,-0.066539,0.265626,0.961777,0.000000,0.743359,-0.629785,0.225364,0.000000,-3.830460,22.616378,31.765085,1.000000;;,
   4000;16;0.633106,0.756528,-0.163835,0.000000,-0.069119,0.266061,0.961475,0.000000,0.770973,-0.597391,0.220735,0.000000,-4.203500,24.041061,32.020973,1.000000;;,
   4160;16;0.607547,0.775817,-0.170280,0.000000,-0.070994,0.266564,0.961199,0.000000,0.791105,-0.571885,0.217028,0.000000,-4.459635,25.094525,32.284826,1.000000;;,
   4320;16;0.594865,0.784942,-0.173212,0.000000,-0.071958,0.266620,0.961112,0.000000,0.800598,-0.559268,0.215086,0.000000,-4.579487,25.602155,32.553293,1.000000;;,
   4480;16;0.590900,0.787759,-0.173990,0.000000,-0.072102,0.266375,0.961169,0.000000,0.803517,-0.555410,0.214200,0.000000,-4.615121,25.753653,32.825229,1.000000;;,
   4640;16;0.591562,0.787382,-0.173444,0.000000,-0.071624,0.265593,0.961421,0.000000,0.803071,-0.556318,0.213511,0.000000,-4.609394,25.716198,33.100662,1.000000;;,
   4800;16;0.593078,0.786484,-0.172342,0.000000,-0.070702,0.264097,0.961901,0.000000,0.802035,-0.558298,0.212236,0.000000,-4.595961,25.634510,33.380806,1.000000;;,
   4960;16;0.595636,0.784846,-0.170978,0.000000,-0.069691,0.262548,0.962399,0.000000,0.800226,-0.561324,0.211079,0.000000,-4.572232,25.509782,33.665523,1.000000;;,
   5120;16;0.598842,0.782719,-0.169527,0.000000,-0.068713,0.261114,0.962860,0.000000,0.797914,-0.564952,0.210149,0.000000,-4.542018,25.360197,33.959251,1.000000;;,
   5280;16;0.602792,0.780033,-0.167901,0.000000,-0.067694,0.259667,0.963323,0.000000,0.795022,-0.569317,0.209328,0.000000,-4.504351,25.179819,34.258922,1.000000;;,
   5440;16;0.607315,0.776899,-0.166125,0.000000,-0.066639,0.258183,0.963795,0.000000,0.791662,-0.574257,0.208570,0.000000,-4.460685,24.974939,34.554784,1.000000;;,
   5600;16;0.611977,0.773611,-0.164347,0.000000,-0.065623,0.256757,0.964246,0.000000,0.788148,-0.579311,0.207896,0.000000,-4.414900,24.764099,34.830506,1.000000;;,
   5760;16;0.616226,0.770568,-0.162759,0.000000,-0.064726,0.255512,0.964637,0.000000,0.784905,-0.583900,0.207329,0.000000,-4.372736,24.571710,35.068966,1.000000;;,
   5920;16;0.620381,0.767548,-0.161236,0.000000,-0.063894,0.254357,0.964997,0.000000,0.781693,-0.588364,0.206840,0.000000,-4.331198,24.383805,35.284125,1.000000;;,
   6080;16;0.624822,0.764271,-0.159648,0.000000,-0.063055,0.253202,0.965356,0.000000,0.778217,-0.593109,0.206397,0.000000,-4.286027,24.182907,35.492454,1.000000;;,
   6240;16;0.629845,0.760506,-0.157879,0.000000,-0.062149,0.251957,0.965741,0.000000,0.774231,-0.598455,0.205959,0.000000,-4.233873,23.954968,35.710198,1.000000;;,
   6400;16;0.635662,0.756075,-0.155835,0.000000,-0.061128,0.250532,0.966177,0.000000,0.769544,-0.604636,0.205471,0.000000,-4.172300,23.689402,35.953398,1.000000;;,
   6560;16;0.642594,0.750689,-0.153425,0.000000,-0.059928,0.248868,0.966682,0.000000,0.763860,-0.611989,0.204909,0.000000,-4.098881,23.373432,36.236400,1.000000;;,
   6720;16;0.650426,0.744467,-0.150714,0.000000,-0.058612,0.247021,0.967236,0.000000,0.757304,-0.620282,0.204304,0.000000,-4.014407,23.013666,36.542829,1.000000;;,
   6880;16;0.658732,0.737711,-0.147836,0.000000,-0.057257,0.245075,0.967812,0.000000,0.750196,-0.629064,0.203678,0.000000,-3.921157,22.624168,36.855811,1.000000;;,
   7040;16;0.667212,0.730641,-0.144888,0.000000,-0.055910,0.243091,0.968391,0.000000,0.742767,-0.638021,0.203044,0.000000,-3.820730,22.214302,37.164746,1.000000;;,
   7200;16;0.675691,0.723394,-0.141929,0.000000,-0.054595,0.241103,0.968963,0.000000,0.735161,-0.646970,0.202405,0.000000,-3.714050,21.788710,37.465312,1.000000;;,
   7360;16;0.684556,0.715610,-0.138874,0.000000,-0.053246,0.239087,0.969537,0.000000,0.727013,-0.656308,0.201772,0.000000,-3.596602,21.330560,37.764582,1.000000;;,
   7520;16;0.693543,0.707508,-0.135756,0.000000,-0.051907,0.237027,0.970115,0.000000,0.718542,-0.665770,0.201113,0.000000,-3.479466,20.873349,38.063891,1.000000;;,
   7680;16;0.702588,0.699135,-0.132591,0.000000,-0.050585,0.234927,0.970696,0.000000,0.709797,-0.675293,0.200423,0.000000,-3.365445,20.424021,38.365056,1.000000;;,
   7840;16;0.711687,0.690481,-0.129377,0.000000,-0.049281,0.232786,0.971279,0.000000,0.700766,-0.684870,0.199698,0.000000,-3.254519,19.982414,38.668160,1.000000;;,
   8000;16;0.720891,0.681480,-0.126098,0.000000,-0.047992,0.230597,0.971865,0.000000,0.691385,-0.694557,0.198941,0.000000,-3.143850,19.541290,38.971565,1.000000;;,
   8160;16;0.730103,0.672207,-0.122831,0.000000,-0.046705,0.228419,0.972442,0.000000,0.681739,-0.704246,0.198165,0.000000,-3.024370,19.083539,39.264314,1.000000;;,
   8320;16;0.739462,0.662512,-0.119472,0.000000,-0.045417,0.226160,0.973031,0.000000,0.671664,-0.714094,0.197326,0.000000,-2.893798,18.599522,39.553670,1.000000;;,
   8480;16;0.748862,0.652486,-0.116057,0.000000,-0.044147,0.223845,0.973625,0.000000,0.661255,-0.723986,0.196434,0.000000,-2.754861,18.097502,39.837085,1.000000;;,
   8640;16;0.757974,0.642474,-0.112701,0.000000,-0.042938,0.221549,0.974204,0.000000,0.650870,-0.733582,0.195515,0.000000,-2.614722,17.598525,40.109021,1.000000;;,
   8800;16;0.766274,0.633096,-0.109610,0.000000,-0.041851,0.219414,0.974734,0.000000,0.641150,-0.742326,0.194627,0.000000,-2.484967,17.136469,40.360906,1.000000;;,
   8960;16;0.773315,0.624931,-0.106985,0.000000,-0.040926,0.217590,0.975182,0.000000,0.632700,-0.749744,0.193842,0.000000,-2.375470,16.742643,40.580829,1.000000;;,
   9120;16;0.779567,0.617518,-0.104627,0.000000,-0.040118,0.215940,0.975582,0.000000,0.625033,-0.756334,0.193113,0.000000,-2.277359,16.389765,40.777885,1.000000;;,
   9280;16;0.785478,0.610363,-0.102380,0.000000,-0.039360,0.214356,0.975962,0.000000,0.617637,-0.762567,0.192396,0.000000,-2.183041,16.050541,40.967328,1.000000;;,
   9440;16;0.791481,0.602944,-0.100078,0.000000,-0.038593,0.212718,0.976351,0.000000,0.609974,-0.768901,0.191632,0.000000,-2.084930,15.697661,41.164378,1.000000;;,
   9600;16;0.798000,0.594711,-0.097548,0.000000,-0.037768,0.210894,0.976779,0.000000,0.601473,-0.775785,0.190754,0.000000,-1.975433,15.303835,41.384301,1.000000;;,
   9760;16;0.805403,0.585119,-0.094663,0.000000,-0.036826,0.208797,0.977265,0.000000,0.591582,-0.783607,0.189714,0.000000,-1.847438,14.840834,41.644189,1.000000;;,
   9920;16;0.813173,0.574769,-0.091596,0.000000,-0.035848,0.206538,0.977782,0.000000,0.580916,-0.791822,0.188556,0.000000,-1.709223,14.340824,41.924854,1.000000;;,
   10080;16;0.820811,0.564297,-0.088530,0.000000,-0.034896,0.204240,0.978299,0.000000,0.570132,-0.799909,0.187334,0.000000,-1.569407,13.839272,42.204285,1.000000;;,
   10240;16;0.828061,0.554069,-0.085576,0.000000,-0.033998,0.201986,0.978798,0.000000,0.559607,-0.807595,0.186094,0.000000,-1.432858,13.356278,42.469610,1.000000;;,
   10400;16;0.834885,0.544168,-0.082756,0.000000,-0.033159,0.199799,0.979276,0.000000,0.549425,-0.814838,0.184853,0.000000,-1.300687,12.896582,42.717219,1.000000;;,
   10560;16;0.841339,0.534544,-0.080074,0.000000,-0.032350,0.197681,0.979733,0.000000,0.539539,-0.821696,0.183609,0.000000,-1.171348,12.455626,42.949920,1.000000;;,
   10720;16;0.847398,0.525269,-0.077517,0.000000,-0.031588,0.195609,0.980173,0.000000,0.530018,-0.828148,0.182351,0.000000,-1.046905,12.032796,43.175200,1.000000;;,
   10880;16;0.853147,0.516243,-0.075056,0.000000,-0.030863,0.193573,0.980601,0.000000,0.520756,-0.834280,0.181079,0.000000,-0.926112,11.622718,43.395907,1.000000;;,
   11040;16;0.858599,0.507468,-0.072690,0.000000,-0.030174,0.191573,0.981015,0.000000,0.511759,-0.840105,0.179796,0.000000,-0.808903,11.225245,43.612010,1.000000;;,
   11200;16;0.863700,0.499059,-0.070447,0.000000,-0.029521,0.189627,0.981412,0.000000,0.503141,-0.845566,0.178513,0.000000,-0.696393,10.845470,43.820595,1.000000;;,
   11360;16;0.868263,0.491362,-0.068426,0.000000,-0.028903,0.187794,0.981783,0.000000,0.495261,-0.850468,0.177256,0.000000,-0.593519,10.499255,44.017402,1.000000;;,
   11520;16;0.872604,0.483882,-0.066479,0.000000,-0.028302,0.185971,0.982147,0.000000,0.487607,-0.855145,0.175974,0.000000,-0.493813,10.164264,44.212048,1.000000;;,
   11680;16;0.876619,0.476822,-0.064655,0.000000,-0.027727,0.184199,0.982498,0.000000,0.480386,-0.859484,0.174693,0.000000,-0.399754,9.849081,44.400435,1.000000;;,
   11840;16;0.880177,0.470444,-0.063020,0.000000,-0.027195,0.182538,0.982823,0.000000,0.473866,-0.863344,0.173459,0.000000,-0.314801,9.565113,44.576362,1.000000;;,
   12000;16;0.883123,0.465072,-0.061652,0.000000,-0.026726,0.181074,0.983106,0.000000,0.468379,-0.866556,0.172340,0.000000,-0.243400,9.326600,44.731606,1.000000;;,
   12160;16;0.885403,0.460859,-0.060588,0.000000,-0.026438,0.180065,0.983299,0.000000,0.464072,-0.869014,0.171614,0.000000,-0.186903,9.137726,44.860886,1.000000;;,
   12320;16;0.887187,0.457526,-0.059747,0.000000,-0.026052,0.178952,0.983513,0.000000,0.460674,-0.871003,0.170684,0.000000,-0.141494,8.986081,44.971507,1.000000;;,
   12480;16;0.888617,0.454831,-0.059067,0.000000,-0.025680,0.177922,0.983710,0.000000,0.457931,-0.872624,0.169785,0.000000,-0.104892,8.863992,45.070208,1.000000;;,
   12640;16;0.889871,0.452451,-0.058466,0.000000,-0.025358,0.177012,0.983882,0.000000,0.455507,-0.874045,0.168992,0.000000,-0.073598,8.759709,45.165053,1.000000;;,
   12800;16;0.891167,0.449973,-0.057841,0.000000,-0.025051,0.176107,0.984052,0.000000,0.452983,-0.875506,0.168213,0.000000,-0.042900,8.657401,45.265504,1.000000;;,
   12960;16;0.892525,0.447358,-0.057184,0.000000,-0.024666,0.175025,0.984255,0.000000,0.450323,-0.877062,0.167249,0.000000,-0.013975,8.561004,45.373622,1.000000;;,
   13120;16;0.893780,0.444924,-0.056571,0.000000,-0.024267,0.173920,0.984461,0.000000,0.447849,-0.878518,0.166243,0.000000,0.010448,8.479691,45.482288,1.000000;;,
   13280;16;0.894960,0.442618,-0.055992,0.000000,-0.023872,0.172831,0.984662,0.000000,0.445507,-0.879897,0.165243,0.000000,0.033485,8.403022,45.591117,1.000000;;,
   13440;16;0.896091,0.440395,-0.055437,0.000000,-0.023486,0.171763,0.984858,0.000000,0.443248,-0.881221,0.164259,0.000000,0.057100,8.324415,45.699872,1.000000;;,
   13600;16;0.897193,0.438214,-0.054897,0.000000,-0.023095,0.170687,0.985055,0.000000,0.441035,-0.882516,0.163259,0.000000,0.082100,8.241167,45.808464,1.000000;;,
   13760;16;0.898215,0.436177,-0.054396,0.000000,-0.022732,0.169681,0.985237,0.000000,0.438968,-0.883718,0.162325,0.000000,0.107100,8.157922,45.917066,1.000000;;,
   13920;16;0.899185,0.434233,-0.053920,0.000000,-0.022359,0.168663,0.985420,0.000000,0.436997,-0.884869,0.161369,0.000000,0.132100,8.074674,46.025658,1.000000;;,
   14080;16;0.900116,0.432358,-0.053462,0.000000,-0.021997,0.167665,0.985599,0.000000,0.435096,-0.885977,0.160429,0.000000,0.157100,7.991427,46.134256,1.000000;;,
   14240;16;0.901007,0.430553,-0.053020,0.000000,-0.021645,0.166687,0.985772,0.000000,0.433265,-0.887040,0.159506,0.000000,0.182100,7.908181,46.242848,1.000000;;,
   14400;16;0.901847,0.428843,-0.052603,0.000000,-0.021283,0.165698,0.985947,0.000000,0.431532,-0.888053,0.158561,0.000000,0.207100,7.824934,46.351437,1.000000;;,
   14560;16;0.902622,0.427253,-0.052230,0.000000,-0.020921,0.164747,0.986114,0.000000,0.429925,-0.888996,0.157643,0.000000,0.232100,7.741686,46.460029,1.000000;;,
   14720;16;0.903380,0.425693,-0.051867,0.000000,-0.020556,0.163791,0.986281,0.000000,0.428349,-0.889920,0.156716,0.000000,0.259111,7.651630,46.573146,1.000000;;,
   14880;16;0.904100,0.424204,-0.051516,0.000000,-0.020211,0.162870,0.986441,0.000000,0.426842,-0.890800,0.155825,0.000000,0.286961,7.558731,46.688157,1.000000;;,
   15040;16;0.904762,0.422830,-0.051188,0.000000,-0.019882,0.161982,0.986593,0.000000,0.425452,-0.891615,0.154962,0.000000,0.312800,7.472643,46.798634,1.000000;;,
   15200;16;0.905341,0.421624,-0.050898,0.000000,-0.019540,0.161078,0.986748,0.000000,0.424235,-0.892349,0.154069,0.000000,0.332100,7.408701,46.894406,1.000000;;,
   15360;16;0.905822,0.420619,-0.050659,0.000000,-0.019316,0.160454,0.986854,0.000000,0.423218,-0.892936,0.153467,0.000000,0.342902,7.373212,46.958003,1.000000;;,
   15520;16;0.906230,0.419763,-0.050459,0.000000,-0.019073,0.159817,0.986962,0.000000,0.422355,-0.893452,0.152837,0.000000,0.349078,7.352921,47.021590,1.000000;;,
   15680;16;0.906589,0.419008,-0.050285,0.000000,-0.018816,0.159171,0.987072,0.000000,0.421595,-0.893922,0.152187,0.000000,0.352442,7.341869,47.080861,1.000000;;,
   15840;16;0.906929,0.418291,-0.050122,0.000000,-0.018542,0.158494,0.987186,0.000000,0.420875,-0.894378,0.151499,0.000000,0.355110,7.333102,47.135789,1.000000;;,
   16000;16;0.907286,0.417537,-0.049950,0.000000,-0.018235,0.157736,0.987313,0.000000,0.420119,-0.894864,0.150725,0.000000,0.359500,7.318680,47.190723,1.000000;;,
   16160;16;0.907679,0.416704,-0.049760,0.000000,-0.017937,0.156984,0.987439,0.000000,0.419281,-0.895385,0.149965,0.000000,0.366332,7.296234,47.264608,1.000000;;,
   16320;16;0.908070,0.415875,-0.049572,0.000000,-0.017638,0.156230,0.987563,0.000000,0.418447,-0.895902,0.149203,0.000000,0.373708,7.272000,47.344384,1.000000;;,
   16480;16;0.908436,0.415097,-0.049396,0.000000,-0.017331,0.155463,0.987690,0.000000,0.417666,-0.896396,0.148422,0.000000,0.381253,7.247215,47.425971,1.000000;;,
   16640;16;0.908766,0.414391,-0.049238,0.000000,-0.017011,0.154680,0.987818,0.000000,0.416959,-0.896858,0.147617,0.000000,0.388727,7.222659,47.506806,1.000000;;,
   16800;16;0.909065,0.413751,-0.049096,0.000000,-0.016685,0.153891,0.987947,0.000000,0.416320,-0.897289,0.146801,0.000000,0.396033,7.198654,47.585821,1.000000;;,
   16960;16;0.909297,0.413256,-0.048976,0.000000,-0.016357,0.153091,0.988077,0.000000,0.415826,-0.897654,0.145964,0.000000,0.403340,7.174649,47.664838,1.000000;;,
   17120;16;0.909527,0.412760,-0.048875,0.000000,-0.016037,0.152351,0.988196,0.000000,0.415334,-0.898008,0.145187,0.000000,0.410647,7.150643,47.743850,1.000000;;,
   17280;16;0.909721,0.412344,-0.048786,0.000000,-0.015726,0.151626,0.988313,0.000000,0.414922,-0.898322,0.144422,0.000000,0.417953,7.126639,47.822874,1.000000;;,
   17440;16;0.909878,0.412005,-0.048712,0.000000,-0.015410,0.150894,0.988430,0.000000,0.414589,-0.898600,0.143645,0.000000,0.425260,7.102633,47.901891,1.000000;;,
   17600;16;0.910034,0.411667,-0.048664,0.000000,-0.015066,0.150162,0.988547,0.000000,0.414260,-0.898878,0.142855,0.000000,0.432567,7.078626,47.980912,1.000000;;,
   17760;16;0.910005,0.411739,-0.048606,0.000000,-0.014805,0.149435,0.988661,0.000000,0.414334,-0.898966,0.142082,0.000000,0.439873,7.054622,48.059933,1.000000;;,
   17920;16;0.909972,0.411811,-0.048604,0.000000,-0.014485,0.148707,0.988775,0.000000,0.414417,-0.899054,0.141285,0.000000,0.448520,7.026213,48.143798,1.000000;;,
   18080;16;0.909939,0.411883,-0.048619,0.000000,-0.014145,0.147980,0.988889,0.000000,0.414502,-0.899141,0.140479,0.000000,0.457726,6.995968,48.229699,1.000000;;,
   18240;16;0.909905,0.411956,-0.048635,0.000000,-0.013828,0.147303,0.988995,0.000000,0.414586,-0.899219,0.139729,0.000000,0.465592,6.970126,48.307850,1.000000;;,
   18400;16;0.909872,0.412028,-0.048651,0.000000,-0.013582,0.146780,0.989076,0.000000,0.414668,-0.899271,0.139148,0.000000,0.469100,6.958600,48.361632,1.000000;;,
   18560;16;0.909838,0.412100,-0.048666,0.000000,-0.013336,0.146257,0.989157,0.000000,0.414749,-0.899324,0.138566,0.000000,0.467047,6.965794,48.415405,1.000000;;,
   18720;16;0.909805,0.412172,-0.048682,0.000000,-0.013090,0.145734,0.989237,0.000000,0.414830,-0.899375,0.137985,0.000000,0.461825,6.984095,48.446656,1.000000;;,
   18880;16;0.909771,0.412244,-0.048698,0.000000,-0.012844,0.145211,0.989318,0.000000,0.414911,-0.899427,0.137404,0.000000,0.454320,7.010399,48.470365,1.000000;;,
   19040;16;0.909737,0.412316,-0.048714,0.000000,-0.012591,0.144675,0.989399,0.000000,0.414993,-0.899480,0.136808,0.000000,0.445710,7.040575,48.494090,1.000000;;,
   19200;16;0.909704,0.412388,-0.048729,0.000000,-0.012320,0.144098,0.989487,0.000000,0.415074,-0.899540,0.136167,0.000000,0.437465,7.069471,48.517802,1.000000;;,
   19360;16;0.909671,0.412460,-0.048745,0.000000,-0.012049,0.143522,0.989574,0.000000,0.415156,-0.899599,0.135527,0.000000,0.429577,7.097115,48.541523,1.000000;;,
   19520;16;0.909634,0.412532,-0.048810,0.000000,-0.011724,0.142945,0.989661,0.000000,0.415244,-0.899658,0.134864,0.000000,0.421060,7.126963,48.574160,1.000000;;,
   19680;16;0.909597,0.412604,-0.048898,0.000000,-0.011374,0.142369,0.989749,0.000000,0.415336,-0.899716,0.134191,0.000000,0.412350,7.157490,48.609766,1.000000;;,
   19840;16;0.909519,0.412764,-0.048993,0.000000,-0.011028,0.141788,0.989836,0.000000,0.415515,-0.899734,0.133511,0.000000,0.403720,7.187734,48.645389,1.000000;;,
   20000;16;0.909321,0.413189,-0.049089,0.000000,-0.010719,0.141197,0.989924,0.000000,0.415956,-0.899633,0.132822,0.000000,0.395284,7.217298,48.680998,1.000000;;,
   20160;16;0.909123,0.413613,-0.049199,0.000000,-0.010393,0.140605,0.990011,0.000000,0.416399,-0.899530,0.132126,0.000000,0.386848,7.246863,48.715859,1.000000;;,
   20320;16;0.908891,0.414108,-0.049317,0.000000,-0.010067,0.140008,0.990099,0.000000,0.416912,-0.899396,0.131421,0.000000,0.378412,7.276429,48.750714,1.000000;;,
   20480;16;0.908648,0.414626,-0.049440,0.000000,-0.009738,0.139410,0.990187,0.000000,0.417450,-0.899250,0.130713,0.000000,0.369976,7.305996,48.785568,1.000000;;,
   20640;16;0.908394,0.415166,-0.049570,0.000000,-0.009407,0.138819,0.990273,0.000000,0.418009,-0.899092,0.130008,0.000000,0.361540,7.335560,48.820515,1.000000;;,
   20800;16;0.908111,0.415769,-0.049706,0.000000,-0.009087,0.138247,0.990356,0.000000,0.418631,-0.898901,0.129321,0.000000,0.353104,7.365126,48.855712,1.000000;;,
   20960;16;0.907826,0.416372,-0.049853,0.000000,-0.008754,0.137675,0.990439,0.000000,0.419255,-0.898710,0.128630,0.000000,0.344668,7.394691,48.890931,1.000000;;,
   21120;16;0.907517,0.417027,-0.050008,0.000000,-0.008419,0.137099,0.990522,0.000000,0.419930,-0.898494,0.127931,0.000000,0.336038,7.424934,48.926150,1.000000;;,
   21280;16;0.907189,0.417721,-0.050169,0.000000,-0.008080,0.136521,0.990604,0.000000,0.420645,-0.898260,0.127226,0.000000,0.327328,7.455462,48.959872,1.000000;;,
   21440;16;0.906855,0.418426,-0.050333,0.000000,-0.007754,0.135975,0.990682,0.000000,0.421371,-0.898014,0.126554,0.000000,0.318811,7.485310,48.992128,1.000000;;,
   21600;16;0.906535,0.419100,-0.050489,0.000000,-0.007477,0.135528,0.990745,0.000000,0.422064,-0.897768,0.125994,0.000000,0.310924,7.512953,49.024365,1.000000;;,
   21760;16;0.906269,0.419659,-0.050626,0.000000,-0.007206,0.135088,0.990807,0.000000,0.422640,-0.897573,0.125450,0.000000,0.304125,7.536779,49.056611,1.000000;;,
   21920;16;0.906003,0.420218,-0.050751,0.000000,-0.006947,0.134649,0.990869,0.000000,0.423215,-0.897377,0.124912,0.000000,0.298034,7.558127,49.084922,1.000000;;,
   22080;16;0.905737,0.420776,-0.050875,0.000000,-0.006689,0.134210,0.990930,0.000000,0.423788,-0.897182,0.124373,0.000000,0.292178,7.578650,49.111920,1.000000;;,
   22240;16;0.905458,0.421359,-0.051009,0.000000,-0.006422,0.133770,0.990992,0.000000,0.424386,-0.896974,0.123829,0.000000,0.286087,7.599998,49.138925,1.000000;;,
   22400;16;0.905142,0.422020,-0.051161,0.000000,-0.006145,0.133324,0.991054,0.000000,0.425065,-0.896730,0.123270,0.000000,0.279288,7.623824,49.165923,1.000000;;,
   22560;16;0.904783,0.422769,-0.051333,0.000000,-0.005855,0.132872,0.991116,0.000000,0.425833,-0.896444,0.122696,0.000000,0.271660,7.650558,49.192918,1.000000;;,
   22720;16;0.904400,0.423564,-0.051515,0.000000,-0.005527,0.132352,0.991187,0.000000,0.426649,-0.896145,0.122040,0.000000,0.263642,7.678657,49.226118,1.000000;;,
   22880;16;0.903995,0.424404,-0.051706,0.000000,-0.005182,0.131807,0.991262,0.000000,0.427511,-0.895828,0.121352,0.000000,0.255266,7.708014,49.261366,1.000000;;,
   23040;16;0.903571,0.425282,-0.051906,0.000000,-0.004832,0.131259,0.991336,0.000000,0.428411,-0.895492,0.120657,0.000000,0.246599,7.738387,49.296624,1.000000;;,
   23200;16;0.903133,0.426186,-0.052112,0.000000,-0.004477,0.130711,0.991411,0.000000,0.429337,-0.895142,0.119957,0.000000,0.237753,7.769391,49.331891,1.000000;;,
   23360;16;0.902692,0.427094,-0.052318,0.000000,-0.004120,0.130162,0.991484,0.000000,0.430266,-0.894790,0.119256,0.000000,0.228945,7.800259,49.367664,1.000000;;,
   23520;16;0.902258,0.427986,-0.052520,0.000000,-0.003765,0.129614,0.991557,0.000000,0.431180,-0.894443,0.118557,0.000000,0.220308,7.830530,49.403434,1.000000;;,
   23680;16;0.901822,0.428879,-0.052722,0.000000,-0.003415,0.129081,0.991628,0.000000,0.432094,-0.894092,0.117873,0.000000,0.211726,7.860606,49.439200,1.000000;;,
   23840;16;0.901380,0.429783,-0.052926,0.000000,-0.003071,0.128563,0.991697,0.000000,0.433018,-0.893733,0.117203,0.000000,0.203138,7.890704,49.474422,1.000000;;,
   24000;16;0.900930,0.430699,-0.053133,0.000000,-0.002723,0.128043,0.991765,0.000000,0.433955,-0.893367,0.116530,0.000000,0.194536,7.920851,49.507968,1.000000;;,
   24160;16;0.900507,0.431559,-0.053327,0.000000,-0.002381,0.127527,0.991832,0.000000,0.434835,-0.893025,0.115867,0.000000,0.186413,7.949318,49.541542,1.000000;;,
   24320;16;0.900103,0.432378,-0.053512,0.000000,-0.002044,0.127015,0.991899,0.000000,0.435672,-0.892702,0.115211,0.000000,0.178651,7.976522,49.575104,1.000000;;,
   24480;16;0.899715,0.433164,-0.053689,0.000000,-0.001711,0.126505,0.991965,0.000000,0.436475,-0.892393,0.114560,0.000000,0.171196,8.002651,49.606406,1.000000;;,
   24640;16;0.899338,0.433924,-0.053860,0.000000,-0.001385,0.126006,0.992029,0.000000,0.437251,-0.892095,0.113923,0.000000,0.164003,8.027860,49.635459,1.000000;;,
   24800;16;0.898973,0.434660,-0.054026,0.000000,-0.001075,0.125535,0.992089,0.000000,0.438003,-0.891802,0.113320,0.000000,0.157032,8.052291,49.664509,1.000000;;,
   24960;16;0.898615,0.435380,-0.054188,0.000000,-0.000767,0.125066,0.992148,0.000000,0.438739,-0.891517,0.112720,0.000000,0.150176,8.076316,49.693562,1.000000;;,
   25120;16;0.898254,0.436103,-0.054351,0.000000,-0.000456,0.124597,0.992207,0.000000,0.439477,-0.891229,0.112118,0.000000,0.143234,8.100646,49.723427,1.000000;;,
   25280;16;0.897887,0.436838,-0.054516,0.000000,-0.000143,0.124127,0.992267,0.000000,0.440227,-0.890935,0.111514,0.000000,0.136115,8.125597,49.753555,1.000000;;,
   25440;16;0.897510,0.437591,-0.054686,0.000000,0.000173,0.123656,0.992325,0.000000,0.440994,-0.890631,0.110907,0.000000,0.128754,8.151395,49.783696,1.000000;;,
   25600;16;0.897121,0.438365,-0.054860,0.000000,0.000493,0.123184,0.992384,0.000000,0.441784,-0.890316,0.110294,0.000000,0.121112,8.178177,49.813830,1.000000;;,
   25760;16;0.896710,0.439183,-0.055043,0.000000,0.000875,0.122600,0.992456,0.000000,0.442618,-0.889993,0.109552,0.000000,0.112989,8.206644,49.848694,1.000000;;,
   25920;16;0.896286,0.440023,-0.055232,0.000000,0.001261,0.122014,0.992528,0.000000,0.443474,-0.889658,0.108805,0.000000,0.104507,8.236372,49.883549,1.000000;;,
   26080;16;0.895865,0.440856,-0.055420,0.000000,0.001648,0.121430,0.992599,0.000000,0.444323,-0.889326,0.108058,0.000000,0.095914,8.266487,49.918403,1.000000;;,
   26240;16;0.895455,0.441665,-0.055602,0.000000,0.002033,0.120847,0.992669,0.000000,0.445147,-0.889004,0.107315,0.000000,0.087367,8.296441,49.953258,1.000000;;,
   26400;16;0.895057,0.442449,-0.055779,0.000000,0.002416,0.120267,0.992739,0.000000,0.445944,-0.888693,0.106577,0.000000,0.078931,8.326006,49.988109,1.000000;;,
   26560;16;0.894673,0.443205,-0.055950,0.000000,0.002815,0.119649,0.992812,0.000000,0.446713,-0.888399,0.105799,0.000000,0.070495,8.355570,50.022970,1.000000;;,
   26720;16;0.894300,0.443935,-0.056115,0.000000,0.003212,0.119034,0.992885,0.000000,0.447456,-0.888117,0.105026,0.000000,0.062059,8.385136,50.057830,1.000000;;,
   26880;16;0.893936,0.444647,-0.056277,0.000000,0.003608,0.118421,0.992957,0.000000,0.448180,-0.887843,0.104256,0.000000,0.053623,8.414702,50.092685,1.000000;;,
   27040;16;0.893580,0.445342,-0.056435,0.000000,0.004002,0.117808,0.993028,0.000000,0.448886,-0.887576,0.103489,0.000000,0.045187,8.444268,50.127546,1.000000;;,
   27200;16;0.893236,0.446013,-0.056588,0.000000,0.004395,0.117198,0.993099,0.000000,0.449566,-0.887320,0.102725,0.000000,0.036751,8.473831,50.162390,1.000000;;,
   27360;16;0.892921,0.446626,-0.056731,0.000000,0.004805,0.116548,0.993173,0.000000,0.450189,-0.887098,0.101922,0.000000,0.028315,8.503397,50.197251,1.000000;;,
   27520;16;0.892605,0.447238,-0.056871,0.000000,0.005212,0.115898,0.993247,0.000000,0.450810,-0.886874,0.101120,0.000000,0.019685,8.533640,50.232109,1.000000;;,
   27680;16;0.892314,0.447801,-0.057006,0.000000,0.005620,0.115252,0.993320,0.000000,0.451380,-0.886674,0.100325,0.000000,0.010975,8.564168,50.266957,1.000000;;,
   27840;16;0.892049,0.448314,-0.057131,0.000000,0.006023,0.114610,0.993392,0.000000,0.451899,-0.886499,0.099537,0.000000,0.002458,8.594015,50.301824,1.000000;;,
   28000;16;0.891784,0.448826,-0.057239,0.000000,0.006407,0.113967,0.993464,0.000000,0.452416,-0.886322,0.098759,0.000000,-0.005429,8.621659,50.336678,1.000000;;,
   28160;16;0.891602,0.449176,-0.057332,0.000000,0.006748,0.113417,0.993525,0.000000,0.452770,-0.886215,0.098091,0.000000,-0.012228,8.645483,50.362822,1.000000;;,
   28320;16;0.891421,0.449526,-0.057406,0.000000,0.007069,0.112866,0.993585,0.000000,0.453122,-0.886108,0.097433,0.000000,-0.018319,8.666833,50.388970,1.000000;;,
   28480;16;0.891258,0.449840,-0.057474,0.000000,0.007388,0.112318,0.993645,0.000000,0.453436,-0.886019,0.096781,0.000000,-0.024175,8.687357,50.415104,1.000000;;,
   28640;16;0.891114,0.450116,-0.057545,0.000000,0.007712,0.111772,0.993704,0.000000,0.453714,-0.885947,0.096130,0.000000,-0.030266,8.708705,50.441251,1.000000;;,
   28800;16;0.890969,0.450393,-0.057617,0.000000,0.008038,0.111226,0.993763,0.000000,0.453992,-0.885875,0.095479,0.000000,-0.037065,8.732530,50.467392,1.000000;;,
   28960;16;0.890825,0.450669,-0.057689,0.000000,0.008365,0.110681,0.993821,0.000000,0.454270,-0.885803,0.094827,0.000000,-0.047016,8.767405,50.502259,1.000000;;,
   29120;16;0.890718,0.450872,-0.057758,0.000000,0.008784,0.109969,0.993896,0.000000,0.454471,-0.885789,0.093991,0.000000,-0.057790,8.805166,50.537104,1.000000;;,
