xof 0303txt 0032
template Frame {
 <3d82ab46-62da-11cf-ab39-0020af71e433>
 [...]
}

template Matrix4x4 {
 <f6f23f45-7686-11cf-8f52-0040333594a3>
 array FLOAT matrix[16];
}

template FrameTransformMatrix {
 <f6f23f41-7686-11cf-8f52-0040333594a3>
 Matrix4x4 frameMatrix;
}

template AnimTicksPerSecond {
 <9e415a43-7ba6-4a73-8743-b73d47e88476>
 DWORD AnimTicksPerSecond;
}

template Animation {
 <3d82ab4f-62da-11cf-ab39-0020af71e433>
 [...]
}

template AnimationSet {
 <3d82ab50-62da-11cf-ab39-0020af71e433>
 [Animation <3d82ab4f-62da-11cf-ab39-0020af71e433>]
}

template FloatKeys {
 <10dd46a9-775b-11cf-8f52-0040333594a3>
 DWORD nValues;
 array FLOAT values[nValues];
}

template TimedFloatKeys {
 <f406b180-7b3b-11cf-8f52-0040333594a3>
 DWORD time;
 FloatKeys tfkeys;
}

template AnimationKey {
 <10dd46a8-775b-11cf-8f52-0040333594a3>
 DWORD keyType;
 DWORD nKeys;
 array TimedFloatKeys keys[nKeys];
}


Frame ARM_fox_framework {
 

 FrameTransformMatrix {
  -0.003937,0.000000,-0.000000,0.000000,-0.000000,-0.000000,0.003937,0.000000,-0.000000,0.003937,0.000000,0.000000,0.000000,0.000000,0.000000,1.000000;;
 }

 Frame _0__-com {
  

  FrameTransformMatrix {
   1.000000,0.000000,0.000000,0.000000,-0.000000,-0.000000,1.000000,0.000000,0.000000,-1.000000,-0.000000,0.000000,-0.000100,-0.000000,55.005306,1.000000;;
  }

  Frame _1___body {
   

   FrameTransformMatrix {
    -0.000000,0.000000,1.000000,0.000000,1.000000,-0.000000,0.000000,0.000000,0.000000,1.000000,0.000000,0.000000,0.000100,0.000004,-13.042602,1.000000;;
   }

   Frame _3___chest {
    

    FrameTransformMatrix {
     0.173296,-0.000000,-0.984870,0.000000,-0.000000,1.000000,-0.000000,0.000000,0.984870,0.000000,0.173296,0.000000,21.271301,0.000001,-0.317600,1.000000;;
    }

    Frame _7__-neck1 {
     

     FrameTransformMatrix {
      0.883174,-0.000000,-0.469045,0.000000,0.000000,1.000000,-0.000000,0.000000,0.469045,0.000000,0.883174,0.000000,-0.013592,-0.000000,31.663731,1.000000;;
     }

     Frame _11__-claviclel {
      

      FrameTransformMatrix {
       -0.520488,0.807704,-0.276959,0.000000,-0.609677,-0.124453,0.782819,0.000000,0.597818,0.576304,0.557215,0.000000,1.375488,4.111301,-5.558866,1.000000;;
      }

      Frame _16___arm1l {
       

       FrameTransformMatrix {
        0.161127,-0.902006,-0.400530,0.000000,0.800964,-0.117598,0.587050,0.000000,-0.576624,-0.415400,0.703526,0.000000,0.000210,0.000359,9.105051,1.000000;;
       }

       Frame _21___arm2l {
        

        FrameTransformMatrix {
         0.976591,-0.000014,0.215106,0.000000,0.000011,1.000000,0.000014,0.000000,-0.215106,-0.000012,0.976591,0.000000,0.000984,-0.000813,23.360691,1.000000;;
        }

        Frame _24___hand1l {
         

         FrameTransformMatrix {
          0.961424,-0.000414,0.275072,0.000000,0.002042,0.999982,-0.005632,0.000000,-0.275065,0.005976,0.961407,0.000000,-0.000130,-0.000714,21.383909,1.000000;;
         }

         Frame _26___hand2l {
          

          FrameTransformMatrix {
           0.531094,-0.000351,0.847313,0.000000,0.000753,1.000000,-0.000058,0.000000,-0.847313,0.000669,0.531094,0.000000,0.000340,0.000293,7.661085,1.000000;;
          }

          Frame _26___hand2l_end {
           

           FrameTransformMatrix {
            1.000000,0.000000,0.000000,0.000000,0.000000,1.000000,-0.000000,0.000000,0.000000,0.000000,1.000000,0.000000,0.000000,0.000003,1.000038,1.000000;;
           }
          }
         }
        }
       }
      }
     }

     Frame _12__-clavicler {
      

      FrameTransformMatrix {
       -0.520488,-0.807704,-0.276959,0.000000,0.609677,-0.124453,-0.782819,0.000000,0.597818,-0.576304,0.557215,0.000000,1.375488,-4.111199,-5.558866,1.000000;;
      }

      Frame _17___arm1r {
       

       FrameTransformMatrix {
        0.161128,0.902006,-0.400530,0.000000,-0.800963,-0.117598,-0.587051,0.000000,-0.576625,0.415400,0.703525,0.000000,0.000286,-0.000351,9.105118,1.000000;;
       }

       Frame _22___arm2r {
        

        FrameTransformMatrix {
         0.976591,0.000014,0.215106,0.000000,-0.000011,1.000000,-0.000014,0.000000,-0.215106,0.000011,0.976591,0.000000,0.000874,0.000895,23.360688,1.000000;;
        }

        Frame _25___hand1r {
         

         FrameTransformMatrix {
          0.961424,0.000414,0.275072,0.000000,-0.002042,0.999982,0.005632,0.000000,-0.275065,-0.005976,0.961407,0.000000,-0.000031,0.000616,21.383894,1.000000;;
         }

         Frame _27___hand2r {
          

          FrameTransformMatrix {
           0.531094,0.000351,0.847313,0.000000,-0.000753,1.000000,0.000058,0.000000,-0.847313,-0.000669,0.531094,0.000000,0.000248,-0.000292,7.661128,1.000000;;
          }

          Frame _27___hand2r_end {
           

           FrameTransformMatrix {
            1.000000,0.000000,0.000000,0.000000,-0.000000,1.000000,-0.000000,0.000000,0.000000,0.000000,1.000000,0.000000,0.000000,0.000000,1.000038,1.000000;;
           }
          }
         }
        }
       }
      }
     }

     Frame _13__-neck2 {
      

      FrameTransformMatrix {
       0.983034,0.000000,0.183424,0.000000,-0.000000,1.000000,0.000000,0.000000,-0.183424,-0.000000,0.983034,0.000000,-0.011269,-0.000000,19.368010,1.000000;;
      }

      Frame _18___head {
       

       FrameTransformMatrix {
        0.352003,-0.000000,0.935999,0.000000,-0.000000,1.000000,0.000000,0.000000,-0.935999,-0.000000,0.352003,0.000000,0.000679,0.000100,14.320408,1.000000;;
       }

       Frame _23___head2 {
        

        FrameTransformMatrix {
         0.391686,-0.000000,-0.920099,0.000000,-0.000000,1.000000,-0.000000,0.000000,0.920099,0.000000,0.391686,0.000000,12.304275,-0.000099,-1.643372,1.000000;;
        }

        Frame _23___head2_end {
         

         FrameTransformMatrix {
          1.000000,-0.000000,0.000000,0.000000,0.000000,1.000000,-0.000000,0.000000,-0.000000,-0.000000,1.000000,0.000000,0.000000,0.000000,0.999977,1.000000;;
         }
        }
       }
      }
     }
    }
   }

   Frame _4___leg1l {
    

    FrameTransformMatrix {
     0.999982,-0.004788,0.003571,0.000000,-0.004910,-0.999395,0.034980,0.000000,0.003401,-0.034997,-0.999382,0.000000,-0.000001,9.282102,0.000000,1.000000;;
    }

    Frame _8___leg2l {
     

     FrameTransformMatrix {
      0.682555,0.000006,0.730835,0.000000,-0.000070,1.000000,0.000058,0.000000,-0.730835,-0.000091,0.682555,0.000000,-0.000016,-0.000447,18.581776,1.000000;;
     }

     Frame _14___leg3l {
      

      FrameTransformMatrix {
       0.593067,-0.000087,-0.805153,0.000000,0.000026,1.000000,-0.000089,0.000000,0.805153,0.000032,0.593067,0.000000,-0.000248,0.001052,24.787098,1.000000;;
      }

      Frame _19__-footl {
       

       FrameTransformMatrix {
        0.992834,-0.004897,0.119402,0.000000,0.000684,0.999377,0.035301,0.000000,-0.119500,-0.034966,0.992218,0.000000,0.000319,-0.000022,14.705670,1.000000;;
       }

       Frame _19__-footl_end {
        

        FrameTransformMatrix {
         1.000000,0.000000,0.000000,0.000000,-0.000000,1.000000,-0.000000,0.000000,-0.000000,0.000000,1.000000,0.000000,0.000002,0.000000,1.000000,1.000000;;
        }
       }
      }
     }
    }
   }

   Frame _5___leg1r {
    

    FrameTransformMatrix {
     0.999982,0.004788,0.003570,0.000000,0.004910,-0.999395,-0.034982,0.000000,0.003401,0.034998,-0.999382,0.000000,0.000002,-9.282201,0.000004,1.000000;;
    }

    Frame _9___leg2r {
     

     FrameTransformMatrix {
      0.682555,-0.000006,0.730835,0.000000,0.000070,1.000000,-0.000058,0.000000,-0.730835,0.000091,0.682554,0.000000,-0.000016,0.000447,18.581776,1.000000;;
     }

     Frame _15___leg3r {
      

      FrameTransformMatrix {
       0.593069,0.000088,-0.805151,0.000000,-0.000026,1.000000,0.000089,0.000000,0.805152,-0.000032,0.593069,0.000000,-0.000172,-0.001051,24.787029,1.000000;;
      }

      Frame _20__-footr {
       

       FrameTransformMatrix {
        0.992834,0.004897,0.119400,0.000000,-0.000684,0.999376,-0.035301,0.000000,-0.119498,0.034966,0.992219,0.000000,0.000244,0.000021,14.705662,1.000000;;
       }

       Frame _20__-footr_end {
        

        FrameTransformMatrix {
         1.000000,0.000000,-0.000000,0.000000,-0.000000,1.000000,0.000000,0.000000,0.000000,0.000000,1.000000,0.000000,-0.000004,-0.000001,1.000000,1.000000;;
        }
       }
      }
     }
    }
   }

   Frame _6___tail1 {
    

    FrameTransformMatrix {
     -0.520103,-0.000000,0.854104,0.000000,-0.000000,1.000000,0.000000,0.000000,-0.854104,-0.000000,-0.520103,0.000000,-7.277602,-0.000000,2.942299,1.000000;;
    }

    Frame _10___tail2 {
     

     FrameTransformMatrix {
      0.999096,-0.000000,-0.042513,0.000000,0.000000,1.000000,-0.000000,0.000000,0.042513,0.000000,0.999096,0.000000,-0.024483,-0.000100,41.594864,1.000000;;
     }

     Frame _10___tail2_end {
      

      FrameTransformMatrix {
       1.000000,-0.000000,0.000000,0.000000,-0.000000,1.000000,0.000000,0.000000,0.000000,0.000000,1.000000,0.000000,0.000004,0.000000,0.999950,1.000000;;
      }
     }
    }
   }
  }

  Frame _2__-footsteps {
   

   FrameTransformMatrix {
    -0.000000,0.000000,-1.000000,0.000000,0.000000,1.000000,0.000000,0.000000,1.000000,0.000000,-0.000000,0.000000,0.000000,-54.956998,0.000000,1.000000;;
   }

   Frame _2__-footsteps_end {
    

    FrameTransformMatrix {
     1.000000,-0.000000,0.000000,0.000000,0.000000,1.000000,0.000000,0.000000,0.000000,-0.000000,1.000000,0.000000,0.000000,0.000000,1.000000,1.000000;;
    }
   }
  }
 }
}

AnimTicksPerSecond  {
 4800;
}

AnimationSet Dummy {
 

 Animation {
  
  { ARM_fox_framework }

  AnimationKey  {
   4;
   2;
   0;16;-0.003937,0.000000,-0.000000,0.000000,-0.000000,-0.000000,0.003937,0.000000,-0.000000,0.003937,0.000000,0.000000,0.000000,0.000000,0.000000,1.000000;;,
   160;16;-0.003937,0.000000,-0.000000,0.000000,-0.000000,-0.000000,0.003937,0.000000,-0.000000,0.003937,0.000000,0.000000,0.000000,0.000000,0.000000,1.000000;;;
  }
 }

 Animation {
  
  { _0__-com }

  AnimationKey  {
   4;
   2;
   0;16;1.000000,0.000000,0.000000,0.000000,-0.000000,-0.000000,1.000000,0.000000,0.000000,-1.000000,-0.000000,0.000000,-0.000100,-0.000000,55.005306,1.000000;;,
   160;16;1.000000,0.000000,0.000000,0.000000,-0.000000,-0.000000,1.000000,0.000000,0.000000,-1.000000,-0.000000,0.000000,-0.000100,-0.000000,55.005306,1.000000;;;
  }
 }

 Animation {
  
  { _1___body }

  AnimationKey  {
   4;
   2;
   0;16;-0.000000,0.000000,1.000000,0.000000,1.000000,-0.000000,0.000000,0.000000,0.000000,1.000000,0.000000,0.000000,0.000100,0.000004,-13.042602,1.000000;;,
   160;16;-0.000000,0.000000,1.000000,0.000000,1.000000,-0.000000,0.000000,0.000000,0.000000,1.000000,0.000000,0.000000,0.000100,0.000004,-13.042602,1.000000;;;
  }
 }

 Animation {
  
  { _3___chest }

  AnimationKey  {
   4;
   2;
   0;16;0.173296,-0.000000,-0.984870,0.000000,-0.000000,1.000000,-0.000000,0.000000,0.984870,0.000000,0.173296,0.000000,21.271301,0.000001,-0.317600,1.000000;;,
   160;16;0.173296,-0.000000,-0.984870,0.000000,-0.000000,1.000000,-0.000000,0.000000,0.984870,0.000000,0.173296,0.000000,21.271301,0.000001,-0.317600,1.000000;;;
  }
 }

 Animation {
  
  { _7__-neck1 }

  AnimationKey  {
   4;
   2;
   0;16;0.883174,-0.000000,-0.469045,0.000000,0.000000,1.000000,-0.000000,0.000000,0.469045,0.000000,0.883174,0.000000,-0.013592,-0.000000,31.663731,1.000000;;,
   160;16;0.883174,-0.000000,-0.469045,0.000000,0.000000,1.000000,-0.000000,0.000000,0.469045,0.000000,0.883174,0.000000,-0.013592,-0.000000,31.663731,1.000000;;;
  }
 }

 Animation {
  
  { _11__-claviclel }

  AnimationKey  {
   4;
   2;
   0;16;-0.520488,0.807704,-0.276959,0.000000,-0.609677,-0.124453,0.782819,0.000000,0.597818,0.576304,0.557215,0.000000,1.375488,4.111301,-5.558866,1.000000;;,
   160;16;-0.520488,0.807704,-0.276959,0.000000,-0.609677,-0.124453,0.782819,0.000000,0.597818,0.576304,0.557215,0.000000,1.375488,4.111301,-5.558866,1.000000;;;
  }
 }

 Animation {
  
  { _16___arm1l }

  AnimationKey  {
   4;
   2;
   0;16;0.161127,-0.902006,-0.400530,0.000000,0.800964,-0.117598,0.587050,0.000000,-0.576624,-0.415400,0.703526,0.000000,0.000210,0.000359,9.105051,1.000000;;,
   160;16;0.161127,-0.902006,-0.400530,0.000000,0.800964,-0.117598,0.587050,0.000000,-0.576624,-0.415400,0.703526,0.000000,0.000210,0.000359,9.105051,1.000000;;;
  }
 }

 Animation {
  
  { _21___arm2l }

  AnimationKey  {
   4;
   2;
   0;16;0.976591,-0.000014,0.215106,0.000000,0.000011,1.000000,0.000014,0.000000,-0.215106,-0.000012,0.976591,0.000000,0.000984,-0.000813,23.360691,1.000000;;,
   160;16;0.976591,-0.000014,0.215106,0.000000,0.000011,1.000000,0.000014,0.000000,-0.215106,-0.000012,0.976591,0.000000,0.000984,-0.000813,23.360691,1.000000;;;
  }
 }

 Animation {
  
  { _24___hand1l }

  AnimationKey  {
   4;
   2;
   0;16;0.961424,-0.000414,0.275072,0.000000,0.002042,0.999982,-0.005632,0.000000,-0.275065,0.005976,0.961407,0.000000,-0.000130,-0.000714,21.383909,1.000000;;,
   160;16;0.961424,-0.000414,0.275072,0.000000,0.002042,0.999982,-0.005632,0.000000,-0.275065,0.005976,0.961407,0.000000,-0.000130,-0.000714,21.383909,1.000000;;;
  }
 }

 Animation {
  
  { _26___hand2l }

  AnimationKey  {
   4;
   2;
   0;16;0.531094,-0.000351,0.847313,0.000000,0.000753,1.000000,-0.000058,0.000000,-0.847313,0.000669,0.531094,0.000000,0.000340,0.000293,7.661085,1.000000;;,
   160;16;0.531094,-0.000351,0.847313,0.000000,0.000753,1.000000,-0.000058,0.000000,-0.847313,0.000669,0.531094,0.000000,0.000340,0.000293,7.661085,1.000000;;;
  }
 }

 Animation {
  
  { _26___hand2l_end }

  AnimationKey  {
   4;
   2;
   0;16;1.000000,0.000000,0.000000,0.000000,0.000000,1.000000,-0.000000,0.000000,0.000000,0.000000,1.000000,0.000000,0.000000,0.000003,1.000038,1.000000;;,
   160;16;1.000000,0.000000,0.000000,0.000000,0.000000,1.000000,-0.000000,0.000000,0.000000,0.000000,1.000000,0.000000,0.000000,0.000003,1.000038,1.000000;;;
  }
 }

 Animation {
  
  { _12__-clavicler }

  AnimationKey  {
   4;
   2;
   0;16;-0.520488,-0.807704,-0.276959,0.000000,0.609677,-0.124453,-0.782819,0.000000,0.597818,-0.576304,0.557215,0.000000,1.375488,-4.111199,-5.558866,1.000000;;,
   160;16;-0.520488,-0.807704,-0.276959,0.000000,0.609677,-0.124453,-0.782819,0.000000,0.597818,-0.576304,0.557215,0.000000,1.375488,-4.111199,-5.558866,1.000000;;;
  }
 }

 Animation {
  
  { _17___arm1r }

  AnimationKey  {
   4;
   2;
   0;16;0.161128,0.902006,-0.400530,0.000000,-0.800963,-0.117598,-0.587051,0.000000,-0.576625,0.415400,0.703525,0.000000,0.000286,-0.000351,9.105118,1.000000;;,
   160;16;0.161128,0.902006,-0.400530,0.000000,-0.800963,-0.117598,-0.587051,0.000000,-0.576625,0.415400,0.703525,0.000000,0.000286,-0.000351,9.105118,1.000000;;;
  }
 }

 Animation {
  
  { _22___arm2r }

  AnimationKey  {
   4;
   2;
   0;16;0.976591,0.000014,0.215106,0.000000,-0.000011,1.000000,-0.000014,0.000000,-0.215106,0.000011,0.976591,0.000000,0.000874,0.000895,23.360688,1.000000;;,
   160;16;0.976591,0.000014,0.215106,0.000000,-0.000011,1.000000,-0.000014,0.000000,-0.215106,0.000011,0.976591,0.000000,0.000874,0.000895,23.360688,1.000000;;;
  }
 }

 Animation {
  
  { _25___hand1r }

  AnimationKey  {
   4;
   2;
   0;16;0.961424,0.000414,0.275072,0.000000,-0.002042,0.999982,0.005632,0.000000,-0.275065,-0.005976,0.961407,0.000000,-0.000031,0.000616,21.383894,1.000000;;,
   160;16;0.961424,0.000414,0.275072,0.000000,-0.002042,0.999982,0.005632,0.000000,-0.275065,-0.005976,0.961407,0.000000,-0.000031,0.000616,21.383894,1.000000;;;
  }
 }

 Animation {
  
  { _27___hand2r }

  AnimationKey  {
   4;
   2;
   0;16;0.531094,0.000351,0.847313,0.000000,-0.000753,1.000000,0.000058,0.000000,-0.847313,-0.000669,0.531094,0.000000,0.000248,-0.000292,7.661128,1.000000;;,
   160;16;0.531094,0.000351,0.847313,0.000000,-0.000753,1.000000,0.000058,0.000000,-0.847313,-0.000669,0.531094,0.000000,0.000248,-0.000292,7.661128,1.000000;;;
  }
 }

 Animation {
  
  { _27___hand2r_end }

  AnimationKey  {
   4;
   2;
   0;16;1.000000,0.000000,0.000000,0.000000,-0.000000,1.000000,-0.000000,0.000000,0.000000,0.000000,1.000000,0.000000,0.000000,0.000000,1.000038,1.000000;;,
   160;16;1.000000,0.000000,0.000000,0.000000,-0.000000,1.000000,-0.000000,0.000000,0.000000,0.000000,1.000000,0.000000,0.000000,0.000000,1.000038,1.000000;;;
  }
 }

 Animation {
  
  { _13__-neck2 }

  AnimationKey  {
   4;
   2;
   0;16;0.983034,0.000000,0.183424,0.000000,-0.000000,1.000000,0.000000,0.000000,-0.183424,-0.000000,0.983034,0.000000,-0.011269,-0.000000,19.368010,1.000000;;,
   160;16;0.983034,0.000000,0.183424,0.000000,-0.000000,1.000000,0.000000,0.000000,-0.183424,-0.000000,0.983034,0.000000,-0.011269,-0.000000,19.368010,1.000000;;;
  }
 }

 Animation {
  
  { _18___head }

  AnimationKey  {
   4;
   2;
   0;16;0.352003,-0.000000,0.935999,0.000000,-0.000000,1.000000,0.000000,0.000000,-0.935999,-0.000000,0.352003,0.000000,0.000679,0.000100,14.320408,1.000000;;,
   160;16;0.352003,-0.000000,0.935999,0.000000,-0.000000,1.000000,0.000000,0.000000,-0.935999,-0.000000,0.352003,0.000000,0.000679,0.000100,14.320408,1.000000;;;
  }
 }

 Animation {
  
  { _23___head2 }

  AnimationKey  {
   4;
   2;
   0;16;0.391686,-0.000000,-0.920099,0.000000,-0.000000,1.000000,-0.000000,0.000000,0.920099,0.000000,0.391686,0.000000,12.304275,-0.000099,-1.643372,1.000000;;,
   160;16;0.391686,-0.000000,-0.920099,0.000000,-0.000000,1.000000,-0.000000,0.000000,0.920099,0.000000,0.391686,0.000000,12.304275,-0.000099,-1.643372,1.000000;;;
  }
 }

 Animation {
  
  { _23___head2_end }

  AnimationKey  {
   4;
   2;
   0;16;1.000000,-0.000000,0.000000,0.000000,0.000000,1.000000,-0.000000,0.000000,-0.000000,-0.000000,1.000000,0.000000,0.000000,0.000000,0.999977,1.000000;;,
   160;16;1.000000,-0.000000,0.000000,0.000000,0.000000,1.000000,-0.000000,0.000000,-0.000000,-0.000000,1.000000,0.000000,0.000000,0.000000,0.999977,1.000000;;;
  }
 }

 Animation {
  
  { _4___leg1l }

  AnimationKey  {
   4;
   2;
   0;16;0.999982,-0.004788,0.003571,0.000000,-0.004910,-0.999395,0.034980,0.000000,0.003401,-0.034997,-0.999382,0.000000,-0.000001,9.282102,0.000000,1.000000;;,
   160;16;0.999982,-0.004788,0.003571,0.000000,-0.004910,-0.999395,0.034980,0.000000,0.003401,-0.034997,-0.999382,0.000000,-0.000001,9.282102,0.000000,1.000000;;;
  }
 }

 Animation {
  
  { _8___leg2l }

  AnimationKey  {
   4;
   2;
   0;16;0.682555,0.000006,0.730835,0.000000,-0.000070,1.000000,0.000058,0.000000,-0.730835,-0.000091,0.682555,0.000000,-0.000016,-0.000447,18.581776,1.000000;;,
   160;16;0.682555,0.000006,0.730835,0.000000,-0.000070,1.000000,0.000058,0.000000,-0.730835,-0.000091,0.682555,0.000000,-0.000016,-0.000447,18.581776,1.000000;;;
  }
 }

 Animation {
  
  { _14___leg3l }

  AnimationKey  {
   4;
   2;
   0;16;0.593067,-0.000087,-0.805153,0.000000,0.000026,1.000000,-0.000089,0.000000,0.805153,0.000032,0.593067,0.000000,-0.000248,0.001052,24.787098,1.000000;;,
   160;16;0.593067,-0.000087,-0.805153,0.000000,0.000026,1.000000,-0.000089,0.000000,0.805153,0.000032,0.593067,0.000000,-0.000248,0.001052,24.787098,1.000000;;;
  }
 }

 Animation {
  
  { _19__-footl }

  AnimationKey  {
   4;
   2;
   0;16;0.992834,-0.004897,0.119402,0.000000,0.000684,0.999377,0.035301,0.000000,-0.119500,-0.034966,0.992218,0.000000,0.000319,-0.000022,14.705670,1.000000;;,
   160;16;0.992834,-0.004897,0.119402,0.000000,0.000684,0.999377,0.035301,0.000000,-0.119500,-0.034966,0.992218,0.000000,0.000319,-0.000022,14.705670,1.000000;;;
  }
 }

 Animation {
  
  { _19__-footl_end }

  AnimationKey  {
   4;
   2;
   0;16;1.000000,0.000000,0.000000,0.000000,-0.000000,1.000000,-0.000000,0.000000,-0.000000,0.000000,1.000000,0.000000,0.000002,0.000000,1.000000,1.000000;;,
   160;16;1.000000,0.000000,0.000000,0.000000,-0.000000,1.000000,-0.000000,0.000000,-0.000000,0.000000,1.000000,0.000000,0.000002,0.000000,1.000000,1.000000;;;
  }
 }

 Animation {
  
  { _5___leg1r }

  AnimationKey  {
   4;
   2;
   0;16;0.999982,0.004788,0.003570,0.000000,0.004910,-0.999395,-0.034982,0.000000,0.003401,0.034998,-0.999382,0.000000,0.000002,-9.282201,0.000004,1.000000;;,
   160;16;0.999982,0.004788,0.003570,0.000000,0.004910,-0.999395,-0.034982,0.000000,0.003401,0.034998,-0.999382,0.000000,0.000002,-9.282201,0.000004,1.000000;;;
  }
 }

 Animation {
  
  { _9___leg2r }

  AnimationKey  {
   4;
   2;
   0;16;0.682555,-0.000006,0.730835,0.000000,0.000070,1.000000,-0.000058,0.000000,-0.730835,0.000091,0.682554,0.000000,-0.000016,0.000447,18.581776,1.000000;;,
   160;16;0.682555,-0.000006,0.730835,0.000000,0.000070,1.000000,-0.000058,0.000000,-0.730835,0.000091,0.682554,0.000000,-0.000016,0.000447,18.581776,1.000000;;;
  }
 }

 Animation {
  
  { _15___leg3r }

  AnimationKey  {
   4;
   2;
   0;16;0.593069,0.000088,-0.805151,0.000000,-0.000026,1.000000,0.000089,0.000000,0.805152,-0.000032,0.593069,0.000000,-0.000172,-0.001051,24.787029,1.000000;;,
   160;16;0.593069,0.000088,-0.805151,0.000000,-0.000026,1.000000,0.000089,0.000000,0.805152,-0.000032,0.593069,0.000000,-0.000172,-0.001051,24.787029,1.000000;;;
  }
 }

 Animation {
  
  { _20__-footr }

  AnimationKey  {
   4;
   2;
   0;16;0.992834,0.004897,0.119400,0.000000,-0.000684,0.999376,-0.035301,0.000000,-0.119498,0.034966,0.992219,0.000000,0.000244,0.000021,14.705662,1.000000;;,
   160;16;0.992834,0.004897,0.119400,0.000000,-0.000684,0.999376,-0.035301,0.000000,-0.119498,0.034966,0.992219,0.000000,0.000244,0.000021,14.705662,1.000000;;;
  }
 }

 Animation {
  
  { _20__-footr_end }

  AnimationKey  {
   4;
   2;
   0;16;1.000000,0.000000,-0.000000,0.000000,-0.000000,1.000000,0.000000,0.000000,0.000000,0.000000,1.000000,0.000000,-0.000004,-0.000001,1.000000,1.000000;;,
   160;16;1.000000,0.000000,-0.000000,0.000000,-0.000000,1.000000,0.000000,0.000000,0.000000,0.000000,1.000000,0.000000,-0.000004,-0.000001,1.000000,1.000000;;;
  }
 }

 Animation {
  
  { _6___tail1 }

  AnimationKey  {
   4;
   2;
   0;16;-0.520103,-0.000000,0.854104,0.000000,-0.000000,1.000000,0.000000,0.000000,-0.854104,-0.000000,-0.520103,0.000000,-7.277602,-0.000000,2.942299,1.000000;;,
   160;16;-0.520103,-0.000000,0.854104,0.000000,-0.000000,1.000000,0.000000,0.000000,-0.854104,-0.000000,-0.520103,0.000000,-7.277602,-0.000000,2.942299,1.000000;;;
  }
 }

 Animation {
  
  { _10___tail2 }

  AnimationKey  {
   4;
   2;
   0;16;0.999096,-0.000000,-0.042513,0.000000,0.000000,1.000000,-0.000000,0.000000,0.042513,0.000000,0.999096,0.000000,-0.024483,-0.000100,41.594864,1.000000;;,
   160;16;0.999096,-0.000000,-0.042513,0.000000,0.000000,1.000000,-0.000000,0.000000,0.042513,0.000000,0.999096,0.000000,-0.024483,-0.000100,41.594864,1.000000;;;
  }
 }

 Animation {
  
  { _10___tail2_end }

  AnimationKey  {
   4;
   2;
   0;16;1.000000,-0.000000,0.000000,0.000000,-0.000000,1.000000,0.000000,0.000000,0.000000,0.000000,1.000000,0.000000,0.000004,0.000000,0.999950,1.000000;;,
   160;16;1.000000,-0.000000,0.000000,0.000000,-0.000000,1.000000,0.000000,0.000000,0.000000,0.000000,1.000000,0.000000,0.000004,0.000000,0.999950,1.000000;;;
  }
 }

 Animation {
  
  { _2__-footsteps }

  AnimationKey  {
   4;
   2;
   0;16;-0.000000,0.000000,-1.000000,0.000000,0.000000,1.000000,0.000000,0.000000,1.000000,0.000000,-0.000000,0.000000,0.000000,-54.956998,0.000000,1.000000;;,
   160;16;-0.000000,0.000000,-1.000000,0.000000,0.000000,1.000000,0.000000,0.000000,1.000000,0.000000,-0.000000,0.000000,0.000000,-54.956998,0.000000,1.000000;;;
  }
 }

 Animation {
  
  { _2__-footsteps_end }

  AnimationKey  {
   4;
   2;
   0;16;1.000000,-0.000000,0.000000,0.000000,0.000000,1.000000,0.000000,0.000000,0.000000,-0.000000,1.000000,0.000000,0.000000,0.000000,1.000000,1.000000;;,
   160;16;1.000000,-0.000000,0.000000,0.000000,0.000000,1.000000,0.000000,0.000000,0.000000,-0.000000,1.000000,0.000000,0.000000,0.000000,1.000000,1.000000;;;
  }
 }
}