xof 0303txt 0032
template Frame {
 <3d82ab46-62da-11cf-ab39-0020af71e433>
 [...]
}

template Matrix4x4 {
 <f6f23f45-7686-11cf-8f52-0040333594a3>
 array FLOAT matrix[16];
}

template FrameTransformMatrix {
 <f6f23f41-7686-11cf-8f52-0040333594a3>
 Matrix4x4 frameMatrix;
}

template AnimTicksPerSecond {
 <9e415a43-7ba6-4a73-8743-b73d47e88476>
 DWORD AnimTicksPerSecond;
}

template Animation {
 <3d82ab4f-62da-11cf-ab39-0020af71e433>
 [...]
}

template AnimationSet {
 <3d82ab50-62da-11cf-ab39-0020af71e433>
 [Animation <3d82ab4f-62da-11cf-ab39-0020af71e433>]
}

template FloatKeys {
 <10dd46a9-775b-11cf-8f52-0040333594a3>
 DWORD nValues;
 array FLOAT values[nValues];
}

template TimedFloatKeys {
 <f406b180-7b3b-11cf-8f52-0040333594a3>
 DWORD time;
 FloatKeys tfkeys;
}

template AnimationKey {
 <10dd46a8-775b-11cf-8f52-0040333594a3>
 DWORD keyType;
 DWORD nKeys;
 array TimedFloatKeys keys[nKeys];
}


Frame ARM_fox_framework {
 

 FrameTransformMatrix {
  39.370080,0.000000,0.000000,0.000000,0.000000,39.370080,0.000005,0.000000,0.000000,-0.000005,39.370080,0.000000,0.000000,0.000000,0.000000,1.000000;;
 }

 Frame _0__-com {
  

  FrameTransformMatrix {
   1.000017,-0.000017,0.000018,0.000000,0.000018,0.998301,-0.058591,0.000000,-0.000017,0.058591,0.998300,0.000000,-0.000100,27.972298,45.225898,1.000000;;
  }

  Frame _1___body {
   

   FrameTransformMatrix {
    -0.000000,0.000000,1.000000,0.000000,1.000000,-0.000000,0.000000,0.000000,0.000000,1.000000,-0.000000,0.000000,0.000100,0.000082,-13.042354,1.000000;;
   }

   Frame _3___chest {
    

    FrameTransformMatrix {
     -0.473060,-0.000000,-0.880972,0.000000,-0.000000,1.000000,-0.000000,0.000000,0.880972,0.000000,-0.473060,0.000000,21.287213,-0.000100,-0.320477,1.000000;;
    }

    Frame _7__-neck1 {
     

     FrameTransformMatrix {
      0.639982,-0.000000,-0.768381,0.000000,0.000000,1.000000,-0.000000,0.000000,0.768381,0.000000,0.639982,0.000000,-0.010796,0.000100,31.668384,1.000000;;
     }

     Frame _11__-claviclel {
      

      FrameTransformMatrix {
       -0.147884,0.972949,-0.177758,0.000000,-0.882937,-0.048875,0.467036,0.000000,0.445675,0.225996,0.866205,0.000000,3.378372,4.111199,-4.630712,1.000000;;
      }

      Frame _16___arm1l {
       

       FrameTransformMatrix {
        0.044050,-0.943010,-0.329694,0.000000,0.998524,0.031574,0.043100,0.000000,-0.030237,-0.331136,0.943096,0.000000,-0.000242,0.000473,9.105122,1.000000;;
       }

       Frame _21___arm2l {
        

        FrameTransformMatrix {
         0.841200,0.000021,0.540731,0.000000,-0.000004,1.000000,-0.000032,0.000000,-0.540731,0.000025,0.841200,0.000000,0.001064,0.000658,23.361056,1.000000;;
        }

        Frame _24___hand1l {
         

         FrameTransformMatrix {
          0.972494,-0.003252,-0.232907,0.000000,0.002071,0.999983,-0.005313,0.000000,0.232920,0.004684,0.972485,0.000000,-0.000858,-0.000404,21.383458,1.000000;;
         }

         Frame _26___hand2l {
          

          FrameTransformMatrix {
           0.811746,-0.000689,-0.584010,0.000000,0.000822,1.000000,-0.000036,0.000000,0.584010,-0.000451,0.811746,0.000000,0.000153,0.000116,7.660879,1.000000;;
          }

          Frame _26___hand2l_end {
           

           FrameTransformMatrix {
            1.000000,-0.000000,-0.000000,0.000000,0.000000,1.000000,0.000000,0.000000,0.000000,0.000000,1.000000,0.000000,0.000000,0.000000,1.000038,1.000000;;
           }
          }
         }
        }
       }
      }
     }

     Frame _12__-clavicler {
      

      FrameTransformMatrix {
       -0.147884,-0.972949,-0.177757,0.000000,0.882937,-0.048875,-0.467036,0.000000,0.445676,-0.225996,0.866205,0.000000,3.378372,-4.111300,-4.630714,1.000000;;
      }

      Frame _17___arm1r {
       

       FrameTransformMatrix {
        0.044050,0.943009,-0.329694,0.000000,-0.998524,0.031574,-0.043100,0.000000,-0.030237,0.331136,0.943096,0.000000,-0.000337,-0.000481,9.105097,1.000000;;
       }

       Frame _22___arm2r {
        

        FrameTransformMatrix {
         0.841200,-0.000021,0.540731,0.000000,0.000004,1.000000,0.000032,0.000000,-0.540731,-0.000025,0.841200,0.000000,0.001003,-0.000645,23.361141,1.000000;;
        }

        Frame _25___hand1r {
         

         FrameTransformMatrix {
          0.972494,0.003252,-0.232907,0.000000,-0.002071,0.999984,0.005313,0.000000,0.232920,-0.004684,0.972485,0.000000,-0.000874,0.000490,21.383339,1.000000;;
         }

         Frame _27___hand2r {
          

          FrameTransformMatrix {
           0.811746,0.000689,-0.584010,0.000000,-0.000822,1.000000,0.000036,0.000000,0.584010,0.000451,0.811746,0.000000,0.000145,-0.000118,7.660885,1.000000;;
          }

          Frame _27___hand2r_end {
           

           FrameTransformMatrix {
            1.000000,0.000000,0.000000,0.000000,-0.000000,1.000000,0.000000,0.000000,-0.000000,0.000000,1.000000,0.000000,-0.000008,0.000000,1.000034,1.000000;;
           }
          }
         }
        }
       }
      }
     }

     Frame _13__-neck2 {
      

      FrameTransformMatrix {
       0.778076,-0.000000,-0.628173,0.000000,0.000000,1.000000,0.000000,0.000000,0.628173,0.000000,0.778076,0.000000,-0.008568,0.000000,19.377832,1.000000;;
      }

      Frame _18___head {
       

       FrameTransformMatrix {
        0.991394,0.000000,-0.130917,0.000000,0.000000,1.000000,0.000000,0.000000,0.130917,-0.000000,0.991393,0.000000,-0.000130,0.000000,14.320584,1.000000;;
       }

       Frame _23___head2 {
        

        FrameTransformMatrix {
         0.391633,0.000000,-0.920123,0.000000,0.000000,1.000000,0.000000,0.000000,0.920123,0.000000,0.391633,0.000000,12.304298,-0.000000,-1.643450,1.000000;;
        }

        Frame _23___head2_end {
         

         FrameTransformMatrix {
          1.000000,0.000000,0.000000,0.000000,0.000000,1.000000,-0.000000,0.000000,0.000000,0.000000,1.000000,0.000000,-0.000001,-0.000000,0.999970,1.000000;;
         }
        }
       }
      }
     }
    }
   }

   Frame _4___leg1l {
    

    FrameTransformMatrix {
     0.991503,0.061699,-0.114524,0.000000,0.046314,-0.990087,-0.132431,0.000000,-0.121560,0.126002,-0.984532,0.000000,0.000004,9.282098,0.000097,1.000000;;
    }

    Frame _8___leg2l {
     

     FrameTransformMatrix {
      0.401846,-0.000004,0.915712,0.000000,0.000027,1.000000,-0.000008,0.000000,-0.915712,0.000028,0.401846,0.000000,0.000288,0.000212,18.581677,1.000000;;
     }

     Frame _14___leg3l {
      

      FrameTransformMatrix {
       0.595689,0.000025,-0.803203,0.000000,-0.000024,1.000000,0.000014,0.000000,0.803203,0.000011,0.595689,0.000000,-0.000330,-0.000593,24.786333,1.000000;;
      }

      Frame _19__-footl {
       

       FrameTransformMatrix {
        0.765996,0.137440,0.627977,0.000000,-0.088202,0.990109,-0.109108,0.000000,-0.636761,0.028187,0.770542,0.000000,0.000652,0.000389,14.706038,1.000000;;
       }

       Frame _19__-footl_end {
        

        FrameTransformMatrix {
         1.000000,0.000000,0.000000,0.000000,0.000000,1.000000,0.000000,0.000000,-0.000000,0.000000,1.000000,0.000000,-0.000001,-0.000001,1.000000,1.000000;;
        }
       }
      }
     }
    }
   }

   Frame _5___leg1r {
    

    FrameTransformMatrix {
     0.991503,-0.061699,-0.114524,0.000000,-0.046314,-0.990087,0.132432,0.000000,-0.121559,-0.126002,-0.984531,0.000000,0.000004,-9.282199,-0.000006,1.000000;;
    }

    Frame _9___leg2r {
     

     FrameTransformMatrix {
      0.401846,0.000004,0.915712,0.000000,-0.000027,1.000000,0.000008,0.000000,-0.915712,-0.000028,0.401846,0.000000,0.000265,-0.000294,18.581566,1.000000;;
     }

     Frame _15___leg3r {
      

      FrameTransformMatrix {
       0.595689,-0.000025,-0.803203,0.000000,0.000024,1.000000,-0.000014,0.000000,0.803203,-0.000011,0.595689,0.000000,-0.000350,0.000494,24.786322,1.000000;;
      }

      Frame _20__-footr {
       

       FrameTransformMatrix {
        0.765996,-0.137440,0.627977,0.000000,0.088202,0.990109,0.109108,0.000000,-0.636761,-0.028187,0.770542,0.000000,0.000650,-0.000386,14.706035,1.000000;;
       }

       Frame _20__-footr_end {
        

        FrameTransformMatrix {
         1.000000,-0.000000,-0.000000,0.000000,0.000000,1.000000,0.000000,0.000000,0.000000,0.000000,1.000000,0.000000,0.000000,0.000000,0.999999,1.000000;;
        }
       }
      }
     }
    }
   }

   Frame _6___tail1 {
    

    FrameTransformMatrix {
     -0.690378,0.000000,0.723486,0.000000,-0.000000,1.000000,0.000000,0.000000,-0.723486,0.000000,-0.690378,0.000000,-7.271788,0.000000,2.946636,1.000000;;
    }

    Frame _10___tail2 {
     

     FrameTransformMatrix {
      0.667203,-0.000000,0.744855,0.000000,0.000000,1.000000,-0.000000,0.000000,-0.744855,0.000000,0.667203,0.000000,-0.016248,-0.000000,41.572877,1.000000;;
     }

     Frame _10___tail2_end {
      

      FrameTransformMatrix {
       1.000000,-0.000000,0.000000,0.000000,-0.000000,1.000000,0.000000,0.000000,0.000000,0.000000,1.000000,0.000000,0.000000,0.000000,0.999952,1.000000;;
      }
     }
    }
   }
  }

  Frame _2__-footsteps {
   

   FrameTransformMatrix {
    0.000017,0.998264,0.058607,0.000000,-0.000019,-0.058607,0.998263,0.000000,0.999983,-0.000018,0.000018,0.000000,0.000000,2.722046,-46.372307,1.000000;;
   }

   Frame _2__-footsteps_end {
    

    FrameTransformMatrix {
     1.000000,0.000000,-0.000000,0.000000,0.000000,1.000000,0.000000,0.000000,0.000000,0.000000,1.000000,0.000000,0.000000,-0.000000,1.000000,1.000000;;
    }
   }
  }
 }
}

AnimTicksPerSecond  {
 4800;
}

AnimationSet Dummy {
 

 Animation {
  
  { ARM_fox_framework }

  AnimationKey  {
   4;
   2;
   0;16;39.370080,0.000000,0.000000,0.000000,0.000000,39.370080,0.000005,0.000000,0.000000,-0.000005,39.370080,0.000000,0.000000,0.000000,0.000000,1.000000;;,
   160;16;39.370080,0.000000,0.000000,0.000000,0.000000,39.370080,0.000005,0.000000,0.000000,-0.000005,39.370080,0.000000,0.000000,0.000000,0.000000,1.000000;;;
  }
 }

 Animation {
  
  { _0__-com }

  AnimationKey  {
   4;
   2;
   0;16;1.000017,-0.000017,0.000018,0.000000,0.000018,0.998301,-0.058591,0.000000,-0.000017,0.058591,0.998300,0.000000,-0.000100,27.972298,45.225898,1.000000;;,
   160;16;1.000017,-0.000017,0.000018,0.000000,0.000018,0.998301,-0.058591,0.000000,-0.000017,0.058591,0.998300,0.000000,-0.000100,27.972298,45.225898,1.000000;;;
  }
 }

 Animation {
  
  { _1___body }

  AnimationKey  {
   4;
   2;
   0;16;-0.000000,0.000000,1.000000,0.000000,1.000000,-0.000000,0.000000,0.000000,0.000000,1.000000,-0.000000,0.000000,0.000100,0.000082,-13.042354,1.000000;;,
   160;16;-0.000000,0.000000,1.000000,0.000000,1.000000,-0.000000,0.000000,0.000000,0.000000,1.000000,-0.000000,0.000000,0.000100,0.000082,-13.042354,1.000000;;;
  }
 }

 Animation {
  
  { _3___chest }

  AnimationKey  {
   4;
   2;
   0;16;-0.473060,-0.000000,-0.880972,0.000000,-0.000000,1.000000,-0.000000,0.000000,0.880972,0.000000,-0.473060,0.000000,21.287213,-0.000100,-0.320477,1.000000;;,
   160;16;-0.473060,-0.000000,-0.880972,0.000000,-0.000000,1.000000,-0.000000,0.000000,0.880972,-0.000000,-0.473060,0.000000,21.287213,-0.000100,-0.320477,1.000000;;;
  }
 }

 Animation {
  
  { _7__-neck1 }

  AnimationKey  {
   4;
   2;
   0;16;0.639982,-0.000000,-0.768381,0.000000,0.000000,1.000000,-0.000000,0.000000,0.768381,0.000000,0.639982,0.000000,-0.010796,0.000100,31.668384,1.000000;;,
   160;16;0.639982,-0.000000,-0.768381,0.000000,0.000000,1.000000,-0.000000,0.000000,0.768381,0.000000,0.639982,0.000000,-0.010796,0.000100,31.668397,1.000000;;;
  }
 }

 Animation {
  
  { _11__-claviclel }

  AnimationKey  {
   4;
   2;
   0;16;-0.147884,0.972949,-0.177758,0.000000,-0.882937,-0.048875,0.467036,0.000000,0.445675,0.225996,0.866205,0.000000,3.378372,4.111199,-4.630712,1.000000;;,
   160;16;-0.147884,0.972949,-0.177758,0.000000,-0.882937,-0.048875,0.467036,0.000000,0.445675,0.225996,0.866205,0.000000,3.378372,4.111200,-4.630717,1.000000;;;
  }
 }

 Animation {
  
  { _16___arm1l }

  AnimationKey  {
   4;
   2;
   0;16;0.044050,-0.943010,-0.329694,0.000000,0.998524,0.031574,0.043100,0.000000,-0.030237,-0.331136,0.943096,0.000000,-0.000242,0.000473,9.105122,1.000000;;,
   160;16;0.044050,-0.943010,-0.329694,0.000000,0.998524,0.031574,0.043100,0.000000,-0.030237,-0.331136,0.943095,0.000000,-0.000243,0.000481,9.105120,1.000000;;;
  }
 }

 Animation {
  
  { _21___arm2l }

  AnimationKey  {
   4;
   2;
   0;16;0.841200,0.000021,0.540731,0.000000,-0.000004,1.000000,-0.000032,0.000000,-0.540731,0.000025,0.841200,0.000000,0.001064,0.000658,23.361056,1.000000;;,
   160;16;0.841200,0.000021,0.540731,0.000000,-0.000004,1.000000,-0.000032,0.000000,-0.540731,0.000025,0.841200,0.000000,0.001060,0.000660,23.361053,1.000000;;;
  }
 }

 Animation {
  
  { _24___hand1l }

  AnimationKey  {
   4;
   2;
   0;16;0.972494,-0.003252,-0.232907,0.000000,0.002071,0.999983,-0.005313,0.000000,0.232920,0.004684,0.972485,0.000000,-0.000858,-0.000404,21.383458,1.000000;;,
   160;16;0.972494,-0.003252,-0.232907,0.000000,0.002071,0.999984,-0.005313,0.000000,0.232920,0.004684,0.972485,0.000000,-0.000858,-0.000408,21.383458,1.000000;;;
  }
 }

 Animation {
  
  { _26___hand2l }

  AnimationKey  {
   4;
   2;
   0;16;0.811746,-0.000689,-0.584010,0.000000,0.000822,1.000000,-0.000036,0.000000,0.584010,-0.000451,0.811746,0.000000,0.000153,0.000116,7.660879,1.000000;;,
   160;16;0.811746,-0.000689,-0.584010,0.000000,0.000822,0.999999,-0.000036,0.000000,0.584010,-0.000451,0.811746,0.000000,0.000160,0.000116,7.660875,1.000000;;;
  }
 }

 Animation {
  
  { _26___hand2l_end }

  AnimationKey  {
   4;
   2;
   0;16;1.000000,-0.000000,-0.000000,0.000000,0.000000,1.000000,0.000000,0.000000,0.000000,0.000000,1.000000,0.000000,0.000000,0.000000,1.000038,1.000000;;,
   160;16;1.000000,0.000000,-0.000000,0.000000,-0.000000,1.000000,0.000000,0.000000,0.000000,-0.000000,1.000000,0.000000,0.000000,0.000000,1.000036,1.000000;;;
  }
 }

 Animation {
  
  { _12__-clavicler }

  AnimationKey  {
   4;
   2;
   0;16;-0.147884,-0.972949,-0.177757,0.000000,0.882937,-0.048875,-0.467036,0.000000,0.445676,-0.225996,0.866205,0.000000,3.378372,-4.111300,-4.630714,1.000000;;,
   160;16;-0.147884,-0.972949,-0.177757,0.000000,0.882937,-0.048875,-0.467036,0.000000,0.445676,-0.225996,0.866205,0.000000,3.378364,-4.111300,-4.630715,1.000000;;;
  }
 }

 Animation {
  
  { _17___arm1r }

  AnimationKey  {
   4;
   2;
   0;16;0.044050,0.943009,-0.329694,0.000000,-0.998524,0.031574,-0.043100,0.000000,-0.030237,0.331136,0.943096,0.000000,-0.000337,-0.000481,9.105097,1.000000;;,
   160;16;0.044050,0.943009,-0.329694,0.000000,-0.998524,0.031574,-0.043100,0.000000,-0.030237,0.331136,0.943096,0.000000,-0.000337,-0.000481,9.105098,1.000000;;;
  }
 }

 Animation {
  
  { _22___arm2r }

  AnimationKey  {
   4;
   2;
   0;16;0.841200,-0.000021,0.540731,0.000000,0.000004,1.000000,0.000032,0.000000,-0.540731,-0.000025,0.841200,0.000000,0.001003,-0.000645,23.361141,1.000000;;,
   160;16;0.841200,-0.000021,0.540731,0.000000,0.000004,1.000000,0.000032,0.000000,-0.540731,-0.000025,0.841200,0.000000,0.000996,-0.000643,23.361141,1.000000;;;
  }
 }

 Animation {
  
  { _25___hand1r }

  AnimationKey  {
   4;
   2;
   0;16;0.972494,0.003252,-0.232907,0.000000,-0.002071,0.999984,0.005313,0.000000,0.232920,-0.004684,0.972485,0.000000,-0.000874,0.000490,21.383339,1.000000;;,
   160;16;0.972494,0.003252,-0.232907,0.000000,-0.002071,0.999984,0.005313,0.000000,0.232920,-0.004684,0.972485,0.000000,-0.000874,0.000490,21.383342,1.000000;;;
  }
 }

 Animation {
  
  { _27___hand2r }

  AnimationKey  {
   4;
   2;
   0;16;0.811746,0.000689,-0.584010,0.000000,-0.000822,1.000000,0.000036,0.000000,0.584010,0.000451,0.811746,0.000000,0.000145,-0.000118,7.660885,1.000000;;,
   160;16;0.811746,0.000689,-0.584010,0.000000,-0.000822,1.000000,0.000036,0.000000,0.584009,0.000451,0.811746,0.000000,0.000153,-0.000118,7.660878,1.000000;;;
  }
 }

 Animation {
  
  { _27___hand2r_end }

  AnimationKey  {
   4;
   2;
   0;16;1.000000,0.000000,0.000000,0.000000,-0.000000,1.000000,0.000000,0.000000,-0.000000,0.000000,1.000000,0.000000,-0.000008,0.000000,1.000034,1.000000;;,
   160;16;1.000000,0.000000,0.000000,0.000000,0.000000,1.000000,-0.000000,0.000000,0.000000,0.000000,1.000000,0.000000,-0.000008,0.000000,1.000036,1.000000;;;
  }
 }

 Animation {
  
  { _13__-neck2 }

  AnimationKey  {
   4;
   2;
   0;16;0.778076,-0.000000,-0.628173,0.000000,0.000000,1.000000,0.000000,0.000000,0.628173,0.000000,0.778076,0.000000,-0.008568,0.000000,19.377832,1.000000;;,
   160;16;0.778076,0.000000,-0.628173,0.000000,0.000000,1.000000,0.000000,0.000000,0.628173,-0.000000,0.778076,0.000000,-0.008575,0.000000,19.377830,1.000000;;;
  }
 }

 Animation {
  
  { _18___head }

  AnimationKey  {
   4;
   2;
   0;16;0.991394,0.000000,-0.130917,0.000000,0.000000,1.000000,0.000000,0.000000,0.130917,-0.000000,0.991393,0.000000,-0.000130,0.000000,14.320584,1.000000;;,
   160;16;0.991394,-0.000000,-0.130917,0.000000,0.000000,1.000000,0.000000,0.000000,0.130917,0.000000,0.991393,0.000000,-0.000122,0.000000,14.320584,1.000000;;;
  }
 }

 Animation {
  
  { _23___head2 }

  AnimationKey  {
   4;
   2;
   0;16;0.391633,0.000000,-0.920123,0.000000,0.000000,1.000000,0.000000,0.000000,0.920123,0.000000,0.391633,0.000000,12.304298,-0.000000,-1.643450,1.000000;;,
   160;16;0.391633,0.000000,-0.920123,0.000000,-0.000000,1.000000,0.000000,0.000000,0.920123,0.000000,0.391633,0.000000,12.304298,0.000000,-1.643456,1.000000;;;
  }
 }

 Animation {
  
  { _23___head2_end }

  AnimationKey  {
   4;
   2;
   0;16;1.000000,0.000000,0.000000,0.000000,0.000000,1.000000,-0.000000,0.000000,0.000000,0.000000,1.000000,0.000000,-0.000001,-0.000000,0.999970,1.000000;;,
   160;16;1.000000,0.000000,0.000000,0.000000,0.000000,1.000000,-0.000000,0.000000,0.000000,-0.000000,1.000000,0.000000,0.000000,-0.000000,0.999977,1.000000;;;
  }
 }

 Animation {
  
  { _4___leg1l }

  AnimationKey  {
   4;
   2;
   0;16;0.991503,0.061699,-0.114524,0.000000,0.046314,-0.990087,-0.132431,0.000000,-0.121560,0.126002,-0.984532,0.000000,0.000004,9.282098,0.000097,1.000000;;,
   160;16;0.991503,0.061699,-0.114524,0.000000,0.046314,-0.990087,-0.132431,0.000000,-0.121560,0.126002,-0.984531,0.000000,0.000004,9.282098,0.000099,1.000000;;;
  }
 }

 Animation {
  
  { _8___leg2l }

  AnimationKey  {
   4;
   2;
   0;16;0.401846,-0.000004,0.915712,0.000000,0.000027,1.000000,-0.000008,0.000000,-0.915712,0.000028,0.401846,0.000000,0.000288,0.000212,18.581677,1.000000;;,
   160;16;0.401846,-0.000004,0.915713,0.000000,0.000027,1.000000,-0.000008,0.000000,-0.915712,0.000028,0.401846,0.000000,0.000290,0.000211,18.581677,1.000000;;;
  }
 }

 Animation {
  
  { _14___leg3l }

  AnimationKey  {
   4;
   2;
   0;16;0.595689,0.000025,-0.803203,0.000000,-0.000024,1.000000,0.000014,0.000000,0.803203,0.000011,0.595689,0.000000,-0.000330,-0.000593,24.786333,1.000000;;,
   160;16;0.595689,0.000025,-0.803203,0.000000,-0.000024,1.000000,0.000014,0.000000,0.803203,0.000011,0.595689,0.000000,-0.000330,-0.000593,24.786338,1.000000;;;
  }
 }

 Animation {
  
  { _19__-footl }

  AnimationKey  {
   4;
   2;
   0;16;0.765996,0.137440,0.627977,0.000000,-0.088202,0.990109,-0.109108,0.000000,-0.636761,0.028187,0.770542,0.000000,0.000652,0.000389,14.706038,1.000000;;,
   160;16;0.765996,0.137440,0.627977,0.000000,-0.088202,0.990109,-0.109108,0.000000,-0.636761,0.028187,0.770542,0.000000,0.000649,0.000388,14.706037,1.000000;;;
  }
 }

 Animation {
  
  { _19__-footl_end }

  AnimationKey  {
   4;
   2;
   0;16;1.000000,0.000000,0.000000,0.000000,0.000000,1.000000,0.000000,0.000000,-0.000000,0.000000,1.000000,0.000000,-0.000001,-0.000001,1.000000,1.000000;;,
   160;16;1.000000,-0.000000,0.000000,0.000000,0.000000,1.000000,0.000000,0.000000,0.000000,-0.000000,1.000000,0.000000,0.000000,0.000000,1.000001,1.000000;;;
  }
 }

 Animation {
  
  { _5___leg1r }

  AnimationKey  {
   4;
   2;
   0;16;0.991503,-0.061699,-0.114524,0.000000,-0.046314,-0.990087,0.132432,0.000000,-0.121559,-0.126002,-0.984531,0.000000,0.000004,-9.282199,-0.000006,1.000000;;,
   160;16;0.991503,-0.061699,-0.114524,0.000000,-0.046314,-0.990087,0.132432,0.000000,-0.121559,-0.126003,-0.984531,0.000000,0.000004,-9.282199,-0.000006,1.000000;;;
  }
 }

 Animation {
  
  { _9___leg2r }

  AnimationKey  {
   4;
   2;
   0;16;0.401846,0.000004,0.915712,0.000000,-0.000027,1.000000,0.000008,0.000000,-0.915712,-0.000028,0.401846,0.000000,0.000265,-0.000294,18.581566,1.000000;;,
   160;16;0.401846,0.000004,0.915712,0.000000,-0.000027,1.000000,0.000008,0.000000,-0.915712,-0.000028,0.401846,0.000000,0.000269,-0.000295,18.581568,1.000000;;;
  }
 }

 Animation {
  
  { _15___leg3r }

  AnimationKey  {
   4;
   2;
   0;16;0.595689,-0.000025,-0.803203,0.000000,0.000024,1.000000,-0.000014,0.000000,0.803203,-0.000011,0.595689,0.000000,-0.000350,0.000494,24.786322,1.000000;;,
   160;16;0.595689,-0.000025,-0.803203,0.000000,0.000024,1.000000,-0.000014,0.000000,0.803203,-0.000011,0.595689,0.000000,-0.000350,0.000495,24.786325,1.000000;;;
  }
 }

 Animation {
  
  { _20__-footr }

  AnimationKey  {
   4;
   2;
   0;16;0.765996,-0.137440,0.627977,0.000000,0.088202,0.990109,0.109108,0.000000,-0.636761,-0.028187,0.770542,0.000000,0.000650,-0.000386,14.706035,1.000000;;,
   160;16;0.765996,-0.137440,0.627977,0.000000,0.088203,0.990109,0.109108,0.000000,-0.636761,-0.028187,0.770542,0.000000,0.000650,-0.000387,14.706035,1.000000;;;
  }
 }

 Animation {
  
  { _20__-footr_end }

  AnimationKey  {
   4;
   2;
   0;16;1.000000,-0.000000,-0.000000,0.000000,0.000000,1.000000,0.000000,0.000000,0.000000,0.000000,1.000000,0.000000,0.000000,0.000000,0.999999,1.000000;;,
   160;16;1.000000,0.000000,0.000000,0.000000,0.000000,1.000000,0.000000,0.000000,0.000000,-0.000000,1.000000,0.000000,0.000000,0.000000,0.999999,1.000000;;;
  }
 }

 Animation {
  
  { _6___tail1 }

  AnimationKey  {
   4;
   2;
   0;16;-0.690378,0.000000,0.723486,0.000000,-0.000000,1.000000,0.000000,0.000000,-0.723486,0.000000,-0.690378,0.000000,-7.271788,0.000000,2.946636,1.000000;;,
   160;16;-0.690378,-0.000000,0.723486,0.000000,0.000000,1.000000,0.000000,0.000000,-0.723486,0.000000,-0.690377,0.000000,-7.271788,0.000000,2.946636,1.000000;;;
  }
 }

 Animation {
  
  { _10___tail2 }

  AnimationKey  {
   4;
   2;
   0;16;0.667203,-0.000000,0.744855,0.000000,0.000000,1.000000,-0.000000,0.000000,-0.744855,0.000000,0.667203,0.000000,-0.016248,-0.000000,41.572877,1.000000;;,
   160;16;0.667203,0.000000,0.744855,0.000000,0.000000,1.000000,-0.000000,0.000000,-0.744855,0.000000,0.667203,0.000000,-0.016247,-0.000000,41.572877,1.000000;;;
  }
 }

 Animation {
  
  { _10___tail2_end }

  AnimationKey  {
   4;
   2;
   0;16;1.000000,-0.000000,0.000000,0.000000,-0.000000,1.000000,0.000000,0.000000,0.000000,0.000000,1.000000,0.000000,0.000000,0.000000,0.999952,1.000000;;,
   160;16;1.000000,-0.000000,-0.000000,0.000000,0.000000,1.000000,-0.000000,0.000000,0.000000,0.000000,1.000000,0.000000,0.000000,0.000000,0.999952,1.000000;;;
  }
 }

 Animation {
  
  { _2__-footsteps }

  AnimationKey  {
   4;
   2;
   0;16;0.000017,0.998264,0.058607,0.000000,-0.000019,-0.058607,0.998263,0.000000,0.999983,-0.000018,0.000018,0.000000,0.000000,2.722046,-46.372307,1.000000;;,
   160;16;0.000017,0.998264,0.058606,0.000000,-0.000019,-0.058606,0.998263,0.000000,0.999983,-0.000018,0.000018,0.000000,0.000000,2.722046,-46.372307,1.000000;;;
  }
 }

 Animation {
  
  { _2__-footsteps_end }

  AnimationKey  {
   4;
   2;
   0;16;1.000000,0.000000,-0.000000,0.000000,0.000000,1.000000,0.000000,0.000000,0.000000,0.000000,1.000000,0.000000,0.000000,-0.000000,1.000000,1.000000;;,
   160;16;1.000000,0.000000,0.000000,0.000000,0.000000,1.000000,0.000000,0.000000,-0.000000,0.000000,1.000000,0.000000,0.000000,-0.000000,1.000000,1.000000;;;
  }
 }
}