xof 0303txt 0032
template Frame {
 <3d82ab46-62da-11cf-ab39-0020af71e433>
 [...]
}

template Matrix4x4 {
 <f6f23f45-7686-11cf-8f52-0040333594a3>
 array FLOAT matrix[16];
}

template FrameTransformMatrix {
 <f6f23f41-7686-11cf-8f52-0040333594a3>
 Matrix4x4 frameMatrix;
}

template AnimTicksPerSecond {
 <9e415a43-7ba6-4a73-8743-b73d47e88476>
 DWORD AnimTicksPerSecond;
}

template Animation {
 <3d82ab4f-62da-11cf-ab39-0020af71e433>
 [...]
}

template AnimationSet {
 <3d82ab50-62da-11cf-ab39-0020af71e433>
 [Animation <3d82ab4f-62da-11cf-ab39-0020af71e433>]
}

template FloatKeys {
 <10dd46a9-775b-11cf-8f52-0040333594a3>
 DWORD nValues;
 array FLOAT values[nValues];
}

template TimedFloatKeys {
 <f406b180-7b3b-11cf-8f52-0040333594a3>
 DWORD time;
 FloatKeys tfkeys;
}

template AnimationKey {
 <10dd46a8-775b-11cf-8f52-0040333594a3>
 DWORD keyType;
 DWORD nKeys;
 array TimedFloatKeys keys[nKeys];
}


Frame ARM_fox_framework {
 

 FrameTransformMatrix {
  -0.003937,0.000000,-0.000000,0.000000,-0.000000,-0.000000,0.003937,0.000000,-0.000000,0.003937,0.000000,0.000000,0.000000,0.000000,0.000000,1.000000;;
 }

 Frame _0__-com {
  

  FrameTransformMatrix {
   1.000000,0.000053,-0.000007,0.000000,-0.000007,0.241955,0.970288,0.000000,0.000053,-0.970287,0.241955,0.000000,-0.000100,3.517000,36.160301,1.000000;;
  }

  Frame _1___body {
   

   FrameTransformMatrix {
    -0.000000,-0.000000,1.000000,0.000000,1.000000,-0.000000,0.000000,0.000000,0.000000,1.000000,0.000000,0.000000,0.000100,-0.000320,-13.042542,1.000000;;
   }

   Frame _3___chest {
    

    FrameTransformMatrix {
     -0.191121,-0.000000,-0.981567,0.000000,-0.000000,1.000000,-0.000000,0.000000,0.981567,0.000000,-0.191121,0.000000,21.280501,-0.000100,-0.317703,1.000000;;
    }

    Frame _7__-neck1 {
     

     FrameTransformMatrix {
      0.956453,0.000000,-0.291888,0.000000,-0.000000,1.000000,-0.000000,0.000000,0.291888,-0.000000,0.956453,0.000000,-0.014797,-0.000000,31.661002,1.000000;;
     }

     Frame _11__-claviclel {
      

      FrameTransformMatrix {
       -0.590402,0.786619,-0.180715,0.000000,-0.656670,-0.337979,0.674207,0.000000,0.469266,0.516723,0.716092,0.000000,0.289803,4.111199,-5.716198,1.000000;;
      }

      Frame _16___arm1l {
       

       FrameTransformMatrix {
        -0.542360,-0.838617,-0.050668,0.000000,0.765244,-0.518000,0.382200,0.000000,-0.346766,0.168517,0.922689,0.000000,0.000105,-0.000175,9.105006,1.000000;;
       }

       Frame _21___arm2l {
        

        FrameTransformMatrix {
         0.992085,0.000000,0.125568,0.000000,-0.000000,1.000000,-0.000000,0.000000,-0.125568,0.000000,0.992085,0.000000,0.000721,0.000690,23.361563,1.000000;;
        }

        Frame _24___hand1l {
         

         FrameTransformMatrix {
          0.946979,-0.044517,0.318196,0.000000,0.047141,0.998888,-0.000549,0.000000,-0.317818,0.015520,0.948025,0.000000,-0.000740,0.000889,21.383152,1.000000;;
         }

         Frame _26___hand2l {
          

          FrameTransformMatrix {
           0.983702,0.037686,0.175813,0.000000,-0.029587,0.998387,-0.048463,0.000000,-0.177356,0.042471,0.983230,0.000000,-0.000326,0.000237,7.661362,1.000000;;
          }

          Frame _26___hand2l_end {
           

           FrameTransformMatrix {
            1.000000,0.000000,0.000000,0.000000,0.000000,1.000000,0.000000,0.000000,-0.000000,-0.000000,1.000000,0.000000,-0.000001,0.000001,1.000038,1.000000;;
           }
          }
         }
        }
       }
      }
     }

     Frame _12__-clavicler {
      

      FrameTransformMatrix {
       -0.590390,-0.786626,-0.180719,0.000000,0.656679,-0.337968,-0.674204,0.000000,0.469269,-0.516718,0.716094,0.000000,0.289799,-4.111200,-5.716202,1.000000;;
      }

      Frame _17___arm1r {
       

       FrameTransformMatrix {
        -0.542372,0.838609,-0.050671,0.000000,-0.765236,-0.518011,-0.382201,0.000000,-0.346766,-0.168520,0.922689,0.000000,0.000195,0.000210,9.105047,1.000000;;
       }

       Frame _22___arm2r {
        

        FrameTransformMatrix {
         0.992085,0.000000,0.125568,0.000000,-0.000000,1.000000,-0.000000,0.000000,-0.125568,0.000000,0.992085,0.000000,0.000744,-0.000594,23.361539,1.000000;;
        }

        Frame _25___hand1r {
         

         FrameTransformMatrix {
          0.946979,0.044517,0.318196,0.000000,-0.047141,0.998888,0.000549,0.000000,-0.317818,-0.015520,0.948025,0.000000,-0.000744,-0.000889,21.383152,1.000000;;
         }

         Frame _27___hand2r {
          

          FrameTransformMatrix {
           0.983702,-0.037686,0.175813,0.000000,0.029587,0.998387,0.048463,0.000000,-0.177356,-0.042471,0.983230,0.000000,-0.000225,-0.000145,7.661370,1.000000;;
          }

          Frame _27___hand2r_end {
           

           FrameTransformMatrix {
            1.000000,0.000000,0.000000,0.000000,-0.000000,1.000000,0.000000,0.000000,0.000000,0.000000,1.000000,0.000000,0.000000,0.000002,1.000038,1.000000;;
           }
          }
         }
        }
       }
      }
     }

     Frame _13__-neck2 {
      

      FrameTransformMatrix {
       0.804538,0.000000,-0.593902,0.000000,-0.000000,1.000000,0.000000,0.000000,0.593902,0.000000,0.804538,0.000000,-0.009201,0.000000,19.376902,1.000000;;
      }

      Frame _18___head {
       

       FrameTransformMatrix {
        0.931129,0.000000,0.364690,0.000000,-0.000000,1.000000,0.000000,0.000000,-0.364690,0.000000,0.931129,0.000000,0.000351,0.000000,14.320163,1.000000;;
       }

       Frame _23___head2 {
        

        FrameTransformMatrix {
         -0.086194,0.000000,-0.996326,0.000000,-0.000000,1.000000,0.000000,0.000000,0.996326,0.000000,-0.086194,0.000000,12.307633,-0.000100,-1.643024,1.000000;;
        }

        Frame _23___head2_end {
         

         FrameTransformMatrix {
          1.000000,0.000000,0.000000,0.000000,0.000000,1.000000,-0.000000,0.000000,0.000000,-0.000000,1.000000,0.000000,-0.000004,-0.000000,0.999966,1.000000;;
         }
        }
       }
      }
     }
    }
   }

   Frame _4___leg1l {
    

    FrameTransformMatrix {
     0.548516,-0.481737,0.683422,0.000000,-0.110889,-0.852038,-0.511593,0.000000,0.828755,0.204833,-0.520776,0.000000,-0.000095,9.282101,0.000023,1.000000;;
    }

    Frame _8___leg2l {
     

     FrameTransformMatrix {
      -0.587195,0.000000,0.809446,0.000000,-0.000000,1.000000,-0.000000,0.000000,-0.809446,-0.000000,-0.587195,0.000000,0.000129,-0.000954,18.581510,1.000000;;
     }

     Frame _14___leg3l {
      

      FrameTransformMatrix {
       0.067345,-0.000000,-0.997730,0.000000,-0.000000,1.000000,-0.000000,0.000000,0.997729,0.000000,0.067345,0.000000,0.000841,-0.000462,24.787880,1.000000;;
      }

      Frame _19__-footl {
       

       FrameTransformMatrix {
        0.679935,-0.364191,0.636438,0.000000,0.603853,0.770490,-0.204223,0.000000,-0.415993,0.523174,0.743800,0.000000,0.000535,0.000399,14.705445,1.000000;;
       }

       Frame _19__-footl_end {
        

        FrameTransformMatrix {
         1.000000,-0.000000,-0.000000,0.000000,0.000000,1.000000,0.000000,0.000000,0.000000,-0.000000,1.000000,0.000000,-0.000002,0.000002,1.000000,1.000000;;
        }
       }
      }
     }
    }
   }

   Frame _5___leg1r {
    

    FrameTransformMatrix {
     0.548524,0.481766,0.683394,0.000000,0.110848,-0.852005,0.511659,0.000000,0.828755,-0.204904,-0.520748,0.000000,-0.000002,-9.282201,0.000000,1.000000;;
    }

    Frame _9___leg2r {
     

     FrameTransformMatrix {
      -0.587195,0.000000,0.809445,0.000000,-0.000000,1.000000,-0.000000,0.000000,-0.809445,0.000000,-0.587195,0.000000,0.000142,0.000870,18.581400,1.000000;;
     }

     Frame _15___leg3r {
      

      FrameTransformMatrix {
       0.067346,0.000000,-0.997730,0.000000,0.000000,1.000000,0.000000,0.000000,0.997730,0.000000,0.067345,0.000000,0.000836,0.000454,24.787886,1.000000;;
      }

      Frame _20__-footr {
       

       FrameTransformMatrix {
        0.679934,0.364191,0.636438,0.000000,-0.603853,0.770489,0.204223,0.000000,-0.415993,-0.523174,0.743800,0.000000,0.000511,-0.000315,14.705499,1.000000;;
       }

       Frame _20__-footr_end {
        

        FrameTransformMatrix {
         1.000000,-0.000000,-0.000000,0.000000,0.000000,1.000000,-0.000000,0.000000,-0.000000,0.000000,1.000000,0.000000,0.000002,0.000000,1.000000,1.000000;;
        }
       }
      }
     }
    }
   }

   Frame _6___tail1 {
    

    FrameTransformMatrix {
     0.234006,-0.000000,0.972236,0.000000,-0.000000,1.000000,0.000000,0.000000,-0.972235,-0.000000,0.234006,0.000000,-7.302599,-0.000000,2.938393,1.000000;;
    }

    Frame _10___tail2 {
     

     FrameTransformMatrix {
      0.836572,0.000000,0.547856,0.000000,-0.000000,1.000000,-0.000000,0.000000,-0.547856,-0.000000,0.836572,0.000000,-0.021297,-0.000000,41.579798,1.000000;;
     }

     Frame _10___tail2_end {
      

      FrameTransformMatrix {
       1.000000,-0.000000,0.000000,0.000000,0.000000,1.000000,0.000000,0.000000,-0.000000,0.000000,1.000000,0.000000,0.000008,0.000000,0.999962,1.000000;;
      }
     }
    }
   }
  }

  Frame _2__-footsteps {
   

   FrameTransformMatrix {
    0.000053,0.241955,-0.970287,0.000000,-0.000007,0.970287,0.241955,0.000000,1.000000,-0.000007,0.000053,0.000000,0.000000,-35.039296,-8.736302,1.000000;;
   }

   Frame _2__-footsteps_end {
    

    FrameTransformMatrix {
     1.000000,0.000000,-0.000000,0.000000,0.000000,1.000000,0.000000,0.000000,0.000000,-0.000000,1.000000,0.000000,0.000000,0.000000,1.000000,1.000000;;
    }
   }
  }
 }
}

AnimTicksPerSecond  {
 4800;
}

AnimationSet Dummy {
 

 Animation {
  
  { ARM_fox_framework }

  AnimationKey  {
   4;
   2;
   0;16;-0.003937,0.000000,-0.000000,0.000000,-0.000000,-0.000000,0.003937,0.000000,-0.000000,0.003937,0.000000,0.000000,0.000000,0.000000,0.000000,1.000000;;,
   51200;16;-0.003937,0.000000,-0.000000,0.000000,-0.000000,-0.000000,0.003937,0.000000,-0.000000,0.003937,0.000000,0.000000,0.000000,0.000000,0.000000,1.000000;;;
  }
 }

 Animation {
  
  { _0__-com }

  AnimationKey  {
   4;
   321;
   0;16;1.000000,0.000053,-0.000007,0.000000,-0.000007,0.241955,0.970288,0.000000,0.000053,-0.970287,0.241955,0.000000,-0.000100,3.517000,36.160301,1.000000;;,
   160;16;1.000000,0.000053,-0.000006,0.000000,-0.000007,0.241128,0.970493,0.000000,0.000053,-0.970493,0.241128,0.000000,-0.000100,3.510216,36.171894,1.000000;;,
   320;16;1.000000,0.000053,-0.000006,0.000000,-0.000007,0.240301,0.970698,0.000000,0.000053,-0.970698,0.240301,0.000000,-0.000100,3.493340,36.183494,1.000000;;,
   480;16;1.000000,0.000053,-0.000006,0.000000,-0.000007,0.239474,0.970903,0.000000,0.000053,-0.970902,0.239474,0.000000,-0.000100,3.466496,36.195088,1.000000;;,
   640;16;1.000000,0.000053,-0.000006,0.000000,-0.000007,0.238647,0.971107,0.000000,0.000053,-0.971106,0.238647,0.000000,-0.000100,3.429832,36.206682,1.000000;;,
   800;16;1.000000,0.000053,-0.000006,0.000000,-0.000007,0.237819,0.971309,0.000000,0.000053,-0.971309,0.237819,0.000000,-0.000100,3.383527,36.218278,1.000000;;,
   960;16;1.000000,0.000053,-0.000006,0.000000,-0.000007,0.235998,0.971753,0.000000,0.000053,-0.971753,0.235998,0.000000,-0.000100,3.324849,36.229875,1.000000;;,
   1120;16;1.000000,0.000053,-0.000006,0.000000,-0.000007,0.233902,0.972260,0.000000,0.000053,-0.972260,0.233901,0.000000,-0.000100,3.257356,36.241466,1.000000;;,
   1280;16;1.000000,0.000053,-0.000006,0.000000,-0.000007,0.231540,0.972825,0.000000,0.000053,-0.972825,0.231540,0.000000,-0.000100,3.181434,36.260698,1.000000;;,
   1440;16;1.000000,0.000053,-0.000005,0.000000,-0.000007,0.228928,0.973444,0.000000,0.000053,-0.973443,0.228928,0.000000,-0.000100,3.097509,36.287558,1.000000;;,
   1600;16;1.000000,0.000053,-0.000005,0.000000,-0.000007,0.226077,0.974109,0.000000,0.000053,-0.974109,0.226077,0.000000,-0.000100,3.006050,36.314419,1.000000;;,
   1760;16;1.000000,0.000053,-0.000005,0.000000,-0.000007,0.222943,0.974831,0.000000,0.000053,-0.974831,0.222943,0.000000,-0.000100,2.905653,36.341286,1.000000;;,
   1920;16;1.000000,0.000053,-0.000005,0.000000,-0.000007,0.219625,0.975584,0.000000,0.000053,-0.975584,0.219625,0.000000,-0.000100,2.799518,36.372579,1.000000;;,
   2080;16;1.000000,0.000053,-0.000005,0.000000,-0.000007,0.216145,0.976361,0.000000,0.000053,-0.976361,0.216145,0.000000,-0.000100,2.688376,36.405354,1.000000;;,
   2240;16;1.000000,0.000053,-0.000005,0.000000,-0.000007,0.212527,0.977155,0.000000,0.000053,-0.977155,0.212527,0.000000,-0.000100,2.573003,36.438797,1.000000;;,
   2400;16;1.000000,0.000053,-0.000005,0.000000,-0.000006,0.208796,0.977959,0.000000,0.000053,-0.977959,0.208796,0.000000,-0.000100,2.454217,36.474237,1.000000;;,
   2560;16;1.000000,0.000053,-0.000005,0.000000,-0.000006,0.204969,0.978768,0.000000,0.000053,-0.978768,0.204969,0.000000,-0.000100,2.332678,36.509677,1.000000;;,
   2720;16;1.000000,0.000053,-0.000004,0.000000,-0.000006,0.201116,0.979567,0.000000,0.000053,-0.979567,0.201116,0.000000,-0.000100,2.210528,36.545456,1.000000;;,
   2880;16;1.000000,0.000053,-0.000004,0.000000,-0.000006,0.197266,0.980350,0.000000,0.000053,-0.980350,0.197266,0.000000,-0.000100,2.088796,36.581357,1.000000;;,
   3040;16;1.000000,0.000053,-0.000004,0.000000,-0.000006,0.193454,0.981109,0.000000,0.000053,-0.981109,0.193454,0.000000,-0.000100,1.968527,36.616762,1.000000;;,
   3200;16;1.000000,0.000053,-0.000004,0.000000,-0.000006,0.189713,0.981840,0.000000,0.000053,-0.981839,0.189713,0.000000,-0.000100,1.850791,36.650662,1.000000;;,
   3360;16;1.000000,0.000053,-0.000004,0.000000,-0.000006,0.186134,0.982524,0.000000,0.000053,-0.982524,0.186134,0.000000,-0.000100,1.738611,36.684566,1.000000;;,
   3520;16;1.000000,0.000053,-0.000003,0.000000,-0.000006,0.182728,0.983164,0.000000,0.000053,-0.983163,0.182728,0.000000,-0.000100,1.632233,36.714438,1.000000;;,
   3680;16;1.000000,0.000053,-0.000003,0.000000,-0.000006,0.179527,0.983753,0.000000,0.000053,-0.983753,0.179527,0.000000,-0.000100,1.532727,36.742957,1.000000;;,
   3840;16;1.000000,0.000053,-0.000003,0.000000,-0.000006,0.176494,0.984302,0.000000,0.000053,-0.984302,0.176494,0.000000,-0.000100,1.438998,36.771494,1.000000;;,
   4000;16;1.000000,0.000053,-0.000003,0.000000,-0.000006,0.173515,0.984831,0.000000,0.000053,-0.984831,0.173515,0.000000,-0.000100,1.347788,36.800029,1.000000;;,
   4160;16;1.000000,0.000053,-0.000003,0.000000,-0.000006,0.170421,0.985371,0.000000,0.000053,-0.985371,0.170421,0.000000,-0.000100,1.254527,36.826432,1.000000;;,
   4320;16;1.000000,0.000053,-0.000003,0.000000,-0.000006,0.167405,0.985888,0.000000,0.000053,-0.985888,0.167405,0.000000,-0.000100,1.164044,36.852832,1.000000;;,
   4480;16;1.000000,0.000053,-0.000002,0.000000,-0.000006,0.164477,0.986381,0.000000,0.000053,-0.986381,0.164477,0.000000,-0.000100,1.076385,36.879235,1.000000;;,
   4640;16;1.000000,0.000053,-0.000002,0.000000,-0.000006,0.161628,0.986852,0.000000,0.000053,-0.986851,0.161628,0.000000,-0.000100,0.991131,36.905082,1.000000;;,
   4800;16;1.000000,0.000053,-0.000002,0.000000,-0.000006,0.158827,0.987306,0.000000,0.000053,-0.987306,0.158827,0.000000,-0.000100,0.907403,36.929245,1.000000;;,
   4960;16;1.000000,0.000053,-0.000002,0.000000,-0.000006,0.156083,0.987744,0.000000,0.000053,-0.987744,0.156083,0.000000,-0.000100,0.825583,36.953408,1.000000;;,
   5120;16;1.000000,0.000053,-0.000002,0.000000,-0.000006,0.153373,0.988168,0.000000,0.000053,-0.988168,0.153373,0.000000,-0.000100,0.744906,36.977578,1.000000;;,
   5280;16;1.000000,0.000053,-0.000002,0.000000,-0.000006,0.150684,0.988582,0.000000,0.000053,-0.988582,0.150684,0.000000,-0.000100,0.665042,37.001424,1.000000;;,
   5440;16;1.000000,0.000053,-0.000001,0.000000,-0.000006,0.148003,0.988987,0.000000,0.000052,-0.988987,0.148003,0.000000,-0.000100,0.585608,37.024934,1.000000;;,
   5600;16;1.000000,0.000053,-0.000001,0.000000,-0.000006,0.145315,0.989385,0.000000,0.000052,-0.989385,0.145315,0.000000,-0.000100,0.506174,37.048442,1.000000;;,
   5760;16;1.000000,0.000053,-0.000001,0.000000,-0.000006,0.142590,0.989782,0.000000,0.000052,-0.989781,0.142590,0.000000,-0.000100,0.425879,37.071946,1.000000;;,
   5920;16;1.000000,0.000053,-0.000001,0.000000,-0.000006,0.139821,0.990177,0.000000,0.000052,-0.990176,0.139821,0.000000,-0.000100,0.344440,37.096358,1.000000;;,
   6080;16;1.000000,0.000053,-0.000001,0.000000,-0.000006,0.137002,0.990571,0.000000,0.000052,-0.990571,0.137002,0.000000,-0.000100,0.261666,37.121056,1.000000;;,
   6240;16;1.000000,0.000053,-0.000001,0.000000,-0.000006,0.134129,0.990964,0.000000,0.000052,-0.990964,0.134129,0.000000,-0.000100,0.177429,37.145763,1.000000;;,
   6400;16;1.000000,0.000053,-0.000001,0.000000,-0.000006,0.131201,0.991356,0.000000,0.000052,-0.991356,0.131201,0.000000,-0.000100,0.091666,37.170467,1.000000;;,
   6560;16;1.000000,0.000053,-0.000000,0.000000,-0.000006,0.128149,0.991755,0.000000,0.000052,-0.991755,0.128149,0.000000,-0.000100,0.002699,37.197411,1.000000;;,
   6720;16;1.000000,0.000053,-0.000000,0.000000,-0.000006,0.124987,0.992158,0.000000,0.000052,-0.992158,0.124987,0.000000,-0.000100,-0.088993,37.224349,1.000000;;,
   6880;16;1.000000,0.000053,-0.000000,0.000000,-0.000006,0.121790,0.992556,0.000000,0.000052,-0.992555,0.121790,0.000000,-0.000100,-0.181523,37.251283,1.000000;;,
   7040;16;1.000000,0.000053,0.000000,0.000000,-0.000006,0.118607,0.992941,0.000000,0.000052,-0.992941,0.118607,0.000000,-0.000100,-0.273702,37.278227,1.000000;;,
   7200;16;1.000000,0.000053,0.000000,0.000000,-0.000006,0.115455,0.993313,0.000000,0.000052,-0.993312,0.115455,0.000000,-0.000100,-0.365045,37.305152,1.000000;;,
   7360;16;1.000000,0.000053,0.000001,0.000000,-0.000006,0.112303,0.993674,0.000000,0.000052,-0.993674,0.112303,0.000000,-0.000100,-0.456387,37.332093,1.000000;;,
   7520;16;1.000000,0.000053,0.000001,0.000000,-0.000006,0.109149,0.994025,0.000000,0.000052,-0.994025,0.109149,0.000000,-0.000100,-0.547729,37.359037,1.000000;;,
   7680;16;1.000000,0.000053,0.000001,0.000000,-0.000006,0.105994,0.994367,0.000000,0.000052,-0.994367,0.105994,0.000000,-0.000100,-0.639071,37.385971,1.000000;;,
   7840;16;1.000000,0.000053,0.000001,0.000000,-0.000006,0.102838,0.994698,0.000000,0.000052,-0.994698,0.102838,0.000000,-0.000100,-0.730414,37.412915,1.000000;;,
   8000;16;1.000000,0.000053,0.000001,0.000000,-0.000006,0.099681,0.995019,0.000000,0.000052,-0.995019,0.099681,0.000000,-0.000100,-0.821756,37.439853,1.000000;;,
   8160;16;1.000000,0.000053,0.000001,0.000000,-0.000006,0.096523,0.995331,0.000000,0.000052,-0.995330,0.096523,0.000000,-0.000100,-0.913098,37.466781,1.000000;;,
   8320;16;1.000000,0.000053,0.000001,0.000000,-0.000006,0.093334,0.995635,0.000000,0.000052,-0.995634,0.093334,0.000000,-0.000100,-1.005278,37.493728,1.000000;;,
   8480;16;1.000000,0.000053,0.000002,0.000000,-0.000006,0.090132,0.995930,0.000000,0.000052,-0.995930,0.090132,0.000000,-0.000100,-1.097807,37.520656,1.000000;;,
   8640;16;1.000000,0.000053,0.000002,0.000000,-0.000006,0.086959,0.996212,0.000000,0.000052,-0.996212,0.086959,0.000000,-0.000100,-1.189499,37.547600,1.000000;;,
   8800;16;1.000000,0.000053,0.000002,0.000000,-0.000006,0.083881,0.996476,0.000000,0.000052,-0.996475,0.083881,0.000000,-0.000100,-1.278467,37.574538,1.000000;;,
   8960;16;1.000000,0.000053,0.000002,0.000000,-0.000006,0.080916,0.996721,0.000000,0.000052,-0.996720,0.080916,0.000000,-0.000100,-1.364230,37.599251,1.000000;;,
   9120;16;1.000000,0.000053,0.000002,0.000000,-0.000006,0.078002,0.996953,0.000000,0.000052,-0.996953,0.078002,0.000000,-0.000100,-1.448466,37.623946,1.000000;;,
   9280;16;1.000000,0.000053,0.000002,0.000000,-0.000006,0.075138,0.997173,0.000000,0.000052,-0.997173,0.075138,0.000000,-0.000100,-1.531241,37.648650,1.000000;;,
   9440;16;1.000000,0.000053,0.000003,0.000000,-0.000006,0.072321,0.997381,0.000000,0.000052,-0.997381,0.072321,0.000000,-0.000100,-1.612680,37.673062,1.000000;;,
   9600;16;1.000000,0.000053,0.000003,0.000000,-0.000006,0.069542,0.997579,0.000000,0.000052,-0.997579,0.069542,0.000000,-0.000100,-1.692974,37.696560,1.000000;;,
   9760;16;1.000000,0.000053,0.000003,0.000000,-0.000006,0.066795,0.997767,0.000000,0.000052,-0.997766,0.066795,0.000000,-0.000100,-1.772408,37.720077,1.000000;;,
   9920;16;1.000000,0.000053,0.000003,0.000000,-0.000006,0.064048,0.997947,0.000000,0.000052,-0.997946,0.064048,0.000000,-0.000100,-1.851842,37.743587,1.000000;;,
   10080;16;1.000000,0.000052,0.000003,0.000000,-0.000006,0.061287,0.998120,0.000000,0.000052,-0.998120,0.061287,0.000000,-0.000100,-1.931707,37.767434,1.000000;;,
   10240;16;1.000000,0.000052,0.000003,0.000000,-0.000006,0.058499,0.998287,0.000000,0.000052,-0.998287,0.058499,0.000000,-0.000100,-2.012383,37.791597,1.000000;;,
   10400;16;1.000000,0.000052,0.000004,0.000000,-0.000007,0.055673,0.998449,0.000000,0.000052,-0.998449,0.055673,0.000000,-0.000100,-2.094203,37.815757,1.000000;;,
   10560;16;1.000000,0.000052,0.000004,0.000000,-0.000007,0.052783,0.998606,0.000000,0.000052,-0.998606,0.052783,0.000000,-0.000100,-2.177932,37.839923,1.000000;;,
   10720;16;1.000000,0.000052,0.000004,0.000000,-0.000007,0.049841,0.998757,0.000000,0.000052,-0.998757,0.049841,0.000000,-0.000100,-2.263186,37.865680,1.000000;;,
   10880;16;1.000000,0.000052,0.000004,0.000000,-0.000007,0.046827,0.998903,0.000000,0.000052,-0.998903,0.046827,0.000000,-0.000100,-2.350551,37.891962,1.000000;;,
   11040;16;1.000000,0.000052,0.000004,0.000000,-0.000007,0.043728,0.999044,0.000000,0.000052,-0.999043,0.043728,0.000000,-0.000100,-2.440427,37.918240,1.000000;;,
   11200;16;1.000000,0.000052,0.000004,0.000000,-0.000007,0.040539,0.999178,0.000000,0.000052,-0.999178,0.040539,0.000000,-0.000100,-2.533026,37.944518,1.000000;;,
   11360;16;1.000000,0.000052,0.000005,0.000000,-0.000006,0.037366,0.999302,0.000000,0.000052,-0.999301,0.037366,0.000000,-0.000100,-2.625485,37.972154,1.000000;;,
   11520;16;1.000000,0.000052,0.000005,0.000000,-0.000006,0.034155,0.999417,0.000000,0.000052,-0.999416,0.034155,0.000000,-0.000100,-2.719201,37.999786,1.000000;;,
   11680;16;1.000000,0.000052,0.000005,0.000000,-0.000006,0.030931,0.999522,0.000000,0.000052,-0.999521,0.030931,0.000000,-0.000100,-2.813512,38.027411,1.000000;;,
   11840;16;1.000000,0.000052,0.000005,0.000000,-0.000006,0.027785,0.999614,0.000000,0.000052,-0.999614,0.027785,0.000000,-0.000100,-2.905728,38.053603,1.000000;;,
   12000;16;1.000000,0.000052,0.000005,0.000000,-0.000006,0.024878,0.999690,0.000000,0.000052,-0.999690,0.024878,0.000000,-0.000100,-2.991134,38.075466,1.000000;;,
   12160;16;1.000000,0.000052,0.000005,0.000000,-0.000006,0.022373,0.999750,0.000000,0.000052,-0.999749,0.022373,0.000000,-0.000100,-3.064743,38.097334,1.000000;;,
   12320;16;1.000000,0.000052,0.000005,0.000000,-0.000006,0.020136,0.999797,0.000000,0.000052,-0.999797,0.020136,0.000000,-0.000100,-3.130698,38.119197,1.000000;;,
   12480;16;1.000000,0.000052,0.000006,0.000000,-0.000007,0.017987,0.999838,0.000000,0.000052,-0.999838,0.017987,0.000000,-0.000100,-3.194103,38.140931,1.000000;;,
   12640;16;1.000000,0.000052,0.000006,0.000000,-0.000007,0.015757,0.999876,0.000000,0.000052,-0.999876,0.015757,0.000000,-0.000100,-3.260058,38.162515,1.000000;;,
   12800;16;1.000000,0.000052,0.000006,0.000000,-0.000007,0.013280,0.999912,0.000000,0.000052,-0.999912,0.013280,0.000000,-0.000100,-3.333667,38.184102,1.000000;;,
   12960;16;1.000000,0.000052,0.000006,0.000000,-0.000007,0.010503,0.999945,0.000000,0.000052,-0.999944,0.010503,0.000000,-0.000100,-3.416264,38.205683,1.000000;;,
   13120;16;1.000000,0.000052,0.000006,0.000000,-0.000007,0.007586,0.999971,0.000000,0.000052,-0.999971,0.007586,0.000000,-0.000100,-3.503075,38.231526,1.000000;;,
   13280;16;1.000000,0.000052,0.000006,0.000000,-0.000007,0.004540,0.999990,0.000000,0.000052,-0.999989,0.004540,0.000000,-0.000100,-3.593776,38.258771,1.000000;;,
   13440;16;1.000000,0.000052,0.000006,0.000000,-0.000007,0.001396,0.999999,0.000000,0.000052,-0.999999,0.001396,0.000000,-0.000100,-3.687611,38.286010,1.000000;;,
   13600;16;1.000000,0.000052,0.000007,0.000000,-0.000007,-0.001806,0.999998,0.000000,0.000052,-0.999998,-0.001806,0.000000,-0.000100,-3.783398,38.313264,1.000000;;,
   13760;16;1.000000,0.000052,0.000007,0.000000,-0.000007,-0.004979,0.999988,0.000000,0.000052,-0.999987,-0.004979,0.000000,-0.000100,-3.878765,38.340912,1.000000;;,
   13920;16;1.000000,0.000052,0.000007,0.000000,-0.000006,-0.008081,0.999967,0.000000,0.000052,-0.999967,-0.008081,0.000000,-0.000100,-3.972283,38.368554,1.000000;;,
   14080;16;1.000000,0.000052,0.000007,0.000000,-0.000006,-0.011151,0.999938,0.000000,0.000052,-0.999938,-0.011151,0.000000,-0.000100,-4.065204,38.396202,1.000000;;,
   14240;16;1.000000,0.000052,0.000007,0.000000,-0.000006,-0.014207,0.999899,0.000000,0.000052,-0.999899,-0.014207,0.000000,-0.000100,-4.158191,38.423421,1.000000;;,
   14400;16;1.000000,0.000052,0.000007,0.000000,-0.000006,-0.017249,0.999851,0.000000,0.000052,-0.999851,-0.017249,0.000000,-0.000100,-4.251328,38.449347,1.000000;;,
   14560;16;1.000000,0.000052,0.000008,0.000000,-0.000006,-0.020105,0.999798,0.000000,0.000052,-0.999798,-0.020105,0.000000,-0.000100,-4.339279,38.475293,1.000000;;,
   14720;16;1.000000,0.000052,0.000008,0.000000,-0.000006,-0.022833,0.999739,0.000000,0.000052,-0.999739,-0.022833,0.000000,-0.000100,-4.423326,38.501219,1.000000;;,
   14880;16;1.000000,0.000052,0.000008,0.000000,-0.000006,-0.025454,0.999676,0.000000,0.000052,-0.999676,-0.025454,0.000000,-0.000100,-4.504044,38.525414,1.000000;;,
   15040;16;1.000000,0.000052,0.000008,0.000000,-0.000007,-0.027978,0.999609,0.000000,0.000052,-0.999608,-0.027978,0.000000,-0.000100,-4.581929,38.547872,1.000000;;,
   15200;16;1.000000,0.000052,0.000008,0.000000,-0.000007,-0.030400,0.999538,0.000000,0.000052,-0.999537,-0.030400,0.000000,-0.000100,-4.657409,38.570320,1.000000;;,
   15360;16;1.000000,0.000052,0.000008,0.000000,-0.000007,-0.032822,0.999461,0.000000,0.000052,-0.999461,-0.032822,0.000000,-0.000100,-4.731634,38.592771,1.000000;;,
   15520;16;1.000000,0.000052,0.000008,0.000000,-0.000007,-0.035267,0.999378,0.000000,0.000052,-0.999377,-0.035267,0.000000,-0.000100,-4.806800,38.615853,1.000000;;,
   15680;16;1.000000,0.000052,0.000009,0.000000,-0.000007,-0.037720,0.999288,0.000000,0.000052,-0.999288,-0.037720,0.000000,-0.000100,-4.883885,38.639133,1.000000;;,
   15840;16;1.000000,0.000052,0.000009,0.000000,-0.000007,-0.040209,0.999191,0.000000,0.000052,-0.999191,-0.040208,0.000000,-0.000100,-4.963588,38.662426,1.000000;;,
   16000;16;1.000000,0.000052,0.000009,0.000000,-0.000007,-0.042807,0.999083,0.000000,0.000052,-0.999083,-0.042807,0.000000,-0.000100,-5.046334,38.685715,1.000000;;,
   16160;16;1.000000,0.000052,0.000009,0.000000,-0.000007,-0.045489,0.998965,0.000000,0.000052,-0.998964,-0.045489,0.000000,-0.000100,-5.132154,38.711654,1.000000;;,
   16320;16;1.000000,0.000052,0.000009,0.000000,-0.000007,-0.048215,0.998837,0.000000,0.000052,-0.998837,-0.048215,0.000000,-0.000100,-5.219562,38.737590,1.000000;;,
   16480;16;1.000000,0.000052,0.000009,0.000000,-0.000007,-0.050982,0.998700,0.000000,0.000052,-0.998699,-0.050982,0.000000,-0.000100,-5.308578,38.763530,1.000000;;,
   16640;16;1.000000,0.000052,0.000009,0.000000,-0.000007,-0.053787,0.998552,0.000000,0.000052,-0.998552,-0.053787,0.000000,-0.000100,-5.399152,38.789843,1.000000;;,
   16800;16;1.000000,0.000052,0.000010,0.000000,-0.000007,-0.056624,0.998396,0.000000,0.000052,-0.998395,-0.056624,0.000000,-0.000100,-5.491172,38.817315,1.000000;;,
   16960;16;1.000000,0.000052,0.000010,0.000000,-0.000007,-0.059486,0.998229,0.000000,0.000052,-0.998229,-0.059486,0.000000,-0.000100,-5.584571,38.844781,1.000000;;,
   17120;16;1.000000,0.000052,0.000010,0.000000,-0.000007,-0.062345,0.998055,0.000000,0.000052,-0.998054,-0.062345,0.000000,-0.000100,-5.678419,38.872253,1.000000;;,
   17280;16;1.000000,0.000052,0.000010,0.000000,-0.000007,-0.065193,0.997873,0.000000,0.000052,-0.997872,-0.065193,0.000000,-0.000100,-5.772326,38.899699,1.000000;;,
   17440;16;1.000000,0.000052,0.000010,0.000000,-0.000007,-0.068019,0.997684,0.000000,0.000052,-0.997684,-0.068019,0.000000,-0.000100,-5.865950,38.927101,1.000000;;,
   17600;16;1.000000,0.000052,0.000010,0.000000,-0.000007,-0.070814,0.997490,0.000000,0.000053,-0.997489,-0.070814,0.000000,-0.000100,-5.958999,38.954509,1.000000;;,
   17760;16;1.000000,0.000052,0.000010,0.000000,-0.000007,-0.073564,0.997290,0.000000,0.000053,-0.997290,-0.073564,0.000000,-0.000100,-6.050947,38.981914,1.000000;;,
   17920;16;1.000000,0.000052,0.000011,0.000000,-0.000007,-0.076336,0.997082,0.000000,0.000053,-0.997082,-0.076336,0.000000,-0.000100,-6.144535,39.008973,1.000000;;,
   18080;16;1.000000,0.000052,0.000011,0.000000,-0.000007,-0.079095,0.996867,0.000000,0.000053,-0.996867,-0.079095,0.000000,-0.000100,-6.238846,39.035904,1.000000;;,
   18240;16;1.000000,0.000052,0.000011,0.000000,-0.000006,-0.081720,0.996655,0.000000,0.000053,-0.996655,-0.081720,0.000000,-0.000100,-6.331061,39.062848,1.000000;;,
   18400;16;1.000000,0.000052,0.000011,0.000000,-0.000007,-0.084011,0.996465,0.000000,0.000053,-0.996465,-0.084011,0.000000,-0.000100,-6.416466,39.089782,1.000000;;,
   18560;16;1.000000,0.000052,0.000011,0.000000,-0.000007,-0.086301,0.996269,0.000000,0.000053,-0.996269,-0.086301,0.000000,-0.000100,-6.494720,39.109990,1.000000;;,
   18720;16;1.000000,0.000052,0.000011,0.000000,-0.000007,-0.088231,0.996100,0.000000,0.000053,-0.996100,-0.088231,0.000000,-0.000100,-6.568761,39.130198,1.000000;;,
   18880;16;1.000000,0.000052,0.000011,0.000000,-0.000007,-0.090041,0.995938,0.000000,0.000053,-0.995938,-0.090041,0.000000,-0.000100,-6.637461,39.150390,1.000000;;,
   19040;16;1.000000,0.000052,0.000011,0.000000,-0.000007,-0.091954,0.995763,0.000000,0.000053,-0.995763,-0.091954,0.000000,-0.000100,-6.700626,39.170602,1.000000;;,
   19200;16;1.000000,0.000052,0.000012,0.000000,-0.000007,-0.094179,0.995555,0.000000,0.000053,-0.995555,-0.094179,0.000000,-0.000100,-6.759000,39.190803,1.000000;;,
   19360;16;1.000000,0.000052,0.000012,0.000000,-0.000007,-0.096404,0.995342,0.000000,0.000053,-0.995342,-0.096404,0.000000,-0.000100,-6.809331,39.228749,1.000000;;,
   19520;16;1.000000,0.000052,0.000012,0.000000,-0.000007,-0.098903,0.995097,0.000000,0.000053,-0.995097,-0.098903,0.000000,-0.000100,-6.852338,39.266678,1.000000;;,
   19680;16;1.000000,0.000052,0.000012,0.000000,-0.000007,-0.101493,0.994836,0.000000,0.000053,-0.994836,-0.101493,0.000000,-0.000100,-6.893094,39.305776,1.000000;;,
   19840;16;1.000000,0.000052,0.000012,0.000000,-0.000007,-0.104049,0.994572,0.000000,0.000053,-0.994572,-0.104049,0.000000,-0.000100,-6.934788,39.346019,1.000000;;,
   20000;16;1.000000,0.000052,0.000012,0.000000,-0.000007,-0.106509,0.994312,0.000000,0.000053,-0.994311,-0.106509,0.000000,-0.000100,-6.978734,39.386266,1.000000;;,
   20160;16;1.000000,0.000052,0.000012,0.000000,-0.000007,-0.108969,0.994045,0.000000,0.000053,-0.994045,-0.108969,0.000000,-0.000100,-7.022681,39.425366,1.000000;;,
   20320;16;1.000000,0.000052,0.000012,0.000000,-0.000007,-0.111382,0.993778,0.000000,0.000053,-0.993777,-0.111382,0.000000,-0.000100,-7.066627,39.464458,1.000000;;,
   20480;16;1.000000,0.000052,0.000012,0.000000,-0.000007,-0.113779,0.993506,0.000000,0.000053,-0.993506,-0.113779,0.000000,-0.000100,-7.110788,39.503894,1.000000;;,
   20640;16;1.000000,0.000052,0.000013,0.000000,-0.000007,-0.116178,0.993228,0.000000,0.000053,-0.993228,-0.116178,0.000000,-0.000100,-7.155333,39.543667,1.000000;;,
   20800;16;1.000000,0.000052,0.000013,0.000000,-0.000007,-0.118588,0.992944,0.000000,0.000053,-0.992943,-0.118588,0.000000,-0.000100,-7.200386,39.583443,1.000000;;,
   20960;16;1.000000,0.000052,0.000013,0.000000,-0.000007,-0.120996,0.992653,0.000000,0.000053,-0.992653,-0.120996,0.000000,-0.000100,-7.245555,39.623309,1.000000;;,
   21120;16;1.000000,0.000052,0.000013,0.000000,-0.000007,-0.123309,0.992368,0.000000,0.000053,-0.992368,-0.123308,0.000000,-0.000100,-7.290186,39.663171,1.000000;;,
   21280;16;1.000000,0.000052,0.000013,0.000000,-0.000007,-0.125588,0.992083,0.000000,0.000053,-0.992082,-0.125588,0.000000,-0.000100,-7.333958,39.701923,1.000000;;,
   21440;16;1.000000,0.000052,0.000013,0.000000,-0.000007,-0.127815,0.991798,0.000000,0.000053,-0.991798,-0.127815,0.000000,-0.000100,-7.376659,39.739555,1.000000;;,
   21600;16;1.000000,0.000052,0.000013,0.000000,-0.000007,-0.129886,0.991529,0.000000,0.000053,-0.991529,-0.129886,0.000000,-0.000100,-7.418201,39.777200,1.000000;;,
   21760;16;1.000000,0.000052,0.000013,0.000000,-0.000007,-0.131956,0.991256,0.000000,0.000053,-0.991255,-0.131956,0.000000,-0.000100,-7.458011,39.811754,1.000000;;,
   21920;16;1.000000,0.000052,0.000014,0.000000,-0.000007,-0.133861,0.991000,0.000000,0.000053,-0.991000,-0.133861,0.000000,-0.000100,-7.496358,39.846294,1.000000;;,
   22080;16;1.000000,0.000052,0.000014,0.000000,-0.000007,-0.135712,0.990749,0.000000,0.000053,-0.990748,-0.135712,0.000000,-0.000100,-7.533446,39.879584,1.000000;;,
   22240;16;1.000000,0.000052,0.000014,0.000000,-0.000007,-0.137533,0.990497,0.000000,0.000053,-0.990497,-0.137533,0.000000,-0.000100,-7.569609,39.911622,1.000000;;,
   22400;16;1.000000,0.000052,0.000014,0.000000,-0.000007,-0.139268,0.990255,0.000000,0.000053,-0.990254,-0.139268,0.000000,-0.000100,-7.605321,39.943658,1.000000;;,
   22560;16;1.000000,0.000052,0.000014,0.000000,-0.000007,-0.141004,0.990009,0.000000,0.000053,-0.990009,-0.141004,0.000000,-0.000100,-7.641635,39.976653,1.000000;;,
   22720;16;1.000000,0.000052,0.000014,0.000000,-0.000007,-0.142805,0.989751,0.000000,0.000053,-0.989750,-0.142805,0.000000,-0.000100,-7.679108,40.009638,1.000000;;,
   22880;16;1.000000,0.000051,0.000014,0.000000,-0.000007,-0.144629,0.989486,0.000000,0.000053,-0.989486,-0.144629,0.000000,-0.000100,-7.717943,40.044400,1.000000;;,
   23040;16;1.000000,0.000051,0.000014,0.000000,-0.000007,-0.146499,0.989211,0.000000,0.000053,-0.989211,-0.146499,0.000000,-0.000100,-7.758379,40.080928,1.000000;;,
   23200;16;1.000000,0.000051,0.000014,0.000000,-0.000007,-0.148509,0.988911,0.000000,0.000053,-0.988911,-0.148509,0.000000,-0.000100,-7.800694,40.117456,1.000000;;,
   23360;16;1.000000,0.000051,0.000014,0.000000,-0.000007,-0.150519,0.988607,0.000000,0.000053,-0.988607,-0.150519,0.000000,-0.000100,-7.845506,40.157280,1.000000;;,
   23520;16;1.000000,0.000051,0.000015,0.000000,-0.000006,-0.152411,0.988317,0.000000,0.000053,-0.988317,-0.152411,0.000000,-0.000100,-7.890243,40.197094,1.000000;;,
   23680;16;1.000000,0.000051,0.000015,0.000000,-0.000006,-0.154263,0.988030,0.000000,0.000053,-0.988030,-0.154263,0.000000,-0.000100,-7.937575,40.235994,1.000000;;,
   23840;16;1.000000,0.000051,0.000015,0.000000,-0.000006,-0.156076,0.987745,0.000000,0.000053,-0.987745,-0.156076,0.000000,-0.000100,-7.989898,40.273974,1.000000;;,
   24000;16;1.000000,0.000051,0.000015,0.000000,-0.000006,-0.157775,0.987475,0.000000,0.000053,-0.987475,-0.157775,0.000000,-0.000100,-8.049337,40.311955,1.000000;;,
   24160;16;1.000000,0.000051,0.000015,0.000000,-0.000006,-0.159474,0.987202,0.000000,0.000053,-0.987202,-0.159474,0.000000,-0.000100,-8.110390,40.349805,1.000000;;,
   24320;16;1.000000,0.000051,0.000015,0.000000,-0.000006,-0.161095,0.986939,0.000000,0.000053,-0.986939,-0.161095,0.000000,-0.000100,-8.163934,40.387635,1.000000;;,
   24480;16;1.000000,0.000051,0.000015,0.000000,-0.000006,-0.162689,0.986678,0.000000,0.000053,-0.986677,-0.162689,0.000000,-0.000100,-8.205410,40.427293,1.000000;;,
   24640;16;1.000000,0.000051,0.000015,0.000000,-0.000006,-0.164279,0.986414,0.000000,0.000053,-0.986414,-0.164279,0.000000,-0.000100,-8.228607,40.468742,1.000000;;,
   24800;16;1.000000,0.000051,0.000015,0.000000,-0.000006,-0.165854,0.986150,0.000000,0.000053,-0.986150,-0.165854,0.000000,-0.000100,-8.225675,40.510202,1.000000;;,
   24960;16;1.000000,0.000051,0.000015,0.000000,-0.000006,-0.167429,0.985884,0.000000,0.000053,-0.985884,-0.167429,0.000000,-0.000100,-8.222742,40.555139,1.000000;;,
   25120;16;1.000000,0.000051,0.000015,0.000000,-0.000006,-0.169009,0.985614,0.000000,0.000053,-0.985614,-0.169009,0.000000,-0.000100,-8.219810,40.600067,1.000000;;,
   25280;16;1.000000,0.000051,0.000015,0.000000,-0.000006,-0.170590,0.985342,0.000000,0.000053,-0.985342,-0.170590,0.000000,-0.000100,-8.216877,40.646326,1.000000;;,
   25440;16;1.000000,0.000051,0.000016,0.000000,-0.000006,-0.172164,0.985068,0.000000,0.000053,-0.985068,-0.172164,0.000000,-0.000100,-8.213942,40.693914,1.000000;;,
   25600;16;1.000000,0.000051,0.000016,0.000000,-0.000006,-0.173718,0.984796,0.000000,0.000053,-0.984795,-0.173718,0.000000,-0.000100,-8.211010,40.741504,1.000000;;,
   25760;16;1.000000,0.000051,0.000016,0.000000,-0.000006,-0.175271,0.984520,0.000000,0.000053,-0.984520,-0.175270,0.000000,-0.000100,-8.197631,40.791085,1.000000;;,
   25920;16;1.000000,0.000051,0.000016,0.000000,-0.000006,-0.176768,0.984253,0.000000,0.000053,-0.984252,-0.176768,0.000000,-0.000100,-8.183121,40.840653,1.000000;;,
   26080;16;1.000000,0.000051,0.000016,0.000000,-0.000006,-0.178246,0.983986,0.000000,0.000053,-0.983986,-0.178246,0.000000,-0.000100,-8.168032,40.890419,1.000000;;,
   26240;16;1.000000,0.000051,0.000016,0.000000,-0.000006,-0.179700,0.983721,0.000000,0.000053,-0.983721,-0.179700,0.000000,-0.000100,-8.152882,40.940349,1.000000;;,
   26400;16;1.000000,0.000051,0.000016,0.000000,-0.000006,-0.181083,0.983468,0.000000,0.000053,-0.983467,-0.181083,0.000000,-0.000100,-8.138168,40.990291,1.000000;;,
   26560;16;1.000000,0.000051,0.000016,0.000000,-0.000006,-0.182466,0.983212,0.000000,0.000053,-0.983212,-0.182466,0.000000,-0.000100,-8.124737,41.039222,1.000000;;,
   26720;16;1.000000,0.000051,0.000016,0.000000,-0.000006,-0.183769,0.982969,0.000000,0.000053,-0.982969,-0.183769,0.000000,-0.000100,-8.112925,41.088147,1.000000;;,
   26880;16;1.000000,0.000051,0.000016,0.000000,-0.000006,-0.185046,0.982730,0.000000,0.000053,-0.982730,-0.185045,0.000000,-0.000100,-8.101656,41.136493,1.000000;;,
   27040;16;1.000000,0.000051,0.000016,0.000000,-0.000006,-0.186322,0.982489,0.000000,0.000053,-0.982488,-0.186322,0.000000,-0.000100,-8.090538,41.184243,1.000000;;,
   27200;16;1.000000,0.000051,0.000016,0.000000,-0.000006,-0.187598,0.982246,0.000000,0.000053,-0.982245,-0.187598,0.000000,-0.000100,-8.079876,41.232006,1.000000;;,
   27360;16;1.000000,0.000051,0.000016,0.000000,-0.000006,-0.188738,0.982028,0.000000,0.000054,-0.982027,-0.188738,0.000000,-0.000100,-8.069214,41.279168,1.000000;;,
   27520;16;1.000000,0.000051,0.000016,0.000000,-0.000006,-0.189877,0.981808,0.000000,0.000054,-0.981808,-0.189877,0.000000,-0.000100,-8.058597,41.326336,1.000000;;,
   27680;16;1.000000,0.000051,0.000016,0.000000,-0.000006,-0.191016,0.981587,0.000000,0.000054,-0.981587,-0.191016,0.000000,-0.000100,-8.047990,41.373600,1.000000;;,
   27840;16;1.000000,0.000051,0.000016,0.000000,-0.000006,-0.192128,0.981370,0.000000,0.000054,-0.981369,-0.192128,0.000000,-0.000100,-8.037343,41.420979,1.000000;;,
   28000;16;1.000000,0.000051,0.000017,0.000000,-0.000006,-0.193162,0.981167,0.000000,0.000054,-0.981167,-0.193162,0.000000,-0.000100,-8.026577,41.468362,1.000000;;,
   28160;16;1.000000,0.000051,0.000017,0.000000,-0.000006,-0.194197,0.980963,0.000000,0.000054,-0.980962,-0.194197,0.000000,-0.000100,-8.015810,41.516912,1.000000;;,
   28320;16;1.000000,0.000051,0.000017,0.000000,-0.000006,-0.195231,0.980757,0.000000,0.000054,-0.980757,-0.195231,0.000000,-0.000100,-8.004798,41.565450,1.000000;;,
   28480;16;1.000000,0.000051,0.000017,0.000000,-0.000006,-0.196259,0.980552,0.000000,0.000054,-0.980552,-0.196259,0.000000,-0.000100,-7.993702,41.614784,1.000000;;,
   28640;16;1.000000,0.000051,0.000017,0.000000,-0.000006,-0.197280,0.980347,0.000000,0.000054,-0.980347,-0.197280,0.000000,-0.000100,-7.982518,41.664890,1.000000;;,
   28800;16;1.000000,0.000051,0.000017,0.000000,-0.000006,-0.198301,0.980141,0.000000,0.000054,-0.980141,-0.198301,0.000000,-0.000100,-7.971070,41.715005,1.000000;;,
