xof 0303txt 0032
template Frame {
 <3d82ab46-62da-11cf-ab39-0020af71e433>
 [...]
}

template Matrix4x4 {
 <f6f23f45-7686-11cf-8f52-0040333594a3>
 array FLOAT matrix[16];
}

template FrameTransformMatrix {
 <f6f23f41-7686-11cf-8f52-0040333594a3>
 Matrix4x4 frameMatrix;
}

template AnimTicksPerSecond {
 <9e415a43-7ba6-4a73-8743-b73d47e88476>
 DWORD AnimTicksPerSecond;
}

template Animation {
 <3d82ab4f-62da-11cf-ab39-0020af71e433>
 [...]
}

template AnimationSet {
 <3d82ab50-62da-11cf-ab39-0020af71e433>
 [Animation <3d82ab4f-62da-11cf-ab39-0020af71e433>]
}

template FloatKeys {
 <10dd46a9-775b-11cf-8f52-0040333594a3>
 DWORD nValues;
 array FLOAT values[nValues];
}

template TimedFloatKeys {
 <f406b180-7b3b-11cf-8f52-0040333594a3>
 DWORD time;
 FloatKeys tfkeys;
}

template AnimationKey {
 <10dd46a8-775b-11cf-8f52-0040333594a3>
 DWORD keyType;
 DWORD nKeys;
 array TimedFloatKeys keys[nKeys];
}


Frame ARM_fox_framework {
 

 FrameTransformMatrix {
  -0.003937,0.000000,-0.000000,0.000000,-0.000000,-0.000000,0.003937,0.000000,-0.000000,0.003937,0.000000,0.000000,0.000000,0.000000,0.000000,1.000000;;
 }

 Frame _0__-com {
  

  FrameTransformMatrix {
   1.000000,0.000016,-0.000001,0.000000,-0.000001,0.069798,0.997561,0.000000,0.000016,-0.997561,0.069798,0.000000,-0.000100,-11.016100,31.100800,1.000000;;
  }

  Frame _1___body {
   

   FrameTransformMatrix {
    -0.000000,-0.000000,1.000000,0.000000,1.000000,-0.000000,0.000000,0.000000,0.000000,1.000000,0.000000,0.000000,0.000100,0.000538,-13.042065,1.000000;;
   }

   Frame _3___chest {
    

    FrameTransformMatrix {
     0.544363,-0.000076,-0.838850,0.000000,-0.087603,0.994527,-0.056939,0.000000,0.834263,0.104481,0.541377,0.000000,21.262005,-0.000100,-0.321304,1.000000;;
    }

    Frame _7__-neck1 {
     

     FrameTransformMatrix {
      0.730961,-0.000255,0.682419,0.000000,0.211055,0.951057,-0.225713,0.000000,-0.648962,0.309015,0.695239,0.000000,-0.011298,-0.000000,31.646000,1.000000;;
     }

     Frame _11__-claviclel {
      

      FrameTransformMatrix {
       -0.275833,0.801564,0.530483,0.000000,0.691336,-0.217995,0.688863,0.000000,0.667810,0.556753,-0.494020,0.000000,-4.799000,4.865502,-1.674000,1.000000;;
      }

      Frame _16___arm1l {
       

       FrameTransformMatrix {
        0.025391,-0.963748,-0.265605,0.000000,0.968320,-0.042314,0.246104,0.000000,-0.248421,-0.263439,0.932141,0.000000,0.000314,0.000011,9.104813,1.000000;;
       }

       Frame _21___arm2l {
        

        FrameTransformMatrix {
         0.808086,0.000000,0.589064,0.000000,-0.000000,1.000000,-0.000000,0.000000,-0.589064,0.000000,0.808086,0.000000,0.000080,0.001122,23.361291,1.000000;;
        }

        Frame _24___hand1l {
         

         FrameTransformMatrix {
          0.994533,-0.087241,0.057384,0.000000,0.087684,0.996135,-0.005236,0.000000,-0.056706,0.010239,0.998338,0.000000,0.000393,0.000118,21.383006,1.000000;;
         }

         Frame _26___hand2l {
          

          FrameTransformMatrix {
           0.983702,0.037686,0.175813,0.000000,-0.029587,0.998387,-0.048463,0.000000,-0.177356,0.042471,0.983230,0.000000,-0.000473,0.000258,7.661362,1.000000;;
          }

          Frame _26___hand2l_end {
           

           FrameTransformMatrix {
            1.000000,0.000000,-0.000000,0.000000,-0.000000,1.000000,-0.000000,0.000000,0.000000,-0.000000,1.000000,0.000000,-0.000002,0.000001,1.000046,1.000000;;
           }
          }
         }
        }
       }
      }
     }

     Frame _12__-clavicler {
      

      FrameTransformMatrix {
       -0.275366,-0.960425,-0.041912,0.000000,-0.691293,0.228122,-0.685619,0.000000,0.668048,-0.159823,-0.726752,0.000000,-4.796900,-2.954597,-4.214794,1.000000;;
      }

      Frame _17___arm1r {
       

       FrameTransformMatrix {
        -0.203451,0.938570,-0.278736,0.000000,-0.963699,-0.242239,-0.112268,0.000000,-0.172893,0.245776,0.953784,0.000000,-0.000021,-0.000557,9.104956,1.000000;;
       }

       Frame _22___arm2r {
        

        FrameTransformMatrix {
         0.904026,0.000000,0.427477,0.000000,0.000000,1.000000,0.000000,0.000000,-0.427477,-0.000000,0.904026,0.000000,0.001438,0.000931,23.361197,1.000000;;
        }

        Frame _25___hand1r {
         

         FrameTransformMatrix {
          0.977721,0.137677,0.158454,0.000000,-0.117947,0.984755,-0.127852,0.000000,-0.173641,0.106314,0.979054,0.000000,-0.000050,-0.000666,21.383173,1.000000;;
         }

         Frame _27___hand2r {
          

          FrameTransformMatrix {
           0.983702,-0.037686,0.175813,0.000000,0.029587,0.998387,0.048463,0.000000,-0.177356,-0.042471,0.983230,0.000000,-0.000584,-0.000136,7.661366,1.000000;;
          }

          Frame _27___hand2r_end {
           

           FrameTransformMatrix {
            1.000000,0.000000,0.000000,0.000000,-0.000000,1.000000,0.000000,0.000000,-0.000000,-0.000000,1.000000,0.000000,-0.000002,0.000001,1.000031,1.000000;;
           }
          }
         }
        }
       }
      }
     }

     Frame _13__-neck2 {
      

      FrameTransformMatrix {
       0.770820,-0.000392,0.637053,0.000000,0.299345,0.882947,-0.361658,0.000000,-0.562342,0.469472,0.680711,0.000000,-0.008808,0.000002,19.362805,1.000000;;
      }

      Frame _18___head {
       

       FrameTransformMatrix {
        0.253579,0.055242,0.965735,0.000000,0.161501,0.981937,-0.098575,0.000000,-0.953736,0.180964,0.240077,0.000000,0.000687,0.000130,14.320723,1.000000;;
       }

       Frame _23___head2 {
        

        FrameTransformMatrix {
         -0.086108,-0.000029,-0.996290,0.000000,-0.000005,1.000000,-0.000029,0.000000,0.996290,0.000002,-0.086108,0.000000,12.307716,0.000198,-1.642441,1.000000;;
        }

        Frame _23___head2_end {
         

         FrameTransformMatrix {
          1.000000,-0.000000,0.000000,0.000000,-0.000000,1.000000,0.000000,0.000000,0.000000,-0.000000,1.000000,0.000000,-0.000004,-0.000002,0.999962,1.000000;;
         }
        }
       }
      }
     }
    }
   }

   Frame _4___leg1l {
    

    FrameTransformMatrix {
     0.496965,-0.515502,0.698062,0.000000,-0.128164,-0.839206,-0.528491,0.000000,0.858256,0.173175,-0.483124,0.000000,-0.000000,9.282098,-0.000004,1.000000;;
    }

    Frame _8___leg2l {
     

     FrameTransformMatrix {
      -0.695481,-0.000000,0.718544,0.000000,0.000000,1.000000,0.000000,0.000000,-0.718544,0.000000,-0.695481,0.000000,0.000027,-0.000940,18.580965,1.000000;;
     }

     Frame _14___leg3l {
      

      FrameTransformMatrix {
       0.574011,0.000000,-0.818847,0.000000,-0.000000,1.000000,-0.000000,0.000000,0.818848,0.000000,0.574011,0.000000,-0.000203,-0.001076,24.787502,1.000000;;
      }

      Frame _19__-footl {
       

       FrameTransformMatrix {
        0.890743,-0.454500,-0.002777,0.000000,0.361055,0.711292,-0.603078,0.000000,0.276074,0.536184,0.797678,0.000000,-0.000046,0.000347,14.705186,1.000000;;
       }

       Frame _19__-footl_end {
        

        FrameTransformMatrix {
         1.000000,-0.000000,-0.000000,0.000000,-0.000000,1.000000,-0.000000,0.000000,0.000000,0.000000,1.000000,0.000000,-0.000001,0.000000,0.999999,1.000000;;
        }
       }
      }
     }
    }
   }

   Frame _5___leg1r {
    

    FrameTransformMatrix {
     0.496974,0.515533,0.698032,0.000000,0.128121,-0.839172,0.528555,0.000000,0.858256,-0.173245,-0.483097,0.000000,0.000000,-9.282200,-0.000004,1.000000;;
    }

    Frame _9___leg2r {
     

     FrameTransformMatrix {
      -0.695481,0.000000,0.718545,0.000000,-0.000000,1.000000,-0.000000,0.000000,-0.718545,0.000000,-0.695481,0.000000,0.000080,0.000862,18.580941,1.000000;;
     }

     Frame _15___leg3r {
      

      FrameTransformMatrix {
       0.574011,-0.000000,-0.818848,0.000000,-0.000000,1.000000,-0.000000,0.000000,0.818848,0.000000,0.574011,0.000000,-0.000130,0.001169,24.787440,1.000000;;
      }

      Frame _20__-footr {
       

       FrameTransformMatrix {
        0.890735,0.454514,-0.002851,0.000000,-0.361025,0.711304,0.603082,0.000000,0.276137,-0.536157,0.797674,0.000000,-0.000140,-0.000357,14.705214,1.000000;;
       }

       Frame _20__-footr_end {
        

        FrameTransformMatrix {
         1.000000,0.000000,0.000000,0.000000,0.000000,1.000000,-0.000000,0.000000,0.000000,-0.000000,1.000000,0.000000,-0.000000,0.000000,1.000001,1.000000;;
        }
       }
      }
     }
    }
   }

   Frame _6___tail1 {
    

    FrameTransformMatrix {
     0.234006,0.000000,0.972235,0.000000,-0.000000,1.000000,0.000000,0.000000,-0.972235,0.000000,0.234006,0.000000,-7.302602,0.000000,2.938398,1.000000;;
    }

    Frame _10___tail2 {
     

     FrameTransformMatrix {
      0.836572,-0.000000,0.547856,0.000000,-0.000000,1.000000,-0.000000,0.000000,-0.547856,-0.000000,0.836572,0.000000,-0.021294,0.000000,41.579808,1.000000;;
     }

     Frame _10___tail2_end {
      

      FrameTransformMatrix {
       1.000000,-0.000000,0.000000,0.000000,0.000000,1.000000,-0.000000,0.000000,0.000000,-0.000000,1.000000,0.000000,0.000004,0.000000,0.999950,1.000000;;
      }
     }
    }
   }
  }

  Frame _2__-footsteps {
   

   FrameTransformMatrix {
    0.000016,0.069798,-0.997561,0.000000,-0.000001,0.997561,0.069798,0.000000,1.000000,-0.000001,0.000016,0.000000,0.000000,-30.976806,-2.166101,1.000000;;
   }

   Frame _2__-footsteps_end {
    

    FrameTransformMatrix {
     1.000000,0.000000,0.000000,0.000000,0.000000,1.000000,0.000000,0.000000,-0.000000,0.000000,1.000000,0.000000,0.000000,-0.000000,1.000000,1.000000;;
    }
   }
  }
 }
}

AnimTicksPerSecond  {
 4800;
}

AnimationSet Dummy {
 

 Animation {
  
  { ARM_fox_framework }

  AnimationKey  {
   4;
   2;
   0;16;-0.003937,0.000000,-0.000000,0.000000,-0.000000,-0.000000,0.003937,0.000000,-0.000000,0.003937,0.000000,0.000000,0.000000,0.000000,0.000000,1.000000;;,
   51200;16;-0.003937,0.000000,-0.000000,0.000000,-0.000000,-0.000000,0.003937,0.000000,-0.000000,0.003937,0.000000,0.000000,0.000000,0.000000,0.000000,1.000000;;;
  }
 }

 Animation {
  
  { _0__-com }

  AnimationKey  {
   4;
   321;
   0;16;1.000000,0.000016,-0.000001,0.000000,-0.000001,0.069798,0.997561,0.000000,0.000016,-0.997561,0.069798,0.000000,-0.000100,-11.016100,31.100800,1.000000;;,
   160;16;1.000000,0.000016,-0.000001,0.000000,-0.000001,0.070835,0.997488,0.000000,0.000016,-0.997488,0.070835,0.000000,-0.000100,-11.011583,31.123555,1.000000;;,
   320;16;1.000000,0.000016,-0.000001,0.000000,-0.000001,0.071873,0.997414,0.000000,0.000016,-0.997414,0.071873,0.000000,-0.000100,-11.007064,31.146307,1.000000;;,
   480;16;1.000000,0.000016,-0.000001,0.000000,-0.000001,0.072910,0.997339,0.000000,0.000016,-0.997339,0.072910,0.000000,-0.000100,-11.002541,31.169059,1.000000;;,
   640;16;1.000000,0.000016,-0.000001,0.000000,-0.000001,0.074205,0.997243,0.000000,0.000016,-0.997243,0.074205,0.000000,-0.000100,-10.998023,31.197142,1.000000;;,
   800;16;1.000000,0.000016,-0.000001,0.000000,-0.000001,0.076269,0.997087,0.000000,0.000016,-0.997088,0.076269,0.000000,-0.000100,-10.993505,31.241254,1.000000;;,
   960;16;1.000000,0.000016,-0.000001,0.000000,-0.000001,0.078333,0.996927,0.000000,0.000016,-0.996927,0.078333,0.000000,-0.000100,-10.987515,31.285357,1.000000;;,
   1120;16;1.000000,0.000016,-0.000001,0.000000,-0.000001,0.080122,0.996785,0.000000,0.000016,-0.996785,0.080122,0.000000,-0.000100,-10.981528,31.322160,1.000000;;,
   1280;16;1.000000,0.000016,-0.000001,0.000000,-0.000001,0.081818,0.996647,0.000000,0.000016,-0.996648,0.081818,0.000000,-0.000100,-10.975538,31.356531,1.000000;;,
   1440;16;1.000000,0.000016,-0.000001,0.000000,-0.000001,0.083516,0.996507,0.000000,0.000016,-0.996507,0.083516,0.000000,-0.000100,-10.969739,31.390349,1.000000;;,
   1600;16;1.000000,0.000016,-0.000001,0.000000,-0.000001,0.085217,0.996362,0.000000,0.000016,-0.996363,0.085217,0.000000,-0.000100,-10.964505,31.422522,1.000000;;,
   1760;16;1.000000,0.000016,-0.000001,0.000000,-0.000001,0.086918,0.996215,0.000000,0.000016,-0.996216,0.086918,0.000000,-0.000100,-10.959274,31.454694,1.000000;;,
   1920;16;1.000000,0.000016,-0.000001,0.000000,-0.000001,0.088691,0.996059,0.000000,0.000016,-0.996059,0.088691,0.000000,-0.000100,-10.954042,31.487651,1.000000;;,
   2080;16;1.000000,0.000016,-0.000001,0.000000,-0.000001,0.090489,0.995898,0.000000,0.000016,-0.995898,0.090489,0.000000,-0.000100,-10.948808,31.520867,1.000000;;,
   2240;16;1.000000,0.000016,-0.000001,0.000000,-0.000001,0.092224,0.995738,0.000000,0.000016,-0.995739,0.092224,0.000000,-0.000100,-10.943870,31.552781,1.000000;;,
   2400;16;1.000000,0.000016,-0.000001,0.000000,-0.000001,0.093774,0.995594,0.000000,0.000016,-0.995594,0.093774,0.000000,-0.000100,-10.939820,31.580787,1.000000;;,
   2560;16;1.000000,0.000016,-0.000001,0.000000,-0.000001,0.095324,0.995446,0.000000,0.000016,-0.995446,0.095324,0.000000,-0.000100,-10.935767,31.608790,1.000000;;,
   2720;16;1.000000,0.000016,-0.000001,0.000000,-0.000001,0.096658,0.995318,0.000000,0.000016,-0.995318,0.096658,0.000000,-0.000100,-10.931714,31.633440,1.000000;;,
   2880;16;1.000000,0.000016,-0.000001,0.000000,-0.000001,0.097922,0.995194,0.000000,0.000016,-0.995194,0.097922,0.000000,-0.000100,-10.927662,31.656966,1.000000;;,
   3040;16;1.000000,0.000016,-0.000001,0.000000,-0.000001,0.099277,0.995060,0.000000,0.000016,-0.995060,0.099277,0.000000,-0.000100,-10.923610,31.680499,1.000000;;,
   3200;16;1.000000,0.000016,-0.000001,0.000000,-0.000001,0.100906,0.994896,0.000000,0.000016,-0.994896,0.100906,0.000000,-0.000100,-10.919557,31.704029,1.000000;;,
   3360;16;1.000000,0.000016,-0.000001,0.000000,-0.000000,0.102535,0.994729,0.000000,0.000016,-0.994730,0.102535,0.000000,-0.000100,-10.914570,31.733741,1.000000;;,
   3520;16;1.000000,0.000016,-0.000001,0.000000,-0.000000,0.104354,0.994540,0.000000,0.000016,-0.994540,0.104355,0.000000,-0.000100,-10.909582,31.763443,1.000000;;,
   3680;16;1.000000,0.000016,-0.000001,0.000000,-0.000001,0.106238,0.994341,0.000000,0.000016,-0.994341,0.106238,0.000000,-0.000100,-10.904593,31.794611,1.000000;;,
   3840;16;1.000000,0.000016,-0.000001,0.000000,-0.000001,0.108164,0.994133,0.000000,0.000016,-0.994133,0.108164,0.000000,-0.000100,-10.899606,31.827235,1.000000;;,
   4000;16;1.000000,0.000016,-0.000001,0.000000,-0.000001,0.110219,0.993907,0.000000,0.000016,-0.993908,0.110219,0.000000,-0.000100,-10.894616,31.859866,1.000000;;,
   4160;16;1.000000,0.000016,-0.000001,0.000000,-0.000001,0.112274,0.993677,0.000000,0.000016,-0.993677,0.112274,0.000000,-0.000100,-10.889268,31.893830,1.000000;;,
   4320;16;1.000000,0.000016,-0.000001,0.000000,-0.000001,0.114360,0.993439,0.000000,0.000016,-0.993439,0.114360,0.000000,-0.000100,-10.883918,31.927786,1.000000;;,
   4480;16;1.000000,0.000016,-0.000001,0.000000,-0.000001,0.116456,0.993196,0.000000,0.000016,-0.993196,0.116456,0.000000,-0.000100,-10.878569,31.961213,1.000000;;,
   4640;16;1.000000,0.000016,-0.000001,0.000000,-0.000001,0.118529,0.992951,0.000000,0.000016,-0.992951,0.118529,0.000000,-0.000100,-10.873219,31.994096,1.000000;;,
   4800;16;1.000000,0.000016,-0.000001,0.000000,-0.000001,0.120535,0.992709,0.000000,0.000016,-0.992709,0.120535,0.000000,-0.000100,-10.867870,32.026989,1.000000;;,
   4960;16;1.000000,0.000016,-0.000001,0.000000,-0.000001,0.122541,0.992463,0.000000,0.000016,-0.992464,0.122541,0.000000,-0.000100,-10.863081,32.057686,1.000000;;,
   5120;16;1.000000,0.000016,-0.000001,0.000000,-0.000001,0.124474,0.992223,0.000000,0.000016,-0.992223,0.124474,0.000000,-0.000100,-10.858292,32.088374,1.000000;;,
   5280;16;1.000000,0.000016,-0.000001,0.000000,-0.000001,0.126383,0.991982,0.000000,0.000016,-0.991982,0.126383,0.000000,-0.000100,-10.853503,32.118298,1.000000;;,
   5440;16;1.000000,0.000016,-0.000001,0.000000,-0.000001,0.128279,0.991738,0.000000,0.000016,-0.991738,0.128279,0.000000,-0.000100,-10.848713,32.147453,1.000000;;,
   5600;16;1.000000,0.000016,-0.000002,0.000000,-0.000001,0.130136,0.991496,0.000000,0.000016,-0.991496,0.130136,0.000000,-0.000100,-10.843925,32.176614,1.000000;;,
   5760;16;1.000000,0.000016,-0.000002,0.000000,-0.000001,0.131994,0.991251,0.000000,0.000016,-0.991251,0.131994,0.000000,-0.000100,-10.839424,32.204746,1.000000;;,
   5920;16;1.000000,0.000016,-0.000002,0.000000,-0.000001,0.133847,0.991002,0.000000,0.000016,-0.991002,0.133847,0.000000,-0.000100,-10.834921,32.232874,1.000000;;,
   6080;16;1.000000,0.000016,-0.000002,0.000000,-0.000001,0.135699,0.990750,0.000000,0.000016,-0.990750,0.135699,0.000000,-0.000100,-10.830417,32.261005,1.000000;;,
   6240;16;1.000000,0.000016,-0.000002,0.000000,-0.000001,0.137564,0.990493,0.000000,0.000016,-0.990493,0.137564,0.000000,-0.000100,-10.825915,32.289130,1.000000;;,
   6400;16;1.000000,0.000016,-0.000002,0.000000,-0.000001,0.139469,0.990226,0.000000,0.000016,-0.990227,0.139469,0.000000,-0.000100,-10.821414,32.317261,1.000000;;,
   6560;16;1.000000,0.000016,-0.000002,0.000000,-0.000001,0.141374,0.989956,0.000000,0.000016,-0.989956,0.141374,0.000000,-0.000100,-10.816618,32.346416,1.000000;;,
   6720;16;1.000000,0.000016,-0.000002,0.000000,-0.000001,0.143342,0.989673,0.000000,0.000016,-0.989673,0.143342,0.000000,-0.000100,-10.811825,32.375568,1.000000;;,
   6880;16;1.000000,0.000016,-0.000002,0.000000,-0.000001,0.145331,0.989383,0.000000,0.000016,-0.989383,0.145331,0.000000,-0.000100,-10.807027,32.405530,1.000000;;,
   7040;16;1.000000,0.000016,-0.000002,0.000000,-0.000001,0.147358,0.989083,0.000000,0.000016,-0.989083,0.147358,0.000000,-0.000100,-10.802234,32.436307,1.000000;;,
   7200;16;1.000000,0.000016,-0.000002,0.000000,-0.000001,0.149501,0.988762,0.000000,0.000016,-0.988762,0.149501,0.000000,-0.000100,-10.797438,32.467072,1.000000;;,
   7360;16;1.000000,0.000016,-0.000002,0.000000,-0.000001,0.151643,0.988435,0.000000,0.000016,-0.988435,0.151643,0.000000,-0.000100,-10.792224,32.499667,1.000000;;,
   7520;16;1.000000,0.000016,-0.000002,0.000000,-0.000001,0.153826,0.988098,0.000000,0.000016,-0.988098,0.153826,0.000000,-0.000100,-10.787010,32.532256,1.000000;;,
   7680;16;1.000000,0.000016,-0.000002,0.000000,-0.000001,0.156022,0.987754,0.000000,0.000016,-0.987754,0.156022,0.000000,-0.000100,-10.781794,32.564838,1.000000;;,
   7840;16;1.000000,0.000016,-0.000002,0.000000,-0.000001,0.158225,0.987403,0.000000,0.000016,-0.987403,0.158225,0.000000,-0.000100,-10.776581,32.597398,1.000000;;,
   8000;16;1.000000,0.000016,-0.000002,0.000000,-0.000001,0.160449,0.987044,0.000000,0.000016,-0.987044,0.160449,0.000000,-0.000100,-10.771367,32.629968,1.000000;;,
   8160;16;1.000000,0.000016,-0.000002,0.000000,-0.000001,0.162683,0.986678,0.000000,0.000016,-0.986679,0.162683,0.000000,-0.000100,-10.766250,32.662586,1.000000;;,
   8320;16;1.000000,0.000016,-0.000002,0.000000,-0.000001,0.164877,0.986314,0.000000,0.000016,-0.986314,0.164877,0.000000,-0.000100,-10.761132,32.695197,1.000000;;,
   8480;16;1.000000,0.000016,-0.000002,0.000000,-0.000001,0.167058,0.985947,0.000000,0.000016,-0.985947,0.167058,0.000000,-0.000100,-10.756015,32.727178,1.000000;;,
   8640;16;1.000000,0.000016,-0.000002,0.000000,-0.000001,0.169209,0.985580,0.000000,0.000016,-0.985580,0.169209,0.000000,-0.000100,-10.750898,32.758512,1.000000;;,
   8800;16;1.000000,0.000016,-0.000002,0.000000,-0.000001,0.171273,0.985224,0.000000,0.000016,-0.985224,0.171273,0.000000,-0.000100,-10.745781,32.789840,1.000000;;,
   8960;16;1.000000,0.000016,-0.000002,0.000000,-0.000001,0.173336,0.984863,0.000000,0.000016,-0.984863,0.173336,0.000000,-0.000100,-10.741108,32.819699,1.000000;;,
   9120;16;1.000000,0.000016,-0.000002,0.000000,-0.000001,0.175328,0.984510,0.000000,0.000016,-0.984510,0.175328,0.000000,-0.000100,-10.736435,32.849546,1.000000;;,
   9280;16;1.000001,0.000016,-0.000002,0.000000,-0.000001,0.177296,0.984158,0.000000,0.000016,-0.984158,0.177296,0.000000,-0.000100,-10.731761,32.878742,1.000000;;,
   9440;16;1.000000,0.000016,-0.000002,0.000000,-0.000001,0.179245,0.983805,0.000000,0.000016,-0.983805,0.179245,0.000000,-0.000100,-10.727087,32.907293,1.000000;;,
   9600;16;1.000000,0.000016,-0.000002,0.000000,-0.000001,0.181140,0.983457,0.000000,0.000016,-0.983458,0.181140,0.000000,-0.000100,-10.722415,32.935840,1.000000;;,
   9760;16;1.000000,0.000016,-0.000002,0.000000,-0.000001,0.183033,0.983107,0.000000,0.000016,-0.983107,0.183033,0.000000,-0.000100,-10.717890,32.963818,1.000000;;,
   9920;16;1.000000,0.000016,-0.000002,0.000000,-0.000001,0.184916,0.982754,0.000000,0.000016,-0.982755,0.184916,0.000000,-0.000100,-10.713370,32.991795,1.000000;;,
   10080;16;1.000000,0.000016,-0.000002,0.000000,-0.000001,0.186794,0.982399,0.000000,0.000016,-0.982400,0.186794,0.000000,-0.000100,-10.708844,33.020064,1.000000;;,
   10240;16;1.000000,0.000016,-0.000002,0.000000,-0.000001,0.188683,0.982038,0.000000,0.000016,-0.982038,0.188683,0.000000,-0.000100,-10.704321,33.048608,1.000000;;,
   10400;16;1.000000,0.000016,-0.000002,0.000000,-0.000001,0.190608,0.981666,0.000000,0.000016,-0.981666,0.190609,0.000000,-0.000100,-10.699798,33.077155,1.000000;;,
   10560;16;1.000000,0.000016,-0.000002,0.000000,-0.000001,0.192533,0.981291,0.000000,0.000016,-0.981291,0.192533,0.000000,-0.000100,-10.694823,33.107005,1.000000;;,
   10720;16;1.000000,0.000016,-0.000002,0.000000,-0.000001,0.194527,0.980897,0.000000,0.000016,-0.980897,0.194527,0.000000,-0.000100,-10.689849,33.136858,1.000000;;,
   10880;16;1.000000,0.000016,-0.000002,0.000000,-0.000001,0.196542,0.980495,0.000000,0.000016,-0.980496,0.196542,0.000000,-0.000100,-10.684873,33.167942,1.000000;;,
   11040;16;1.000000,0.000016,-0.000002,0.000000,-0.000001,0.198591,0.980083,0.000000,0.000016,-0.980083,0.198591,0.000000,-0.000100,-10.679898,33.200253,1.000000;;,
   11200;16;1.000000,0.000016,-0.000002,0.000000,-0.000001,0.200737,0.979645,0.000000,0.000016,-0.979645,0.200737,0.000000,-0.000100,-10.674924,33.232576,1.000000;;,
   11360;16;1.000000,0.000016,-0.000002,0.000000,-0.000001,0.202924,0.979195,0.000000,0.000016,-0.979195,0.202924,0.000000,-0.000100,-10.669788,33.266304,1.000000;;,
   11520;16;1.000000,0.000016,-0.000002,0.000000,-0.000001,0.205024,0.978757,0.000000,0.000016,-0.978757,0.205024,0.000000,-0.000100,-10.664650,33.300019,1.000000;;,
   11680;16;1.000000,0.000016,-0.000002,0.000000,-0.000001,0.207094,0.978321,0.000000,0.000016,-0.978321,0.207094,0.000000,-0.000100,-10.659510,33.332118,1.000000;;,
   11840;16;1.000000,0.000016,-0.000002,0.000000,-0.000001,0.209081,0.977898,0.000000,0.000016,-0.977899,0.209081,0.000000,-0.000100,-10.654375,33.362595,1.000000;;,
   12000;16;1.000000,0.000016,-0.000002,0.000000,-0.000001,0.210819,0.977525,0.000000,0.000016,-0.977525,0.210819,0.000000,-0.000100,-10.649237,33.393066,1.000000;;,
   12160;16;1.000000,0.000016,-0.000002,0.000000,-0.000001,0.212557,0.977149,0.000000,0.000016,-0.977149,0.212557,0.000000,-0.000100,-10.645186,33.416602,1.000000;;,
   12320;16;1.000000,0.000016,-0.000002,0.000000,-0.000001,0.214019,0.976829,0.000000,0.000016,-0.976829,0.214019,0.000000,-0.000100,-10.641132,33.440131,1.000000;;,
   12480;16;1.000000,0.000016,-0.000002,0.000000,-0.000001,0.215391,0.976528,0.000000,0.000016,-0.976528,0.215391,0.000000,-0.000100,-10.637079,33.463661,1.000000;;,
   12640;16;1.000000,0.000016,-0.000002,0.000000,-0.000001,0.216842,0.976207,0.000000,0.000016,-0.976207,0.216842,0.000000,-0.000100,-10.633028,33.488304,1.000000;;,
   12800;16;1.000000,0.000016,-0.000002,0.000000,-0.000001,0.218538,0.975829,0.000000,0.000016,-0.975829,0.218538,0.000000,-0.000100,-10.628976,33.516317,1.000000;;,
   12960;16;1.000000,0.000016,-0.000002,0.000000,-0.000001,0.220232,0.975448,0.000000,0.000016,-0.975448,0.220232,0.000000,-0.000100,-10.624924,33.544317,1.000000;;,
   13120;16;1.000000,0.000016,-0.000002,0.000000,-0.000001,0.222138,0.975015,0.000000,0.000016,-0.975015,0.222138,0.000000,-0.000100,-10.619989,33.576230,1.000000;;,
   13280;16;1.000000,0.000016,-0.000002,0.000000,-0.000001,0.224114,0.974563,0.000000,0.000016,-0.974563,0.224114,0.000000,-0.000100,-10.614754,33.609443,1.000000;;,
   13440;16;1.000000,0.000016,-0.000002,0.000000,-0.000001,0.226061,0.974113,0.000000,0.000016,-0.974113,0.226061,0.000000,-0.000100,-10.609522,33.642400,1.000000;;,
   13600;16;1.000000,0.000016,-0.000002,0.000000,-0.000002,0.227920,0.973680,0.000000,0.000016,-0.973680,0.227920,0.000000,-0.000100,-10.604288,33.674576,1.000000;;,
   13760;16;1.000000,0.000016,-0.000002,0.000000,-0.000002,0.229778,0.973243,0.000000,0.000016,-0.973243,0.229778,0.000000,-0.000100,-10.599057,33.706749,1.000000;;,
   13920;16;1.000000,0.000016,-0.000002,0.000000,-0.000002,0.231607,0.972809,0.000000,0.000016,-0.972810,0.231607,0.000000,-0.000100,-10.593887,33.739034,1.000000;;,
   14080;16;1.000000,0.000016,-0.000002,0.000000,-0.000002,0.233426,0.972375,0.000000,0.000016,-0.972375,0.233426,0.000000,-0.000100,-10.588738,33.771360,1.000000;;,
   14240;16;1.000000,0.000016,-0.000002,0.000000,-0.000002,0.235223,0.971941,0.000000,0.000016,-0.971942,0.235223,0.000000,-0.000100,-10.583588,33.803603,1.000000;;,
   14400;16;1.000000,0.000016,-0.000002,0.000000,-0.000002,0.236953,0.971521,0.000000,0.000016,-0.971521,0.236953,0.000000,-0.000100,-10.578440,33.835629,1.000000;;,
   14560;16;1.000000,0.000016,-0.000002,0.000000,-0.000002,0.238683,0.971098,0.000000,0.000016,-0.971098,0.238683,0.000000,-0.000100,-10.573290,33.867642,1.000000;;,
   14720;16;1.000000,0.000016,-0.000002,0.000000,-0.000002,0.240295,0.970700,0.000000,0.000016,-0.970700,0.240296,0.000000,-0.000100,-10.568347,33.898685,1.000000;;,
   14880;16;1.000000,0.000016,-0.000002,0.000000,-0.000002,0.241868,0.970309,0.000000,0.000016,-0.970309,0.241868,0.000000,-0.000100,-10.563467,33.929405,1.000000;;,
   15040;16;1.000000,0.000016,-0.000002,0.000000,-0.000002,0.243431,0.969918,0.000000,0.000016,-0.969918,0.243431,0.000000,-0.000100,-10.558592,33.959997,1.000000;;,
   15200;16;1.000000,0.000016,-0.000002,0.000000,-0.000002,0.244966,0.969532,0.000000,0.000016,-0.969532,0.244966,0.000000,-0.000100,-10.553716,33.990227,1.000000;;,
   15360;16;1.000000,0.000016,-0.000002,0.000000,-0.000002,0.246500,0.969143,0.000000,0.000016,-0.969143,0.246500,0.000000,-0.000100,-10.548837,34.020454,1.000000;;,
   15520;16;1.000000,0.000016,-0.000002,0.000000,-0.000002,0.247988,0.968763,0.000000,0.000016,-0.968763,0.247988,0.000000,-0.000100,-10.544073,34.050320,1.000000;;,
   15680;16;1.000000,0.000016,-0.000002,0.000000,-0.000002,0.249461,0.968385,0.000000,0.000016,-0.968385,0.249461,0.000000,-0.000100,-10.539345,34.080051,1.000000;;,
   15840;16;1.000000,0.000016,-0.000002,0.000000,-0.000002,0.250914,0.968009,0.000000,0.000016,-0.968010,0.250914,0.000000,-0.000100,-10.534618,34.109693,1.000000;;,
   16000;16;1.000000,0.000016,-0.000002,0.000000,-0.000002,0.252308,0.967647,0.000000,0.000016,-0.967647,0.252308,0.000000,-0.000100,-10.529888,34.139037,1.000000;;,
   16160;16;1.000000,0.000016,-0.000002,0.000000,-0.000002,0.253702,0.967283,0.000000,0.000016,-0.967283,0.253702,0.000000,-0.000100,-10.525161,34.168394,1.000000;;,
   16320;16;1.000000,0.000016,-0.000002,0.000000,-0.000002,0.255035,0.966932,0.000000,0.000016,-0.966932,0.255035,0.000000,-0.000100,-10.520476,34.197606,1.000000;;,
   16480;16;1.000000,0.000016,-0.000002,0.000000,-0.000002,0.256349,0.966585,0.000000,0.000016,-0.966585,0.256349,0.000000,-0.000100,-10.515804,34.226778,1.000000;;,
   16640;16;1.000000,0.000016,-0.000002,0.000000,-0.000002,0.257646,0.966240,0.000000,0.000016,-0.966240,0.257646,0.000000,-0.000100,-10.511134,34.255955,1.000000;;,
   16800;16;1.000000,0.000016,-0.000002,0.000000,-0.000002,0.258892,0.965906,0.000000,0.000016,-0.965906,0.258892,0.000000,-0.000100,-10.506465,34.285146,1.000000;;,
   16960;16;1.000000,0.000016,-0.000002,0.000000,-0.000002,0.260139,0.965571,0.000000,0.000016,-0.965571,0.260139,0.000000,-0.000100,-10.501796,34.314326,1.000000;;,
   17120;16;1.000000,0.000016,-0.000002,0.000000,-0.000002,0.261346,0.965245,0.000000,0.000016,-0.965245,0.261346,0.000000,-0.000100,-10.497158,34.343536,1.000000;;,
   17280;16;1.000000,0.000016,-0.000002,0.000000,-0.000002,0.262540,0.964921,0.000000,0.000016,-0.964922,0.262540,0.000000,-0.000100,-10.492525,34.372752,1.000000;;,
   17440;16;1.000000,0.000016,-0.000002,0.000000,-0.000002,0.263711,0.964602,0.000000,0.000016,-0.964602,0.263711,0.000000,-0.000100,-10.487899,34.401821,1.000000;;,
   17600;16;1.000000,0.000016,-0.000002,0.000000,-0.000002,0.264818,0.964299,0.000000,0.000016,-0.964299,0.264818,0.000000,-0.000100,-10.483270,34.430454,1.000000;;,
   17760;16;1.000000,0.000016,-0.000002,0.000000,-0.000002,0.265924,0.963994,0.000000,0.000016,-0.963994,0.265924,0.000000,-0.000100,-10.478641,34.459085,1.000000;;,
   17920;16;1.000000,0.000016,-0.000002,0.000000,-0.000002,0.266953,0.963709,0.000000,0.000016,-0.963710,0.266953,0.000000,-0.000100,-10.474069,34.487450,1.000000;;,
   18080;16;1.000000,0.000016,-0.000002,0.000000,-0.000002,0.267957,0.963431,0.000000,0.000016,-0.963431,0.267957,0.000000,-0.000100,-10.469515,34.515728,1.000000;;,
   18240;16;1.000000,0.000016,-0.000002,0.000000,-0.000002,0.268938,0.963157,0.000000,0.000016,-0.963158,0.268938,0.000000,-0.000100,-10.464963,34.544086,1.000000;;,
   18400;16;1.000000,0.000016,-0.000002,0.000000,-0.000002,0.269855,0.962901,0.000000,0.000016,-0.962901,0.269855,0.000000,-0.000100,-10.460410,34.572704,1.000000;;,
   18560;16;1.000000,0.000016,-0.000002,0.000000,-0.000003,0.270770,0.962644,0.000000,0.000016,-0.962644,0.270770,0.000000,-0.000100,-10.455858,34.601318,1.000000;;,
   18720;16;1.000000,0.000016,-0.000002,0.000000,-0.000003,0.271686,0.962386,0.000000,0.000016,-0.962386,0.271686,0.000000,-0.000100,-10.451098,34.630618,1.000000;;,
   18880;16;1.000000,0.000016,-0.000002,0.000000,-0.000003,0.272592,0.962130,0.000000,0.000015,-0.962130,0.272592,0.000000,-0.000100,-10.446268,34.660144,1.000000;;,
   19040;16;1.000000,0.000016,-0.000002,0.000000,-0.000003,0.273489,0.961875,0.000000,0.000015,-0.961875,0.273489,0.000000,-0.000100,-10.441440,34.689987,1.000000;;,
   19200;16;1.000000,0.000016,-0.000002,0.000000,-0.000003,0.274385,0.961620,0.000000,0.000015,-0.961620,0.274386,0.000000,-0.000100,-10.436612,34.720810,1.000000;;,
   19360;16;1.000000,0.000016,-0.000002,0.000000,-0.000003,0.275282,0.961363,0.000000,0.000015,-0.961364,0.275282,0.000000,-0.000100,-10.431782,34.751635,1.000000;;,
   19520;16;1.000000,0.000016,-0.000002,0.000000,-0.000003,0.276072,0.961137,0.000000,0.000015,-0.961137,0.276072,0.000000,-0.000100,-10.426690,34.783782,1.000000;;,
   19680;16;1.000000,0.000016,-0.000002,0.000000,-0.000003,0.276826,0.960920,0.000000,0.000015,-0.960920,0.276826,0.000000,-0.000100,-10.421504,34.816374,1.000000;;,
   19840;16;1.000000,0.000016,-0.000002,0.000000,-0.000003,0.277580,0.960702,0.000000,0.000015,-0.960703,0.277580,0.000000,-0.000100,-10.416322,34.848854,1.000000;;,
   20000;16;1.000000,0.000016,-0.000002,0.000000,-0.000003,0.278334,0.960484,0.000000,0.000015,-0.960485,0.278334,0.000000,-0.000100,-10.411139,34.881040,1.000000;;,
   20160;16;1.000000,0.000016,-0.000002,0.000000,-0.000003,0.278925,0.960313,0.000000,0.000015,-0.960313,0.278925,0.000000,-0.000100,-10.405958,34.913210,1.000000;;,
   20320;16;1.000000,0.000016,-0.000002,0.000000,-0.000003,0.279516,0.960141,0.000000,0.000015,-0.960141,0.279516,0.000000,-0.000100,-10.400800,34.945382,1.000000;;,
   20480;16;1.000000,0.000016,-0.000002,0.000000,-0.000003,0.280107,0.959969,0.000000,0.000015,-0.959969,0.280107,0.000000,-0.000100,-10.395651,34.977546,1.000000;;,
   20640;16;1.000000,0.000016,-0.000002,0.000000,-0.000003,0.280698,0.959796,0.000000,0.000015,-0.959796,0.280698,0.000000,-0.000100,-10.390502,35.009718,1.000000;;,
   20800;16;1.000000,0.000016,-0.000002,0.000000,-0.000003,0.281288,0.959623,0.000000,0.000015,-0.959624,0.281288,0.000000,-0.000100,-10.385354,35.041898,1.000000;;,
   20960;16;1.000000,0.000016,-0.000002,0.000000,-0.000003,0.281178,0.959656,0.000000,0.000015,-0.959656,0.281178,0.000000,-0.000100,-10.380204,35.074061,1.000000;;,
   21120;16;1.000000,0.000016,-0.000002,0.000000,-0.000003,0.281067,0.959688,0.000000,0.000015,-0.959688,0.281067,0.000000,-0.000100,-10.375442,35.107021,1.000000;;,
   21280;16;1.000000,0.000016,-0.000002,0.000000,-0.000003,0.280956,0.959721,0.000000,0.000015,-0.959721,0.280956,0.000000,-0.000100,-10.370805,35.140240,1.000000;;,
   21440;16;1.000000,0.000016,-0.000002,0.000000,-0.000003,0.280846,0.959753,0.000000,0.000015,-0.959753,0.280846,0.000000,-0.000100,-10.366170,35.170611,1.000000;;,
   21600;16;1.000000,0.000016,-0.000002,0.000000,-0.000003,0.280735,0.959785,0.000000,0.000015,-0.959786,0.280735,0.000000,-0.000100,-10.361535,35.192442,1.000000;;,
   21760;16;1.000000,0.000016,-0.000002,0.000000,-0.000003,0.280625,0.959818,0.000000,0.000015,-0.959818,0.280625,0.000000,-0.000100,-10.356900,35.214269,1.000000;;,
   21920;16;1.000000,0.000016,-0.000002,0.000000,-0.000003,0.280514,0.959850,0.000000,0.000015,-0.959850,0.280514,0.000000,-0.000100,-10.352654,35.236102,1.000000;;,
   22080;16;1.000000,0.000016,-0.000002,0.000000,-0.000003,0.280403,0.959882,0.000000,0.000015,-0.959883,0.280403,0.000000,-0.000100,-10.348534,35.262298,1.000000;;,
   22240;16;1.000000,0.000016,-0.000002,0.000000,-0.000003,0.280293,0.959915,0.000000,0.000015,-0.959915,0.280293,0.000000,-0.000100,-10.344418,35.292851,1.000000;;,
   22400;16;1.000000,0.000016,-0.000002,0.000000,-0.000003,0.280182,0.959947,0.000000,0.000015,-0.959947,0.280182,0.000000,-0.000100,-10.340301,35.323402,1.000000;;,
   22560;16;1.000000,0.000016,-0.000002,0.000000,-0.000003,0.280071,0.959979,0.000000,0.000015,-0.959979,0.280071,0.000000,-0.000100,-10.312085,35.385952,1.000000;;,
   22720;16;1.000000,0.000016,-0.000002,0.000000,-0.000003,0.279961,0.960011,0.000000,0.000015,-0.960012,0.279961,0.000000,-0.000100,-10.261104,35.463990,1.000000;;,
   22880;16;1.000000,0.000016,-0.000002,0.000000,-0.000003,0.279850,0.960044,0.000000,0.000015,-0.960044,0.279850,0.000000,-0.000100,-10.203123,35.546794,1.000000;;,
   23040;16;1.000000,0.000016,-0.000001,0.000000,-0.000003,0.279739,0.960076,0.000000,0.000015,-0.960076,0.279739,0.000000,-0.000100,-10.148060,35.627610,1.000000;;,
   23200;16;1.000000,0.000016,-0.000001,0.000000,-0.000003,0.279629,0.960108,0.000000,0.000015,-0.960108,0.279629,0.000000,-0.000100,-10.100000,35.703654,1.000000;;,
   23360;16;1.000000,0.000016,-0.000001,0.000000,-0.000003,0.279518,0.960140,0.000000,0.000015,-0.960141,0.279518,0.000000,-0.000100,-10.051941,35.779709,1.000000;;,
   23520;16;1.000000,0.000016,-0.000001,0.000000,-0.000003,0.279407,0.960173,0.000000,0.000015,-0.960173,0.279407,0.000000,-0.000100,-10.003882,35.855754,1.000000;;,
   23680;16;1.000001,0.000016,-0.000001,0.000000,-0.000003,0.279297,0.960205,0.000000,0.000015,-0.960205,0.279297,0.000000,-0.000100,-9.955586,35.932182,1.000000;;,
   23840;16;1.000000,0.000016,-0.000001,0.000000,-0.000003,0.279186,0.960237,0.000000,0.000015,-0.960237,0.279186,0.000000,-0.000100,-9.906873,36.009261,1.000000;;,
   24000;16;1.000000,0.000016,-0.000001,0.000000,-0.000003,0.279075,0.960269,0.000000,0.000015,-0.960269,0.279075,0.000000,-0.000100,-9.857601,36.087232,1.000000;;,
   24160;16;1.000000,0.000016,-0.000001,0.000000,-0.000003,0.278965,0.960301,0.000000,0.000015,-0.960302,0.278965,0.000000,-0.000100,-9.808205,36.165395,1.000000;;,
   24320;16;1.000000,0.000016,-0.000001,0.000000,-0.000003,0.278854,0.960333,0.000000,0.000015,-0.960334,0.278854,0.000000,-0.000100,-9.759395,36.242630,1.000000;;,
   24480;16;1.000000,0.000016,-0.000001,0.000000,-0.000003,0.278743,0.960366,0.000000,0.000015,-0.960366,0.278743,0.000000,-0.000100,-9.711529,36.318374,1.000000;;,
   24640;16;1.000000,0.000015,-0.000001,0.000000,-0.000003,0.278633,0.960398,0.000000,0.000015,-0.960398,0.278633,0.000000,-0.000100,-9.664833,36.392269,1.000000;;,
   24800;16;1.000000,0.000015,-0.000001,0.000000,-0.000003,0.278522,0.960430,0.000000,0.000015,-0.960430,0.278522,0.000000,-0.000100,-9.619401,36.464160,1.000000;;,
   24960;16;1.000000,0.000015,-0.000001,0.000000,-0.000003,0.277799,0.960639,0.000000,0.000015,-0.960640,0.277799,0.000000,-0.000100,-9.575863,36.533053,1.000000;;,
   25120;16;1.000000,0.000015,-0.000001,0.000000,-0.000003,0.277076,0.960848,0.000000,0.000015,-0.960848,0.277076,0.000000,-0.000100,-9.533928,36.599414,1.000000;;,
   25280;16;1.000000,0.000015,-0.000001,0.000000,-0.000003,0.276353,0.961056,0.000000,0.000015,-0.961057,0.276353,0.000000,-0.000100,-9.493371,36.663597,1.000000;;,
   25440;16;1.000000,0.000015,-0.000001,0.000000,-0.000003,0.275579,0.961279,0.000000,0.000015,-0.961279,0.275579,0.000000,-0.000100,-9.453820,36.726176,1.000000;;,
   25600;16;1.000000,0.000015,-0.000001,0.000000,-0.000003,0.274652,0.961544,0.000000,0.000015,-0.961544,0.274652,0.000000,-0.000100,-9.414766,36.787974,1.000000;;,
   25760;16;1.000000,0.000015,-0.000001,0.000000,-0.000003,0.273724,0.961808,0.000000,0.000015,-0.961809,0.273724,0.000000,-0.000100,-9.375053,36.850819,1.000000;;,
   25920;16;1.000000,0.000015,-0.000001,0.000000,-0.000003,0.272796,0.962072,0.000000,0.000015,-0.962072,0.272797,0.000000,-0.000100,-9.334073,36.915664,1.000000;;,
   26080;16;1.000000,0.000015,-0.000001,0.000000,-0.000003,0.271745,0.962369,0.000000,0.000015,-0.962370,0.271745,0.000000,-0.000100,-9.291603,36.982874,1.000000;;,
   26240;16;1.000000,0.000015,-0.000001,0.000000,-0.000003,0.270569,0.962701,0.000000,0.000015,-0.962701,0.270569,0.000000,-0.000100,-9.247474,37.052691,1.000000;;,
   26400;16;1.000000,0.000015,-0.000001,0.000000,-0.000003,0.269393,0.963030,0.000000,0.000015,-0.963031,0.269393,0.000000,-0.000100,-9.201576,37.125328,1.000000;;,
   26560;16;1.000000,0.000015,-0.000001,0.000000,-0.000003,0.267972,0.963427,0.000000,0.000015,-0.963427,0.267972,0.000000,-0.000100,-9.153245,37.201805,1.000000;;,
   26720;16;1.000000,0.000015,-0.000001,0.000000,-0.000003,0.266551,0.963821,0.000000,0.000015,-0.963821,0.266551,0.000000,-0.000100,-9.103700,37.280205,1.000000;;,
   26880;16;1.000000,0.000015,-0.000001,0.000000,-0.000003,0.265050,0.964235,0.000000,0.000015,-0.964235,0.265050,0.000000,-0.000100,-9.053751,37.359254,1.000000;;,
   27040;16;1.000000,0.000015,-0.000001,0.000000,-0.000003,0.263470,0.964668,0.000000,0.000015,-0.964668,0.263470,0.000000,-0.000100,-9.004204,37.437658,1.000000;;,
   27200;16;1.000000,0.000015,-0.000001,0.000000,-0.000003,0.261889,0.965098,0.000000,0.000015,-0.965098,0.261889,0.000000,-0.000100,-8.955874,37.514134,1.000000;;,
   27360;16;1.000000,0.000015,-0.000001,0.000000,-0.000003,0.260349,0.965515,0.000000,0.000015,-0.965515,0.260349,0.000000,-0.000100,-8.909975,37.586765,1.000000;;,
   27520;16;1.000000,0.000015,-0.000001,0.000000,-0.000003,0.258810,0.965928,0.000000,0.000015,-0.965929,0.258810,0.000000,-0.000100,-8.865846,37.656592,1.000000;;,
   27680;16;1.000000,0.000015,-0.000001,0.000000,-0.000003,0.257298,0.966332,0.000000,0.000015,-0.966332,0.257298,0.000000,-0.000100,-8.823378,37.723802,1.000000;;,
   27840;16;1.000000,0.000015,-0.000001,0.000000,-0.000003,0.255815,0.966726,0.000000,0.000015,-0.966726,0.255815,0.000000,-0.000100,-8.782398,37.788646,1.000000;;,
   28000;16;1.000000,0.000015,-0.000001,0.000000,-0.000003,0.254331,0.967117,0.000000,0.000015,-0.967118,0.254331,0.000000,-0.000100,-8.742683,37.851485,1.000000;;,
   28160;16;1.000000,0.000015,-0.000001,0.000000,-0.000003,0.252745,0.967533,0.000000,0.000015,-0.967533,0.252745,0.000000,-0.000100,-8.703630,37.913290,1.000000;;,
   28320;16;1.000000,0.000015,-0.000001,0.000000,-0.000003,0.251158,0.967946,0.000000,0.000015,-0.967946,0.251158,0.000000,-0.000100,-8.664081,37.975869,1.000000;;,
   28480;16;1.000000,0.000015,-0.000001,0.000000,-0.000003,0.249454,0.968387,0.000000,0.000015,-0.968387,0.249454,0.000000,-0.000100,-8.623524,38.040048,1.000000;;,
   28640;16;1.000000,0.000015,-0.000001,0.000000,-0.000003,0.247632,0.968854,0.000000,0.000015,-0.968854,0.247632,0.000000,-0.000100,-8.581588,38.106406,1.000000;;,
   28800;16;1.000000,0.000015,-0.000001,0.000000,-0.000003,0.245810,0.969318,0.000000,0.000015,-0.969318,0.245810,0.000000,-0.000100,-8.538050,38.175306,1.000000;;,
