xof 0303txt 0032
template Frame {
 <3d82ab46-62da-11cf-ab39-0020af71e433>
 [...]
}

template Matrix4x4 {
 <f6f23f45-7686-11cf-8f52-0040333594a3>
 array FLOAT matrix[16];
}

template FrameTransformMatrix {
 <f6f23f41-7686-11cf-8f52-0040333594a3>
 Matrix4x4 frameMatrix;
}

template AnimTicksPerSecond {
 <9e415a43-7ba6-4a73-8743-b73d47e88476>
 DWORD AnimTicksPerSecond;
}

template Animation {
 <3d82ab4f-62da-11cf-ab39-0020af71e433>
 [...]
}

template AnimationSet {
 <3d82ab50-62da-11cf-ab39-0020af71e433>
 [Animation <3d82ab4f-62da-11cf-ab39-0020af71e433>]
}

template FloatKeys {
 <10dd46a9-775b-11cf-8f52-0040333594a3>
 DWORD nValues;
 array FLOAT values[nValues];
}

template TimedFloatKeys {
 <f406b180-7b3b-11cf-8f52-0040333594a3>
 DWORD time;
 FloatKeys tfkeys;
}

template AnimationKey {
 <10dd46a8-775b-11cf-8f52-0040333594a3>
 DWORD keyType;
 DWORD nKeys;
 array TimedFloatKeys keys[nKeys];
}


Frame ARM_fox_framework {
 

 FrameTransformMatrix {
  -0.003937,0.000000,-0.000000,0.000000,-0.000000,-0.000000,0.003937,0.000000,-0.000000,0.003937,0.000000,0.000000,0.000000,0.000000,0.000000,1.000000;;
 }

 Frame _0__-com {
  

  FrameTransformMatrix {
   0.997565,-0.069747,0.000000,0.000000,-0.000000,-0.000000,1.000000,0.000000,-0.069747,-0.997565,-0.000000,0.000000,-1.500000,0.000000,56.881203,1.000000;;
  }

  Frame _1___body {
   

   FrameTransformMatrix {
    -0.000005,0.000005,1.000000,0.000000,0.984821,-0.173571,0.000006,0.000000,0.173571,0.984821,-0.000005,0.000000,-0.000437,0.000004,-13.042070,1.000000;;
   }

   Frame _3___chest {
    

    FrameTransformMatrix {
     -0.003103,0.335161,-0.942155,0.000000,-0.117984,0.935457,0.333167,0.000000,0.993010,0.112193,0.036641,0.000000,21.275803,0.050999,-0.313511,1.000000;;
    }

    Frame _7__-neck1 {
     

     FrameTransformMatrix {
      0.737335,-0.076015,-0.671236,0.000000,0.160918,0.984809,0.065239,0.000000,0.656080,-0.156117,0.738367,0.000000,-0.011406,0.001200,31.666899,1.000000;;
     }

     Frame _11__-claviclel {
      

      FrameTransformMatrix {
       -0.541174,0.636999,-0.548967,0.000000,-0.527656,0.251078,0.811505,0.000000,0.654761,0.728830,0.200239,0.000000,2.389595,3.460500,-5.660494,1.000000;;
      }

      Frame _16___arm1l {
       

       FrameTransformMatrix {
        0.920762,-0.141682,-0.363488,0.000000,0.385096,0.479208,0.788708,0.000000,0.062440,-0.866190,0.495797,0.000000,-0.000114,-0.000252,9.104770,1.000000;;
       }

       Frame _21___arm2l {
        

        FrameTransformMatrix {
         -0.490621,-0.000000,0.871371,0.000000,-0.000000,1.000000,0.000000,0.000000,-0.871371,0.000000,-0.490621,0.000000,0.000656,-0.000705,23.359968,1.000000;;
        }

        Frame _24___hand1l {
         

         FrameTransformMatrix {
          0.504517,-0.221082,-0.834617,0.000000,0.088868,0.974824,-0.204502,0.000000,0.858816,0.029004,0.511462,0.000000,0.000053,-0.000255,21.385109,1.000000;;
         }

         Frame _26___hand2l {
          

          FrameTransformMatrix {
           0.519185,-0.000406,-0.854662,0.000000,0.000791,1.000000,0.000005,0.000000,0.854662,-0.000678,0.519185,0.000000,0.000143,0.000239,7.660831,1.000000;;
          }

          Frame _26___hand2l_end {
           

           FrameTransformMatrix {
            1.000000,0.000000,0.000000,0.000000,0.000000,1.000000,-0.000000,0.000000,0.000000,-0.000000,1.000000,0.000000,0.000000,0.000001,1.000038,1.000000;;
           }
          }
         }
        }
       }
      }
     }

     Frame _12__-clavicler {
      

      FrameTransformMatrix {
       -0.315890,-0.926198,-0.205838,0.000000,0.875075,-0.200563,-0.440474,0.000000,0.366683,-0.319265,0.873850,0.000000,3.014587,-4.637100,-4.376696,1.000000;;
      }

      Frame _17___arm1r {
       

       FrameTransformMatrix {
        -0.178087,0.970180,-0.164427,0.000000,-0.890184,-0.230052,-0.393254,0.000000,-0.419354,0.076337,0.904607,0.000000,-0.000071,-0.000195,9.104694,1.000000;;
       }

       Frame _22___arm2r {
        

        FrameTransformMatrix {
         0.951599,0.000000,0.307343,0.000000,-0.000000,1.000000,-0.000000,0.000000,-0.307343,0.000000,0.951599,0.000000,-0.000443,-0.000215,23.361317,1.000000;;
        }

        Frame _25___hand1r {
         

         FrameTransformMatrix {
          0.983753,0.001039,0.179524,0.000000,-0.002086,0.999982,0.005643,0.000000,-0.179515,-0.005925,0.983737,0.000000,0.000069,0.000183,21.384824,1.000000;;
         }

         Frame _27___hand2r {
          

          FrameTransformMatrix {
           0.951476,0.000750,0.307723,0.000000,-0.000789,1.000000,0.000002,0.000000,-0.307723,-0.000244,0.951476,0.000000,-0.000320,0.000357,7.661255,1.000000;;
          }

          Frame _27___hand2r_end {
           

           FrameTransformMatrix {
            1.000000,-0.000000,0.000000,0.000000,0.000000,1.000000,0.000000,0.000000,0.000000,0.000000,1.000000,0.000000,-0.000004,-0.000000,1.000038,1.000000;;
           }
          }
         }
        }
       }
      }
     }

     Frame _13__-neck2 {
      

      FrameTransformMatrix {
       0.900882,-0.000000,0.434065,0.000000,0.000000,1.000000,-0.000000,0.000000,-0.434065,0.000000,0.900882,0.000000,-0.009567,-0.000175,19.364526,1.000000;;
      }

      Frame _18___head {
       

       FrameTransformMatrix {
        0.061767,0.018971,0.997909,0.000000,-0.012967,0.999750,-0.018203,0.000000,-0.998005,-0.011816,0.061998,0.000000,-0.000313,0.000357,14.319859,1.000000;;
       }

       Frame _23___head2 {
        

        FrameTransformMatrix {
         -0.120808,-0.000000,-0.992676,0.000000,-0.000000,1.000000,-0.000000,0.000000,0.992675,0.000000,-0.120808,0.000000,12.307403,-0.000000,-1.642700,1.000000;;
        }

        Frame _23___head2_end {
         

         FrameTransformMatrix {
          1.000000,-0.000000,0.000000,0.000000,0.000000,1.000000,0.000000,0.000000,0.000000,-0.000000,1.000000,0.000000,0.000008,0.000000,0.999981,1.000000;;
         }
        }
       }
      }
     }
    }
   }

   Frame _4___leg1l {
    

    FrameTransformMatrix {
     0.697396,-0.095190,0.710336,0.000000,-0.007628,-0.992071,-0.125456,0.000000,0.716646,0.082074,-0.692592,0.000000,-0.000082,9.282230,-0.000423,1.000000;;
    }

    Frame _8___leg2l {
     

     FrameTransformMatrix {
      0.634991,0.000000,0.772520,0.000000,0.000000,1.000000,-0.000000,0.000000,-0.772520,-0.000000,0.634991,0.000000,0.000475,-0.000134,18.581462,1.000000;;
     }

     Frame _14___leg3l {
      

      FrameTransformMatrix {
       0.825336,0.000000,-0.564642,0.000000,0.000000,1.000000,0.000000,0.000000,0.564642,0.000000,0.825335,0.000000,0.000697,0.000230,24.787957,1.000000;;
      }

      Frame _19__-footl {
       

       FrameTransformMatrix {
        0.869716,-0.007605,0.493494,0.000000,-0.017418,0.998785,0.046089,0.000000,-0.493245,-0.048680,0.868527,0.000000,0.000163,0.000039,14.705909,1.000000;;
       }

       Frame _19__-footl_end {
        

        FrameTransformMatrix {
         1.000000,-0.000000,0.000000,0.000000,-0.000000,1.000000,-0.000000,0.000000,-0.000000,-0.000000,1.000000,0.000000,0.000000,0.000000,1.000001,1.000000;;
        }
       }
      }
     }
    }
   }

   Frame _5___leg1r {
    

    FrameTransformMatrix {
     0.694471,-0.252432,0.673787,0.000000,-0.120367,-0.964001,-0.237097,0.000000,0.709382,0.083555,-0.699855,0.000000,-0.000006,-9.282354,0.000484,1.000000;;
    }

    Frame _9___leg2r {
     

     FrameTransformMatrix {
      -0.497231,-0.000000,0.867619,0.000000,0.000000,1.000000,0.000000,0.000000,-0.867619,-0.000000,-0.497231,0.000000,-0.000687,-0.000069,18.581152,1.000000;;
     }

     Frame _15___leg3r {
      

      FrameTransformMatrix {
       -0.392734,0.000000,-0.919651,0.000000,0.000000,1.000000,0.000000,0.000000,0.919651,-0.000000,-0.392734,0.000000,0.000145,-0.001155,24.786229,1.000000;;
      }

      Frame _20__-footr {
       

       FrameTransformMatrix {
        0.433191,0.060330,0.899281,0.000000,0.060510,0.993559,-0.095803,0.000000,-0.899268,0.095917,0.426751,0.000000,0.000085,0.000678,14.704814,1.000000;;
       }

       Frame _20__-footr_end {
        

        FrameTransformMatrix {
         1.000000,0.000000,0.000000,0.000000,0.000000,1.000000,0.000000,0.000000,0.000000,-0.000000,1.000000,0.000000,0.000000,0.000000,0.999996,1.000000;;
        }
       }
      }
     }
    }
   }

   Frame _6___tail1 {
    

    FrameTransformMatrix {
     0.227608,-0.237540,0.944335,0.000000,0.218767,0.957472,0.188117,0.000000,-0.948860,0.163772,0.269894,0.000000,-7.302400,-0.508001,2.894192,1.000000;;
    }

    Frame _10___tail2 {
     

     FrameTransformMatrix {
      0.984596,-0.039129,-0.170408,0.000000,0.060889,0.990362,0.124403,0.000000,0.163898,-0.132862,0.977489,0.000000,-0.025097,0.000999,41.598102,1.000000;;
     }

     Frame _10___tail2_end {
      

      FrameTransformMatrix {
       1.000000,0.000000,0.000000,0.000000,-0.000000,1.000000,0.000000,0.000000,0.000000,0.000000,1.000000,0.000000,0.000000,0.000004,0.999947,1.000000;;
      }
     }
    }
   }
  }

  Frame _2__-footsteps {
   

   FrameTransformMatrix {
    -0.069747,0.000000,-0.997565,0.000000,0.000000,1.000000,-0.000000,0.000000,0.997565,-0.000000,-0.069747,0.000000,0.000000,-56.819699,0.000000,1.000000;;
   }

   Frame _2__-footsteps_end {
    

    FrameTransformMatrix {
     1.000000,-0.000000,-0.000000,0.000000,0.000000,1.000000,0.000000,0.000000,0.000000,0.000000,1.000000,0.000000,0.000000,0.000000,1.000000,1.000000;;
    }
   }
  }
 }
}

AnimTicksPerSecond  {
 4800;
}

AnimationSet Dummy {
 

 Animation {
  
  { ARM_fox_framework }

  AnimationKey  {
   4;
   2;
   0;16;-0.003937,0.000000,-0.000000,0.000000,-0.000000,-0.000000,0.003937,0.000000,-0.000000,0.003937,0.000000,0.000000,0.000000,0.000000,0.000000,1.000000;;,
   30400;16;-0.003937,0.000000,-0.000000,0.000000,-0.000000,-0.000000,0.003937,0.000000,-0.000000,0.003937,0.000000,0.000000,0.000000,0.000000,0.000000,1.000000;;;
  }
 }

 Animation {
  
  { _0__-com }

  AnimationKey  {
   4;
   191;
   0;16;0.997565,-0.069747,0.000000,0.000000,-0.000000,-0.000000,1.000000,0.000000,-0.069747,-0.997565,-0.000000,0.000000,-1.500000,0.000000,56.881203,1.000000;;,
   160;16;0.997729,-0.067357,0.000000,0.000000,-0.000000,-0.000000,1.000000,0.000000,-0.067357,-0.997729,-0.000000,0.000000,-1.500000,0.000000,56.881203,1.000000;;,
   320;16;0.998083,-0.061895,0.000000,0.000000,0.000000,0.000000,1.000000,0.000000,-0.061895,-0.998083,0.000000,0.000000,-1.500000,0.000000,56.881203,1.000000;;,
   480;16;0.998468,-0.055344,0.000000,0.000000,-0.000000,-0.000000,1.000000,0.000000,-0.055344,-0.998468,-0.000000,0.000000,-1.500000,0.000000,56.881203,1.000000;;,
   640;16;0.998801,-0.048966,0.000000,0.000000,-0.000000,-0.000000,1.000000,0.000000,-0.048966,-0.998801,-0.000000,0.000000,-1.500000,0.000000,56.881203,1.000000;;,
   800;16;0.999063,-0.043302,0.000000,0.000000,-0.000000,-0.000000,1.000000,0.000000,-0.043302,-0.999063,-0.000000,0.000000,-1.500000,-0.000000,56.881197,1.000000;;,
   960;16;0.999302,-0.037355,-0.000000,0.000000,0.000000,0.000000,1.000000,0.000000,-0.037355,-0.999302,0.000000,0.000000,-1.500000,0.000000,56.881203,1.000000;;,
   1120;16;0.999510,-0.031327,-0.000000,0.000000,-0.000000,-0.000000,1.000000,0.000000,-0.031327,-0.999510,-0.000000,0.000000,-1.500000,0.000000,56.881203,1.000000;;,
   1280;16;0.999682,-0.025236,0.000000,0.000000,-0.000000,-0.000000,1.000000,0.000000,-0.025236,-0.999682,-0.000000,0.000000,-1.500000,0.000000,56.881203,1.000000;;,
   1440;16;0.999819,-0.019077,0.000000,0.000000,-0.000000,-0.000000,1.000000,0.000000,-0.019077,-0.999819,-0.000000,0.000000,-1.500000,0.000000,56.881210,1.000000;;,
   1600;16;0.999918,-0.012829,0.000000,0.000000,-0.000000,-0.000000,1.000000,0.000000,-0.012829,-0.999918,-0.000000,0.000000,-1.500000,0.000000,56.881210,1.000000;;,
   1760;16;0.999978,-0.006648,0.000000,0.000000,-0.000000,-0.000000,1.000000,0.000000,-0.006648,-0.999978,-0.000000,0.000000,-1.500000,0.000000,56.881203,1.000000;;,
   1920;16;1.000000,-0.000375,0.000000,0.000000,-0.000000,-0.000000,1.000000,0.000000,-0.000375,-1.000000,-0.000000,0.000000,-1.500000,0.000000,56.881203,1.000000;;,
   2080;16;0.999983,0.005912,-0.000000,0.000000,-0.000000,0.000000,1.000000,0.000000,0.005912,-0.999983,0.000000,0.000000,-1.500000,0.000000,56.881203,1.000000;;,
   2240;16;0.999929,0.011990,0.000000,0.000000,0.000000,-0.000000,1.000000,0.000000,0.011990,-0.999929,-0.000000,0.000000,-1.500000,0.000000,56.881210,1.000000;;,
   2400;16;0.999847,0.017496,-0.000000,0.000000,0.000000,-0.000000,1.000000,0.000000,0.017496,-0.999847,-0.000000,0.000000,-1.500000,0.000000,56.881203,1.000000;;,
   2560;16;0.999755,0.022182,-0.000000,0.000000,0.000000,-0.000000,1.000000,0.000000,0.022182,-0.999755,-0.000000,0.000000,-1.500000,0.000000,56.881203,1.000000;;,
   2720;16;0.999654,0.026339,0.000000,0.000000,0.000000,-0.000000,1.000000,0.000000,0.026339,-0.999654,-0.000000,0.000000,-1.500000,0.000000,56.881210,1.000000;;,
   2880;16;0.999545,0.030185,0.000000,0.000000,0.000000,-0.000000,1.000000,0.000000,0.030185,-0.999545,-0.000000,0.000000,-1.500000,0.000000,56.881203,1.000000;;,
   3040;16;0.999423,0.033974,-0.000000,0.000000,0.000000,-0.000000,1.000000,0.000000,0.033974,-0.999423,-0.000000,0.000000,-1.500000,0.000000,56.881210,1.000000;;,
   3200;16;0.999279,0.037987,0.000000,0.000000,0.000000,-0.000000,1.000000,0.000000,0.037987,-0.999279,-0.000000,0.000000,-1.500000,0.000000,56.881210,1.000000;;,
   3360;16;0.999097,0.042502,-0.000000,0.000000,0.000000,-0.000000,1.000000,0.000000,0.042502,-0.999097,-0.000000,0.000000,-1.500000,0.000000,56.881210,1.000000;;,
   3520;16;0.998889,0.047129,0.000000,0.000000,0.000000,-0.000000,1.000000,0.000000,0.047129,-0.998889,-0.000000,0.000000,-1.500000,0.000000,56.881203,1.000000;;,
   3680;16;0.998673,0.051505,0.000000,0.000000,0.000000,-0.000000,1.000000,0.000000,0.051505,-0.998673,-0.000000,0.000000,-1.500000,0.000000,56.881210,1.000000;;,
   3840;16;0.998461,0.055466,-0.000000,0.000000,0.000000,-0.000000,1.000000,0.000000,0.055466,-0.998461,-0.000000,0.000000,-1.500000,0.000000,56.881210,1.000000;;,
   4000;16;0.998255,0.059053,0.000000,0.000000,0.000000,-0.000000,1.000000,0.000000,0.059053,-0.998255,-0.000000,0.000000,-1.500000,0.000000,56.881210,1.000000;;,
   4160;16;0.998071,0.062097,0.000000,0.000000,0.000000,-0.000000,1.000000,0.000000,0.062097,-0.998071,-0.000000,0.000000,-1.500000,0.000000,56.881210,1.000000;;,
   4320;16;0.997912,0.064593,0.000000,0.000000,0.000000,-0.000000,1.000000,0.000000,0.064593,-0.997912,-0.000000,0.000000,-1.500000,0.000000,56.881203,1.000000;;,
   4480;16;0.997775,0.066674,0.000000,0.000000,0.000000,-0.000000,1.000000,0.000000,0.066674,-0.997775,-0.000000,0.000000,-1.500000,0.000000,56.881203,1.000000;;,
   4640;16;0.997662,0.068343,0.000000,0.000000,0.000000,-0.000000,1.000000,0.000000,0.068343,-0.997662,-0.000000,0.000000,-1.500000,0.000000,56.881203,1.000000;;,
   4800;16;0.997584,0.069474,-0.000000,0.000000,0.000000,-0.000000,1.000000,0.000000,0.069474,-0.997584,-0.000000,0.000000,-1.500000,0.000000,56.881210,1.000000;;,
   4960;16;0.997564,0.069767,0.000000,0.000000,0.000000,-0.000000,1.000000,0.000000,0.069767,-0.997564,-0.000000,0.000000,-1.500000,0.000000,56.881210,1.000000;;,
   5120;16;0.997589,0.069408,0.000000,0.000000,0.000000,-0.000000,1.000000,0.000000,0.069408,-0.997589,-0.000000,0.000000,-1.500000,0.000000,56.881210,1.000000;;,
   5280;16;0.997672,0.068209,0.000000,0.000000,0.000000,-0.000000,1.000000,0.000000,0.068209,-0.997672,-0.000000,0.000000,-1.500000,0.000000,56.881210,1.000000;;,
   5440;16;0.997804,0.066245,0.000000,0.000000,0.000000,-0.000000,1.000000,0.000000,0.066245,-0.997804,-0.000000,0.000000,-1.500000,0.000000,56.881203,1.000000;;,
   5600;16;0.997960,0.063853,0.000000,0.000000,0.000000,-0.000000,1.000000,0.000000,0.063853,-0.997960,-0.000000,0.000000,-1.500000,0.000000,56.881203,1.000000;;,
   5760;16;0.998109,0.061475,0.000000,0.000000,0.000000,-0.000000,1.000000,0.000000,0.061475,-0.998109,-0.000000,0.000000,-1.500000,0.000000,56.881210,1.000000;;,
   5920;16;0.998265,0.058892,0.000000,0.000000,0.000000,-0.000000,1.000000,0.000000,0.058892,-0.998265,-0.000000,0.000000,-1.500000,0.000000,56.881210,1.000000;;,
   6080;16;0.998438,0.055877,0.000000,0.000000,0.000000,-0.000000,1.000000,0.000000,0.055877,-0.998438,-0.000000,0.000000,-1.500000,0.000000,56.881210,1.000000;;,
   6240;16;0.998632,0.052290,-0.000000,0.000000,0.000000,-0.000000,1.000000,0.000000,0.052290,-0.998632,-0.000000,0.000000,-1.500000,0.000000,56.881203,1.000000;;,
   6400;16;0.998844,0.048078,0.000000,0.000000,0.000000,-0.000000,1.000000,0.000000,0.048078,-0.998844,-0.000000,0.000000,-1.500000,0.000000,56.881210,1.000000;;,
   6560;16;0.999078,0.042946,0.000000,0.000000,0.000000,-0.000000,1.000000,0.000000,0.042946,-0.999078,-0.000000,0.000000,-1.500000,0.000000,56.881210,1.000000;;,
   6720;16;0.999316,0.036984,-0.000000,0.000000,0.000000,-0.000000,1.000000,0.000000,0.036984,-0.999316,-0.000000,0.000000,-1.500000,0.000000,56.881210,1.000000;;,
   6880;16;0.999532,0.030596,-0.000000,0.000000,0.000000,-0.000000,1.000000,0.000000,0.030596,-0.999532,-0.000000,0.000000,-1.500000,0.000000,56.881210,1.000000;;,
   7040;16;0.999711,0.024043,0.000000,0.000000,0.000000,-0.000000,1.000000,0.000000,0.024043,-0.999711,-0.000000,0.000000,-1.500000,0.000000,56.881203,1.000000;;,
   7200;16;0.999848,0.017440,-0.000000,0.000000,0.000000,-0.000000,1.000000,0.000000,0.017440,-0.999848,-0.000000,0.000000,-1.500000,-0.000000,56.881197,1.000000;;,
   7360;16;0.999945,0.010496,0.000000,0.000000,0.000000,-0.000000,1.000000,0.000000,0.010496,-0.999945,-0.000000,0.000000,-1.500000,0.000000,56.881210,1.000000;;,
   7520;16;0.999994,0.003562,0.000000,0.000000,0.000000,-0.000000,1.000000,0.000000,0.003562,-0.999994,-0.000000,0.000000,-1.500000,0.000000,56.881210,1.000000;;,
   7680;16;0.999995,-0.003369,0.000000,0.000000,-0.000000,-0.000000,1.000000,0.000000,-0.003369,-0.999995,-0.000000,0.000000,-1.500000,0.000000,56.881210,1.000000;;,
   7840;16;0.999947,-0.010303,0.000000,0.000000,-0.000000,-0.000000,1.000000,0.000000,-0.010303,-0.999947,-0.000000,0.000000,-1.500000,0.000000,56.881210,1.000000;;,
   8000;16;0.999852,-0.017246,0.000000,0.000000,-0.000000,-0.000000,1.000000,0.000000,-0.017246,-0.999852,-0.000000,0.000000,-1.500000,0.000000,56.881210,1.000000;;,
   8160;16;0.999716,-0.023850,0.000000,0.000000,-0.000000,-0.000000,1.000000,0.000000,-0.023850,-0.999716,-0.000000,0.000000,-1.500000,0.000000,56.881210,1.000000;;,
   8320;16;0.999538,-0.030403,0.000000,0.000000,-0.000000,-0.000000,1.000000,0.000000,-0.030403,-0.999538,-0.000000,0.000000,-1.500000,0.000000,56.881210,1.000000;;,
   8480;16;0.999324,-0.036791,-0.000000,0.000000,-0.000000,-0.000000,1.000000,0.000000,-0.036791,-0.999324,-0.000000,0.000000,-1.500000,0.000000,56.881210,1.000000;;,
   8640;16;0.999086,-0.042753,-0.000000,0.000000,-0.000000,-0.000000,1.000000,0.000000,-0.042753,-0.999086,-0.000000,0.000000,-1.500000,0.000000,56.881210,1.000000;;,
   8800;16;0.998853,-0.047885,0.000000,0.000000,-0.000000,-0.000000,1.000000,0.000000,-0.047885,-0.998853,-0.000000,0.000000,-1.500000,0.000000,56.881210,1.000000;;,
   8960;16;0.998643,-0.052097,0.000000,0.000000,-0.000000,-0.000000,1.000000,0.000000,-0.052097,-0.998643,-0.000000,0.000000,-1.500000,0.000000,56.881210,1.000000;;,
   9120;16;0.998449,-0.055683,0.000000,0.000000,-0.000000,-0.000000,1.000000,0.000000,-0.055683,-0.998449,-0.000000,0.000000,-1.500000,0.000000,56.881210,1.000000;;,
   9280;16;0.998276,-0.058699,0.000000,0.000000,-0.000000,-0.000000,1.000000,0.000000,-0.058699,-0.998276,-0.000000,0.000000,-1.500000,0.000000,56.881210,1.000000;;,
   9440;16;0.998121,-0.061282,-0.000000,0.000000,-0.000000,-0.000000,1.000000,0.000000,-0.061282,-0.998121,-0.000000,0.000000,-1.500000,-0.000000,56.881216,1.000000;;,
   9600;16;0.997972,-0.063660,0.000000,0.000000,-0.000000,-0.000000,1.000000,0.000000,-0.063660,-0.997972,-0.000000,0.000000,-1.500000,0.000000,56.881203,1.000000;;,
   9760;16;0.997817,-0.066052,0.000000,0.000000,-0.000000,-0.000000,1.000000,0.000000,-0.066052,-0.997817,-0.000000,0.000000,-1.500000,0.000000,56.881210,1.000000;;,
   9920;16;0.997685,-0.068016,0.000000,0.000000,-0.000000,-0.000000,1.000000,0.000000,-0.068016,-0.997685,-0.000000,0.000000,-1.500000,0.000000,56.881210,1.000000;;,
   10080;16;0.997602,-0.069215,0.000000,0.000000,-0.000000,-0.000000,1.000000,0.000000,-0.069215,-0.997602,-0.000000,0.000000,-1.500000,-0.000000,56.881216,1.000000;;,
   10240;16;0.997580,-0.069535,0.000000,0.000000,-0.000000,-0.000000,1.000000,0.000000,-0.069535,-0.997580,-0.000000,0.000000,-1.500000,0.000000,56.881210,1.000000;;,
   10400;16;0.997611,-0.069088,0.000000,0.000000,-0.000000,-0.000000,1.000000,0.000000,-0.069088,-0.997611,-0.000000,0.000000,-1.500000,0.000000,56.881210,1.000000;;,
   10560;16;0.997726,-0.067411,0.000000,0.000000,-0.000000,-0.000000,1.000000,0.000000,-0.067411,-0.997726,-0.000000,0.000000,-1.500000,0.000000,56.881210,1.000000;;,
   10720;16;0.997886,-0.064993,0.000000,0.000000,-0.000000,-0.000000,1.000000,0.000000,-0.064993,-0.997886,-0.000000,0.000000,-1.500000,0.000000,56.881210,1.000000;;,
   10880;16;0.998076,-0.062004,0.000000,0.000000,-0.000000,-0.000000,1.000000,0.000000,-0.062004,-0.998076,-0.000000,0.000000,-1.500000,0.000000,56.881210,1.000000;;,
   11040;16;0.998292,-0.058439,0.000000,0.000000,-0.000000,-0.000000,1.000000,0.000000,-0.058439,-0.998292,-0.000000,0.000000,-1.500000,0.000000,56.881210,1.000000;;,
   11200;16;0.998535,-0.054115,0.000000,0.000000,-0.000000,-0.000000,1.000000,0.000000,-0.054115,-0.998535,-0.000000,0.000000,-1.500000,-0.000000,56.881216,1.000000;;,
   11360;16;0.998793,-0.049131,0.000000,0.000000,-0.000000,-0.000000,1.000000,0.000000,-0.049131,-0.998793,-0.000000,0.000000,-1.500000,0.000000,56.881210,1.000000;;,
   11520;16;0.999046,-0.043674,0.000000,0.000000,-0.000000,-0.000000,1.000000,0.000000,-0.043674,-0.999046,-0.000000,0.000000,-1.500000,0.000000,56.881210,1.000000;;,
   11680;16;0.999290,-0.037703,0.000000,0.000000,-0.000000,-0.000000,1.000000,0.000000,-0.037703,-0.999290,-0.000000,0.000000,-1.500000,0.000000,56.881210,1.000000;;,
   11840;16;0.999505,-0.031465,0.000000,0.000000,-0.000000,-0.000000,1.000000,0.000000,-0.031465,-0.999505,-0.000000,0.000000,-1.500000,-0.000000,56.881216,1.000000;;,
   12000;16;0.999676,-0.025501,-0.000000,0.000000,-0.000000,-0.000000,1.000000,0.000000,-0.025501,-0.999676,-0.000000,0.000000,-1.500000,0.000000,56.881210,1.000000;;,
   12160;16;0.999795,-0.020275,0.000000,0.000000,-0.000000,-0.000000,1.000000,0.000000,-0.020275,-0.999795,-0.000000,0.000000,-1.500000,0.000000,56.881210,1.000000;;,
   12320;16;0.999882,-0.015397,0.000000,0.000000,-0.000000,-0.000000,1.000000,0.000000,-0.015397,-0.999882,-0.000000,0.000000,-1.500000,0.000000,56.881210,1.000000;;,
   12480;16;0.999945,-0.010563,0.000000,0.000000,-0.000000,-0.000000,1.000000,0.000000,-0.010563,-0.999945,-0.000000,0.000000,-1.500000,0.000000,56.881210,1.000000;;,
   12640;16;0.999985,-0.005488,0.000000,0.000000,-0.000000,-0.000000,1.000000,0.000000,-0.005488,-0.999985,-0.000000,0.000000,-1.500000,0.000000,56.881210,1.000000;;,
   12800;16;1.000001,0.000096,0.000000,0.000000,0.000000,-0.000000,1.000000,0.000000,0.000096,-1.000001,-0.000000,0.000000,-1.500000,0.000000,56.881210,1.000000;;,
   12960;16;0.999979,0.006584,-0.000000,0.000000,0.000000,-0.000000,1.000000,0.000000,0.006584,-0.999979,-0.000000,0.000000,-1.500000,0.000000,56.881210,1.000000;;,
   13120;16;0.999908,0.013590,-0.000000,0.000000,0.000000,-0.000000,1.000000,0.000000,0.013590,-0.999908,-0.000000,0.000000,-1.500000,0.000000,56.881210,1.000000;;,
   13280;16;0.999789,0.020585,-0.000000,0.000000,0.000000,-0.000000,1.000000,0.000000,0.020585,-0.999789,-0.000000,0.000000,-1.500000,0.000000,56.881210,1.000000;;,
   13440;16;0.999628,0.027296,0.000000,0.000000,0.000000,-0.000000,1.000000,0.000000,0.027296,-0.999628,-0.000000,0.000000,-1.500000,0.000000,56.881210,1.000000;;,
   13600;16;0.999432,0.033703,0.000000,0.000000,0.000000,-0.000000,1.000000,0.000000,0.033703,-0.999432,-0.000000,0.000000,-1.500000,0.000000,56.881210,1.000000;;,
   13760;16;0.999208,0.039797,-0.000000,0.000000,0.000000,-0.000000,1.000000,0.000000,0.039797,-0.999208,-0.000000,0.000000,-1.500000,0.000000,56.881210,1.000000;;,
   13920;16;0.998971,0.045375,0.000000,0.000000,0.000000,-0.000000,1.000000,0.000000,0.045375,-0.998971,-0.000000,0.000000,-1.500000,0.000000,56.881210,1.000000;;,
   14080;16;0.998721,0.050570,0.000000,0.000000,0.000000,-0.000000,1.000000,0.000000,0.050570,-0.998721,-0.000000,0.000000,-1.500000,0.000000,56.881210,1.000000;;,
   14240;16;0.998465,0.055389,0.000000,0.000000,0.000000,-0.000000,1.000000,0.000000,0.055389,-0.998465,-0.000000,0.000000,-1.500000,0.000000,56.881210,1.000000;;,
   14400;16;0.998216,0.059712,0.000000,0.000000,0.000000,-0.000000,1.000000,0.000000,0.059712,-0.998216,-0.000000,0.000000,-1.500000,-0.000000,56.881216,1.000000;;,
   14560;16;0.998013,0.063025,0.000000,0.000000,0.000000,-0.000000,1.000000,0.000000,0.063025,-0.998013,-0.000000,0.000000,-1.500000,0.000000,56.881210,1.000000;;,
   14720;16;0.997830,0.065852,0.000000,0.000000,0.000000,-0.000000,1.000000,0.000000,0.065852,-0.997830,-0.000000,0.000000,-1.500000,0.000000,56.881210,1.000000;;,
   14880;16;0.997684,0.068022,0.000000,0.000000,0.000000,-0.000000,1.000000,0.000000,0.068022,-0.997684,-0.000000,0.000000,-1.500000,0.000000,56.881210,1.000000;;,
   15040;16;0.997590,0.069392,0.000000,0.000000,0.000000,-0.000000,1.000000,0.000000,0.069392,-0.997590,-0.000000,0.000000,-1.500000,0.000000,56.881210,1.000000;;,
   15200;16;0.997559,0.069839,0.000000,0.000000,0.000000,-0.000000,1.000000,0.000000,0.069839,-0.997559,-0.000000,0.000000,-1.500000,-0.000000,56.881216,1.000000;;,
   15360;16;0.997568,0.069706,0.000000,0.000000,0.000000,-0.000000,1.000000,0.000000,0.069706,-0.997568,-0.000000,0.000000,-1.500000,0.000000,56.881203,1.000000;;,
   15520;16;0.997606,0.069163,0.000000,0.000000,0.000000,-0.000000,1.000000,0.000000,0.069163,-0.997606,-0.000000,0.000000,-1.500000,0.000000,56.881203,1.000000;;,
   15680;16;0.997683,0.068034,0.000000,0.000000,0.000000,-0.000000,1.000000,0.000000,0.068034,-0.997683,-0.000000,0.000000,-1.500000,0.000000,56.881210,1.000000;;,
   15840;16;0.997804,0.066251,-0.000000,0.000000,0.000000,-0.000000,1.000000,0.000000,0.066251,-0.997804,-0.000000,0.000000,-1.500000,0.000000,56.881203,1.000000;;,
   16000;16;0.997960,0.063852,0.000000,0.000000,0.000000,-0.000000,1.000000,0.000000,0.063852,-0.997960,-0.000000,0.000000,-1.500000,0.000000,56.881210,1.000000;;,
   16160;16;0.998160,0.060644,-0.000000,0.000000,0.000000,-0.000000,1.000000,0.000000,0.060644,-0.998160,-0.000000,0.000000,-1.500000,0.000000,56.881210,1.000000;;,
   16320;16;0.998400,0.056558,0.000000,0.000000,0.000000,-0.000000,1.000000,0.000000,0.056558,-0.998400,-0.000000,0.000000,-1.500000,0.000000,56.881203,1.000000;;,
   16480;16;0.998655,0.051852,-0.000000,0.000000,0.000000,-0.000000,1.000000,0.000000,0.051852,-0.998655,-0.000000,0.000000,-1.500000,0.000000,56.881203,1.000000;;,
   16640;16;0.998908,0.046726,0.000000,0.000000,0.000000,-0.000000,1.000000,0.000000,0.046726,-0.998908,-0.000000,0.000000,-1.500000,0.000000,56.881210,1.000000;;,
   16800;16;0.999147,0.041320,-0.000000,0.000000,0.000000,-0.000000,1.000000,0.000000,0.041320,-0.999147,-0.000000,0.000000,-1.500000,0.000000,56.881203,1.000000;;,
   16960;16;0.999380,0.035226,-0.000000,0.000000,0.000000,-0.000000,1.000000,0.000000,0.035226,-0.999380,-0.000000,0.000000,-1.500000,0.000000,56.881203,1.000000;;,
   17120;16;0.999583,0.028897,0.000000,0.000000,0.000000,-0.000000,1.000000,0.000000,0.028897,-0.999583,-0.000000,0.000000,-1.500000,0.000000,56.881210,1.000000;;,
   17280;16;0.999750,0.022392,0.000000,0.000000,0.000000,-0.000000,1.000000,0.000000,0.022392,-0.999750,-0.000000,0.000000,-1.500000,0.000000,56.881210,1.000000;;,
   17440;16;0.999877,0.015703,-0.000000,0.000000,0.000000,-0.000000,1.000000,0.000000,0.015703,-0.999877,-0.000000,0.000000,-1.500000,-0.000000,56.881197,1.000000;;,
   17600;16;0.999962,0.008760,-0.000000,0.000000,0.000000,-0.000000,1.000000,0.000000,0.008760,-0.999962,-0.000000,0.000000,-1.500000,0.000000,56.881203,1.000000;;,
   17760;16;0.999999,0.001829,0.000000,0.000000,0.000000,-0.000000,1.000000,0.000000,0.001829,-0.999999,-0.000000,0.000000,-1.500000,0.000000,56.881210,1.000000;;,
   17920;16;0.999987,-0.005239,0.000000,0.000000,-0.000000,-0.000000,1.000000,0.000000,-0.005239,-0.999987,-0.000000,0.000000,-1.500000,0.000000,56.881210,1.000000;;,
   18080;16;0.999924,-0.012370,0.000000,0.000000,-0.000000,-0.000000,1.000000,0.000000,-0.012370,-0.999924,-0.000000,0.000000,-1.500000,0.000000,56.881210,1.000000;;,
   18240;16;0.999815,-0.019286,0.000000,0.000000,-0.000000,-0.000000,1.000000,0.000000,-0.019286,-0.999815,-0.000000,0.000000,-1.500000,-0.000000,56.881197,1.000000;;,
   18400;16;0.999675,-0.025501,0.000000,0.000000,-0.000000,-0.000000,1.000000,0.000000,-0.025501,-0.999675,-0.000000,0.000000,-1.500000,0.000000,56.881203,1.000000;;,
   18560;16;0.999527,-0.030759,-0.000000,0.000000,-0.000000,-0.000000,1.000000,0.000000,-0.030759,-0.999527,-0.000000,0.000000,-1.500000,0.000000,56.881210,1.000000;;,
   18720;16;0.999373,-0.035420,0.000000,0.000000,0.000000,0.000000,1.000000,0.000000,-0.035420,-0.999373,0.000000,0.000000,-1.500000,0.000000,56.881203,1.000000;;,
   18880;16;0.999214,-0.039665,0.000000,0.000000,-0.000000,-0.000000,1.000000,0.000000,-0.039665,-0.999214,-0.000000,0.000000,-1.500000,-0.000000,56.881197,1.000000;;,
   19040;16;0.999044,-0.043726,0.000000,0.000000,-0.000000,-0.000000,1.000000,0.000000,-0.043726,-0.999044,-0.000000,0.000000,-1.500000,0.000000,56.881203,1.000000;;,
   19200;16;0.998853,-0.047886,0.000000,0.000000,-0.000000,-0.000000,1.000000,0.000000,-0.047886,-0.998853,-0.000000,0.000000,-1.500000,0.000000,56.881203,1.000000;;,
   19360;16;0.998622,-0.052482,0.000000,0.000000,-0.000000,-0.000000,1.000000,0.000000,-0.052482,-0.998622,-0.000000,0.000000,-1.500000,-0.000000,56.881197,1.000000;;,
   19520;16;0.998373,-0.057028,0.000000,0.000000,-0.000000,-0.000000,1.000000,0.000000,-0.057028,-0.998373,-0.000000,0.000000,-1.500000,-0.000000,56.881197,1.000000;;,
   19680;16;0.998136,-0.061040,0.000000,0.000000,-0.000000,-0.000000,1.000000,0.000000,-0.061040,-0.998136,-0.000000,0.000000,-1.500000,0.000000,56.881203,1.000000;;,
   19840;16;0.997929,-0.064327,0.000000,0.000000,-0.000000,-0.000000,1.000000,0.000000,-0.064327,-0.997929,-0.000000,0.000000,-1.500000,0.000000,56.881203,1.000000;;,
   20000;16;0.997754,-0.066992,0.000000,0.000000,-0.000000,-0.000000,1.000000,0.000000,-0.066992,-0.997754,-0.000000,0.000000,-1.500000,0.000000,56.881210,1.000000;;,
   20160;16;0.997640,-0.068669,0.000000,0.000000,-0.000000,-0.000000,1.000000,0.000000,-0.068669,-0.997640,-0.000000,0.000000,-1.500000,0.000000,56.881210,1.000000;;,
   20320;16;0.997588,-0.069424,0.000000,0.000000,-0.000000,-0.000000,1.000000,0.000000,-0.069424,-0.997588,-0.000000,0.000000,-1.500000,0.000000,56.881210,1.000000;;,
   20480;16;0.997588,-0.069424,0.000000,0.000000,-0.000000,-0.000000,1.000000,0.000000,-0.069424,-0.997588,-0.000000,0.000000,-1.500000,0.000000,56.881203,1.000000;;,
   20640;16;0.997640,-0.068669,0.000000,0.000000,-0.000000,-0.000000,1.000000,0.000000,-0.068669,-0.997640,-0.000000,0.000000,-1.500000,0.000000,56.881203,1.000000;;,
   20800;16;0.997754,-0.066992,0.000000,0.000000,-0.000000,-0.000000,1.000000,0.000000,-0.066992,-0.997754,-0.000000,0.000000,-1.500000,0.000000,56.881210,1.000000;;,
   20960;16;0.997929,-0.064327,0.000000,0.000000,-0.000000,-0.000000,1.000000,0.000000,-0.064327,-0.997929,-0.000000,0.000000,-1.500000,0.000000,56.881203,1.000000;;,
   21120;16;0.998136,-0.061040,0.000000,0.000000,-0.000000,-0.000000,1.000000,0.000000,-0.061040,-0.998136,-0.000000,0.000000,-1.500000,0.000000,56.881210,1.000000;;,
   21280;16;0.998373,-0.057028,-0.000000,0.000000,-0.000000,-0.000000,1.000000,0.000000,-0.057028,-0.998373,-0.000000,0.000000,-1.500000,0.000000,56.881210,1.000000;;,
   21440;16;0.998622,-0.052482,0.000000,0.000000,-0.000000,-0.000000,1.000000,0.000000,-0.052482,-0.998622,-0.000000,0.000000,-1.500000,-0.000000,56.881197,1.000000;;,
   21600;16;0.998853,-0.047886,0.000000,0.000000,-0.000000,-0.000000,1.000000,0.000000,-0.047886,-0.998853,-0.000000,0.000000,-1.500000,0.000000,56.881203,1.000000;;,
   21760;16;0.999044,-0.043726,0.000000,0.000000,-0.000000,-0.000000,1.000000,0.000000,-0.043726,-0.999044,-0.000000,0.000000,-1.500000,0.000000,56.881203,1.000000;;,
   21920;16;0.999214,-0.039665,0.000000,0.000000,-0.000000,-0.000000,1.000000,0.000000,-0.039665,-0.999214,-0.000000,0.000000,-1.500000,0.000000,56.881203,1.000000;;,
   22080;16;0.999373,-0.035421,0.000000,0.000000,-0.000000,-0.000000,1.000000,0.000000,-0.035421,-0.999373,-0.000000,0.000000,-1.500000,0.000000,56.881203,1.000000;;,
   22240;16;0.999527,-0.030760,0.000000,0.000000,-0.000000,-0.000000,1.000000,0.000000,-0.030760,-0.999527,-0.000000,0.000000,-1.500000,0.000000,56.881210,1.000000;;,
   22400;16;0.999675,-0.025501,-0.000000,0.000000,-0.000000,-0.000000,1.000000,0.000000,-0.025501,-0.999675,-0.000000,0.000000,-1.500000,0.000000,56.881210,1.000000;;,
   22560;16;0.999814,-0.019286,-0.000000,0.000000,-0.000000,-0.000000,1.000000,0.000000,-0.019286,-0.999814,-0.000000,0.000000,-1.500000,0.000000,56.881210,1.000000;;,
   22720;16;0.999924,-0.012371,0.000000,0.000000,-0.000000,-0.000000,1.000000,0.000000,-0.012371,-0.999924,-0.000000,0.000000,-1.500000,-0.000000,56.881197,1.000000;;,
   22880;16;0.999987,-0.005239,-0.000000,0.000000,-0.000000,-0.000000,1.000000,0.000000,-0.005239,-0.999987,-0.000000,0.000000,-1.500000,0.000000,56.881203,1.000000;;,
   23040;16;0.999999,0.001829,0.000000,0.000000,0.000000,-0.000000,1.000000,0.000000,0.001829,-0.999999,-0.000000,0.000000,-1.500000,0.000000,56.881203,1.000000;;,
   23200;16;0.999962,0.008759,0.000000,0.000000,0.000000,-0.000000,1.000000,0.000000,0.008759,-0.999962,-0.000000,0.000000,-1.500000,-0.000000,56.881197,1.000000;;,
   23360;16;0.999877,0.015703,-0.000000,0.000000,0.000000,-0.000000,1.000000,0.000000,0.015703,-0.999877,-0.000000,0.000000,-1.500000,0.000000,56.881203,1.000000;;,
   23520;16;0.999750,0.022392,-0.000000,0.000000,0.000000,-0.000000,1.000000,0.000000,0.022392,-0.999750,-0.000000,0.000000,-1.500000,0.000000,56.881203,1.000000;;,
   23680;16;0.999583,0.028897,0.000000,0.000000,0.000000,-0.000000,1.000000,0.000000,0.028897,-0.999583,-0.000000,0.000000,-1.500000,0.000000,56.881210,1.000000;;,
   23840;16;0.999380,0.035226,0.000000,0.000000,0.000000,-0.000000,1.000000,0.000000,0.035226,-0.999380,-0.000000,0.000000,-1.500000,0.000000,56.881210,1.000000;;,
   24000;16;0.999147,0.041320,-0.000000,0.000000,0.000000,-0.000000,1.000000,0.000000,0.041320,-0.999147,-0.000000,0.000000,-1.500000,0.000000,56.881210,1.000000;;,
   24160;16;0.998908,0.046726,0.000000,0.000000,0.000000,-0.000000,1.000000,0.000000,0.046726,-0.998908,-0.000000,0.000000,-1.500000,0.000000,56.881210,1.000000;;,
   24320;16;0.998655,0.051852,-0.000000,0.000000,0.000000,-0.000000,1.000000,0.000000,0.051852,-0.998655,-0.000000,0.000000,-1.500000,0.000000,56.881203,1.000000;;,
   24480;16;0.998400,0.056558,-0.000000,0.000000,0.000000,-0.000000,1.000000,0.000000,0.056558,-0.998400,-0.000000,0.000000,-1.500000,0.000000,56.881203,1.000000;;,
   24640;16;0.998160,0.060644,0.000000,0.000000,0.000000,-0.000000,1.000000,0.000000,0.060644,-0.998160,-0.000000,0.000000,-1.500000,0.000000,56.881210,1.000000;;,
   24800;16;0.997960,0.063852,0.000000,0.000000,0.000000,-0.000000,1.000000,0.000000,0.063852,-0.997960,-0.000000,0.000000,-1.500000,0.000000,56.881210,1.000000;;,
   24960;16;0.997803,0.066251,0.000000,0.000000,0.000000,-0.000000,1.000000,0.000000,0.066251,-0.997803,-0.000000,0.000000,-1.500000,0.000000,56.881203,1.000000;;,
   25120;16;0.997683,0.068034,-0.000000,0.000000,0.000000,-0.000000,1.000000,0.000000,0.068034,-0.997683,-0.000000,0.000000,-1.500000,-0.000000,56.881197,1.000000;;,
   25280;16;0.997606,0.069163,0.000000,0.000000,0.000000,-0.000000,1.000000,0.000000,0.069163,-0.997606,-0.000000,0.000000,-1.500000,0.000000,56.881210,1.000000;;,
   25440;16;0.997568,0.069706,-0.000000,0.000000,0.000000,-0.000000,1.000000,0.000000,0.069706,-0.997568,-0.000000,0.000000,-1.500000,0.000000,56.881210,1.000000;;,
   25600;16;0.997559,0.069839,0.000000,0.000000,0.000000,-0.000000,1.000000,0.000000,0.069839,-0.997559,-0.000000,0.000000,-1.500000,0.000000,56.881203,1.000000;;,
   25760;16;0.997579,0.069546,-0.000000,0.000000,0.000000,-0.000000,1.000000,0.000000,0.069546,-0.997579,-0.000000,0.000000,-1.500000,0.000000,56.881210,1.000000;;,
   25920;16;0.997643,0.068625,0.000000,0.000000,0.000000,-0.000000,1.000000,0.000000,0.068625,-0.997643,-0.000000,0.000000,-1.500000,0.000000,56.881210,1.000000;;,
   26080;16;0.997744,0.067135,0.000000,0.000000,0.000000,-0.000000,1.000000,0.000000,0.067135,-0.997744,-0.000000,0.000000,-1.500000,-0.000000,56.881197,1.000000;;,
   26240;16;0.997875,0.065170,0.000000,0.000000,0.000000,-0.000000,1.000000,0.000000,0.065170,-0.997875,-0.000000,0.000000,-1.500000,0.000000,56.881210,1.000000;;,
   26400;16;0.998023,0.062856,0.000000,0.000000,0.000000,-0.000000,1.000000,0.000000,0.062856,-0.998023,-0.000000,0.000000,-1.500000,-0.000000,56.881197,1.000000;;,
   26560;16;0.998210,0.059813,0.000000,0.000000,0.000000,-0.000000,1.000000,0.000000,0.059813,-0.998210,-0.000000,0.000000,-1.500000,0.000000,56.881203,1.000000;;,
   26720;16;0.998411,0.056362,0.000000,0.000000,0.000000,-0.000000,1.000000,0.000000,0.056362,-0.998411,-0.000000,0.000000,-1.500000,0.000000,56.881203,1.000000;;,
   26880;16;0.998616,0.052609,-0.000000,0.000000,0.000000,-0.000000,1.000000,0.000000,0.052609,-0.998616,-0.000000,0.000000,-1.500000,-0.000000,56.881197,1.000000;;,
   27040;16;0.998821,0.048550,0.000000,0.000000,0.000000,-0.000000,1.000000,0.000000,0.048550,-0.998821,-0.000000,0.000000,-1.500000,0.000000,56.881210,1.000000;;,
   27200;16;0.999029,0.044073,-0.000000,0.000000,0.000000,-0.000000,1.000000,0.000000,0.044073,-0.999029,-0.000000,0.000000,-1.500000,0.000000,56.881210,1.000000;;,
   27360;16;0.999232,0.039204,0.000000,0.000000,0.000000,-0.000000,1.000000,0.000000,0.039204,-0.999232,-0.000000,0.000000,-1.500000,0.000000,56.881210,1.000000;;,
   27520;16;0.999422,0.034005,-0.000000,0.000000,0.000000,-0.000000,1.000000,0.000000,0.034005,-0.999422,-0.000000,0.000000,-1.500000,0.000000,56.881203,1.000000;;,
   27680;16;0.999595,0.028481,0.000000,0.000000,0.000000,-0.000000,1.000000,0.000000,0.028481,-0.999595,-0.000000,0.000000,-1.500000,0.000000,56.881203,1.000000;;,
   27840;16;0.999740,0.022841,-0.000000,0.000000,0.000000,-0.000000,1.000000,0.000000,0.022841,-0.999740,-0.000000,0.000000,-1.500000,0.000000,56.881210,1.000000;;,
   28000;16;0.999847,0.017495,-0.000000,0.000000,0.000000,-0.000000,1.000000,0.000000,0.017495,-0.999847,-0.000000,0.000000,-1.500000,0.000000,56.881203,1.000000;;,
   28160;16;0.999918,0.012834,0.000000,0.000000,0.000000,-0.000000,1.000000,0.000000,0.012834,-0.999918,-0.000000,0.000000,-1.500000,0.000000,56.881203,1.000000;;,
   28320;16;0.999964,0.008543,0.000000,0.000000,0.000000,-0.000000,1.000000,0.000000,0.008543,-0.999964,-0.000000,0.000000,-1.500000,-0.000000,56.881197,1.000000;;,
   28480;16;0.999991,0.004315,-0.000000,0.000000,0.000000,-0.000000,1.000000,0.000000,0.004315,-0.999991,-0.000000,0.000000,-1.500000,0.000000,56.881203,1.000000;;,
   28640;16;1.000000,-0.000142,-0.000000,0.000000,-0.000000,-0.000000,1.000000,0.000000,-0.000142,-1.000000,-0.000000,0.000000,-1.500000,0.000000,56.881203,1.000000;;,
   28800;16;0.999987,-0.005104,0.000000,0.000000,-0.000000,-0.000000,1.000000,0.000000,-0.005104,-0.999987,-0.000000,0.000000,-1.500000,0.000000,56.881203,1.000000;;,
