xof 0303txt 0032
template Frame {
 <3d82ab46-62da-11cf-ab39-0020af71e433>
 [...]
}

template Matrix4x4 {
 <f6f23f45-7686-11cf-8f52-0040333594a3>
 array FLOAT matrix[16];
}

template FrameTransformMatrix {
 <f6f23f41-7686-11cf-8f52-0040333594a3>
 Matrix4x4 frameMatrix;
}

template AnimTicksPerSecond {
 <9e415a43-7ba6-4a73-8743-b73d47e88476>
 DWORD AnimTicksPerSecond;
}

template Animation {
 <3d82ab4f-62da-11cf-ab39-0020af71e433>
 [...]
}

template AnimationSet {
 <3d82ab50-62da-11cf-ab39-0020af71e433>
 [Animation <3d82ab4f-62da-11cf-ab39-0020af71e433>]
}

template FloatKeys {
 <10dd46a9-775b-11cf-8f52-0040333594a3>
 DWORD nValues;
 array FLOAT values[nValues];
}

template TimedFloatKeys {
 <f406b180-7b3b-11cf-8f52-0040333594a3>
 DWORD time;
 FloatKeys tfkeys;
}

template AnimationKey {
 <10dd46a8-775b-11cf-8f52-0040333594a3>
 DWORD keyType;
 DWORD nKeys;
 array TimedFloatKeys keys[nKeys];
}


Frame ARM_female_framework {
 

 FrameTransformMatrix {
  -0.003937,0.000000,-0.000000,0.000000,-0.000000,-0.000000,0.003937,0.000000,-0.000000,0.003937,0.000000,0.000000,0.000000,0.000000,0.000000,1.000000;;
 }

 Frame _0__-com {
  

  FrameTransformMatrix {
   0.999413,-0.034356,-0.008232,0.000000,-0.007315,-0.429216,0.903176,0.000000,-0.034563,-0.902583,-0.429215,0.000000,8.246702,12.479400,95.924410,1.000000;;
  }

  Frame _1___body {
   

   FrameTransformMatrix {
    -0.000003,-0.000023,0.999958,0.000000,0.999346,-0.034937,0.000002,0.000000,0.034937,0.999347,0.000023,0.000000,0.000114,-0.000015,-3.651775,1.000000;;
   }

   Frame _3___bodytooll {
    

    FrameTransformMatrix {
     -0.000106,-0.999991,-0.000024,0.000000,-0.765692,0.000065,0.643193,0.000000,-0.643189,0.000087,-0.765686,0.000000,-0.533051,15.718363,3.686958,1.000000;;
    }

    Frame _3___bodytooll_end {
     

     FrameTransformMatrix {
      1.000000,0.000000,0.000000,0.000000,0.000000,1.000000,0.000000,0.000000,-0.000000,0.000000,1.000000,0.000000,0.000000,0.000008,0.999971,1.000000;;
     }
    }
   }

   Frame _4___bodytoolr {
    

    FrameTransformMatrix {
     -0.000106,-0.999991,-0.000024,0.000000,-0.765997,0.000066,0.642830,0.000000,-0.642825,0.000087,-0.765992,0.000000,-0.534069,-15.718614,3.687302,1.000000;;
    }

    Frame _4___bodytoolr_end {
     

     FrameTransformMatrix {
      1.000000,-0.000000,0.000000,0.000000,-0.000000,1.000000,0.000000,0.000000,-0.000000,0.000000,1.000000,0.000000,0.000002,0.000008,0.999973,1.000000;;
     }
    }
   }

   Frame _5___chest {
    

    FrameTransformMatrix {
     0.973256,-0.097585,-0.207966,0.000000,0.132147,0.978336,0.159361,0.000000,0.187909,-0.182581,0.965067,0.000000,-0.021149,-0.331628,9.553101,1.000000;;
    }

    Frame _8___backtool {
     

     FrameTransformMatrix {
      -0.064973,-0.939666,-0.335829,0.000000,-0.935866,-0.059404,0.347278,0.000000,-0.346276,0.336856,-0.875545,0.000000,-8.743278,-5.451432,27.626893,1.000000;;
     }

     Frame _8___backtool_end {
      

      FrameTransformMatrix {
       1.000000,0.000000,0.000000,0.000000,0.000000,1.000000,0.000000,0.000000,0.000000,0.000000,1.000000,0.000000,0.000000,0.000000,0.999970,1.000000;;
      }
     }
    }

    Frame _9__-neck {
     

     FrameTransformMatrix {
      0.987696,0.000015,-0.156387,0.000000,-0.000014,1.000000,0.000008,0.000000,0.156387,-0.000005,0.987696,0.000000,-0.004486,0.000503,27.342589,1.000000;;
     }

     Frame _12___head {
      

      FrameTransformMatrix {
       0.778470,0.063044,-0.624508,0.000000,-0.196541,0.969393,-0.147135,0.000000,0.596118,0.237281,0.767034,0.000000,-0.000038,0.000109,3.870186,1.000000;;
      }

      Frame _12___head_end {
       

       FrameTransformMatrix {
        1.000000,0.000000,-0.000000,0.000000,-0.000000,1.000000,0.000000,0.000000,0.000000,0.000000,1.000000,0.000000,0.000000,0.000001,1.000002,1.000000;;
       }
      }
     }

     Frame _13__-claviclel {
      

      FrameTransformMatrix {
       -0.934610,0.323232,-0.148760,0.000000,-0.076612,0.225476,0.971253,0.000000,0.347468,0.919102,-0.185961,0.000000,0.003075,2.222706,-0.000053,1.000000;;
      }

      Frame _17___arm1l {
       

       FrameTransformMatrix {
        0.545244,-0.162962,0.822285,0.000000,-0.511251,0.712727,0.480252,0.000000,-0.664327,-0.682249,0.305296,0.000000,0.000343,-0.000328,10.799805,1.000000;;
       }

       Frame _19___arm2l {
        

        FrameTransformMatrix {
         0.890561,0.000010,0.454861,0.000000,-0.000021,1.000000,0.000019,0.000000,-0.454861,-0.000026,0.890561,0.000000,0.000005,0.000034,24.923592,1.000000;;
        }

        Frame _21___arm2tooll {
         

         FrameTransformMatrix {
          -0.000084,-0.999906,-0.012755,0.000000,-0.008014,0.012755,-0.999875,0.000000,0.999956,0.000018,-0.008015,0.000000,-0.145599,4.385855,12.630852,1.000000;;
         }

         Frame _21___arm2tooll_end {
          

          FrameTransformMatrix {
           1.000000,0.000000,0.000000,0.000000,-0.000000,1.000000,0.000000,0.000000,-0.000000,0.000000,1.000000,0.000000,0.000000,0.000000,1.000004,1.000000;;
          }
         }
        }

        Frame _22___handl {
         

         FrameTransformMatrix {
          -0.030142,-0.980029,-0.196432,0.000000,0.966342,0.021642,-0.256258,0.000000,0.255403,-0.197554,0.946435,0.000000,0.000046,0.000761,21.486008,1.000000;;
         }

         Frame _24___handtooll {
          

          FrameTransformMatrix {
           -1.000013,0.000849,0.012740,0.000000,-0.012762,-0.095116,-0.995437,0.000000,0.000367,-0.995509,0.095118,0.000000,0.777049,-0.823399,7.656334,1.000000;;
          }

          Frame _24___handtooll_end {
           

           FrameTransformMatrix {
            1.000000,-0.000000,-0.000000,0.000000,0.000000,1.000000,0.000000,0.000000,-0.000000,0.000000,1.000000,0.000000,0.000001,0.000008,1.000010,1.000000;;
           }
          }
         }
        }
       }
      }
     }

     Frame _14__-clavicler {
      

      FrameTransformMatrix {
       -0.901427,-0.408537,-0.143538,0.000000,0.034717,0.262236,-0.964395,0.000000,0.431619,-0.874290,-0.222197,0.000000,0.003143,-2.222836,-0.000008,1.000000;;
      }

      Frame _18___arm1r {
       

       FrameTransformMatrix {
        0.345718,-0.450132,0.823324,0.000000,0.828093,0.559008,-0.042097,0.000000,-0.441295,0.696342,0.566010,0.000000,0.000267,0.000183,10.800422,1.000000;;
       }

       Frame _20___arm2r {
        

        FrameTransformMatrix {
         -0.203033,0.000003,0.979183,0.000000,-0.000022,1.000000,-0.000007,0.000000,-0.979183,-0.000023,-0.203033,0.000000,0.000320,0.000670,24.923035,1.000000;;
        }

        Frame _23___handr {
         

         FrameTransformMatrix {
          -0.179328,0.889099,-0.421031,0.000000,-0.967801,-0.236193,-0.086561,0.000000,-0.176419,0.391981,0.902896,0.000000,0.000549,0.000186,21.484914,1.000000;;
         }

         Frame _25___handtoolr {
          

          FrameTransformMatrix {
           0.999919,0.000890,-0.012733,0.000000,-0.012760,0.095176,-0.995369,0.000000,0.000326,0.995450,0.095179,0.000000,0.776964,0.822876,7.656189,1.000000;;
          }

          Frame _25___handtoolr_end {
           

           FrameTransformMatrix {
            1.000000,0.000000,0.000000,0.000000,-0.000000,1.000000,0.000000,0.000000,0.000000,-0.000000,1.000000,0.000000,0.000000,0.000000,1.000015,1.000000;;
           }
          }
         }
        }
       }
      }
     }
    }
   }

   Frame _6___leg1l {
    

    FrameTransformMatrix {
     0.475214,-0.097498,0.874451,0.000000,0.080413,-0.984866,-0.153509,0.000000,0.876185,0.143267,-0.460182,0.000000,0.000210,6.246555,-0.000130,1.000000;;
    }

    Frame _10___leg2l {
     

     FrameTransformMatrix {
      0.692463,0.000000,0.721455,0.000000,0.000000,1.000000,-0.000000,0.000000,-0.721455,0.000000,0.692463,0.000000,0.002052,-0.000673,48.600346,1.000000;;
     }

     Frame _15__-footl {
      

      FrameTransformMatrix {
       0.981603,-0.110255,-0.155887,0.000000,0.086280,0.984455,-0.152985,0.000000,0.170331,0.136721,0.975856,0.000000,0.002035,-0.002579,48.598538,1.000000;;
      }

      Frame _15__-footl_end {
       

       FrameTransformMatrix {
        1.000000,0.000000,0.000000,0.000000,0.000000,1.000000,0.000000,0.000000,0.000000,0.000000,1.000000,0.000000,0.000000,0.000002,0.999999,1.000000;;
       }
      }
     }
    }
   }

   Frame _7___leg1r {
    

    FrameTransformMatrix {
     0.580168,-0.027115,0.814045,0.000000,-0.129577,-0.989789,0.059381,0.000000,0.804124,-0.139933,-0.577758,0.000000,-0.000179,-6.246554,0.000038,1.000000;;
    }

    Frame _11___leg2r {
     

     FrameTransformMatrix {
      0.626449,-0.000016,0.779450,0.000000,-0.000026,1.000000,0.000042,0.000000,-0.779450,-0.000047,0.626449,0.000000,0.000965,-0.001248,48.599030,1.000000;;
     }

     Frame _16__-footr {
      

      FrameTransformMatrix {
       0.933811,0.070340,-0.350783,0.000000,-0.022202,0.989986,0.139411,0.000000,0.357077,-0.122396,0.926021,0.000000,-0.000473,0.001884,48.600253,1.000000;;
      }

      Frame _16__-footr_end {
       

       FrameTransformMatrix {
        1.000000,0.000000,0.000000,0.000000,0.000000,1.000000,0.000000,0.000000,0.000000,0.000000,1.000000,0.000000,-0.000002,-0.000001,1.000001,1.000000;;
       }
      }
     }
    }
   }
  }

  Frame _2__-footsteps {
   

   FrameTransformMatrix {
    -0.034235,-0.429158,-0.902538,0.000000,-0.008186,0.903189,-0.429157,0.000000,0.999342,-0.007304,-0.034433,0.000000,0.787199,-86.603072,41.152397,1.000000;;
   }

   Frame _2__-footsteps_end {
    

    FrameTransformMatrix {
     1.000000,0.000000,0.000000,0.000000,0.000000,1.000000,0.000000,0.000000,0.000000,-0.000000,1.000000,0.000000,0.000000,-0.000000,0.999999,1.000000;;
    }
   }
  }
 }
}

AnimTicksPerSecond  {
 4800;
}

AnimationSet Dummy {
 

 Animation {
  
  { ARM_female_framework }

  AnimationKey  {
   4;
   2;
   0;16;-0.003937,0.000000,-0.000000,0.000000,-0.000000,-0.000000,0.003937,0.000000,-0.000000,0.003937,0.000000,0.000000,0.000000,0.000000,0.000000,1.000000;;,
   96000;16;-0.003937,0.000000,-0.000000,0.000000,-0.000000,-0.000000,0.003937,0.000000,-0.000000,0.003937,0.000000,0.000000,0.000000,0.000000,0.000000,1.000000;;;
  }
 }

 Animation {
  
  { _0__-com }

  AnimationKey  {
   4;
   2;
   0;16;0.999413,-0.034356,-0.008232,0.000000,-0.007315,-0.429216,0.903176,0.000000,-0.034563,-0.902583,-0.429215,0.000000,8.246702,12.479400,95.924410,1.000000;;,
   96000;16;0.999413,-0.034356,-0.008232,0.000000,-0.007315,-0.429216,0.903176,0.000000,-0.034563,-0.902583,-0.429214,0.000000,8.246702,12.479400,95.924410,1.000000;;;
  }
 }

 Animation {
  
  { _1___body }

  AnimationKey  {
   4;
   2;
   0;16;-0.000003,-0.000023,0.999958,0.000000,0.999346,-0.034937,0.000002,0.000000,0.034937,0.999347,0.000023,0.000000,0.000114,-0.000015,-3.651775,1.000000;;,
   96000;16;-0.000003,-0.000023,0.999958,0.000000,0.999346,-0.034937,0.000002,0.000000,0.034937,0.999347,0.000023,0.000000,0.000114,-0.000023,-3.651775,1.000000;;;
  }
 }

 Animation {
  
  { _3___bodytooll }

  AnimationKey  {
   4;
   2;
   0;16;-0.000106,-0.999991,-0.000024,0.000000,-0.765692,0.000065,0.643193,0.000000,-0.643189,0.000087,-0.765686,0.000000,-0.533051,15.718363,3.686958,1.000000;;,
   96000;16;-0.000106,-0.999991,-0.000024,0.000000,-0.765691,0.000065,0.643194,0.000000,-0.643189,0.000087,-0.765686,0.000000,-0.533051,15.718365,3.686951,1.000000;;;
  }
 }

 Animation {
  
  { _3___bodytooll_end }

  AnimationKey  {
   4;
   2;
   0;16;1.000000,0.000000,0.000000,0.000000,0.000000,1.000000,0.000000,0.000000,-0.000000,0.000000,1.000000,0.000000,0.000000,0.000008,0.999971,1.000000;;,
   96000;16;1.000000,-0.000000,0.000000,0.000000,0.000000,1.000000,-0.000000,0.000000,-0.000000,0.000000,1.000000,0.000000,0.000000,0.000008,0.999975,1.000000;;;
  }
 }

 Animation {
  
  { _4___bodytoolr }

  AnimationKey  {
   4;
   2;
   0;16;-0.000106,-0.999991,-0.000024,0.000000,-0.765997,0.000066,0.642830,0.000000,-0.642825,0.000087,-0.765992,0.000000,-0.534069,-15.718614,3.687302,1.000000;;,
   96000;16;-0.000106,-0.999991,-0.000024,0.000000,-0.765997,0.000066,0.642830,0.000000,-0.642825,0.000087,-0.765992,0.000000,-0.534069,-15.718613,3.687302,1.000000;;;
  }
 }

 Animation {
  
  { _4___bodytoolr_end }

  AnimationKey  {
   4;
   2;
   0;16;1.000000,-0.000000,0.000000,0.000000,-0.000000,1.000000,0.000000,0.000000,-0.000000,0.000000,1.000000,0.000000,0.000002,0.000008,0.999973,1.000000;;,
   96000;16;1.000000,0.000000,0.000000,0.000000,0.000000,1.000000,0.000000,0.000000,0.000000,0.000000,1.000000,0.000000,0.000001,0.000000,0.999973,1.000000;;;
  }
 }

 Animation {
  
  { _5___chest }

  AnimationKey  {
   4;
   434;
   0;16;0.973256,-0.097585,-0.207966,0.000000,0.132147,0.978336,0.159361,0.000000,0.187909,-0.182581,0.965067,0.000000,-0.021149,-0.331628,9.553101,1.000000;;,
   320;16;0.973271,-0.097598,-0.207890,0.000000,0.132146,0.978336,0.159360,0.000000,0.187834,-0.182572,0.965083,0.000000,-0.021152,-0.331628,9.553093,1.000000;;,
   480;16;0.973300,-0.097625,-0.207740,0.000000,0.132144,0.978337,0.159359,0.000000,0.187683,-0.182556,0.965116,0.000000,-0.021152,-0.331628,9.553093,1.000000;;,
   800;16;0.973315,-0.097639,-0.207665,0.000000,0.132143,0.978337,0.159358,0.000000,0.187607,-0.182547,0.965132,0.000000,-0.021152,-0.331628,9.553108,1.000000;;,
   960;16;0.973344,-0.097665,-0.207515,0.000000,0.132141,0.978337,0.159357,0.000000,0.187456,-0.182530,0.965165,0.000000,-0.021152,-0.331628,9.553093,1.000000;;,
   1280;16;0.973357,-0.097679,-0.207446,0.000000,0.132141,0.978338,0.159356,0.000000,0.187387,-0.182522,0.965180,0.000000,-0.021149,-0.331627,9.553093,1.000000;;,
   1440;16;0.973383,-0.097705,-0.207313,0.000000,0.132142,0.978338,0.159352,0.000000,0.187253,-0.182505,0.965209,0.000000,-0.021152,-0.331627,9.553101,1.000000;;,
   1760;16;0.973396,-0.097719,-0.207246,0.000000,0.132142,0.978339,0.159350,0.000000,0.187185,-0.182497,0.965224,0.000000,-0.021149,-0.331627,9.553101,1.000000;;,
   1920;16;0.973422,-0.097745,-0.207113,0.000000,0.132143,0.978339,0.159347,0.000000,0.187051,-0.182480,0.965253,0.000000,-0.021152,-0.331628,9.553101,1.000000;;,
   2240;16;0.973435,-0.097759,-0.207043,0.000000,0.132143,0.978339,0.159346,0.000000,0.186981,-0.182472,0.965268,0.000000,-0.021149,-0.331628,9.553093,1.000000;;,
   2400;16;0.973464,-0.097785,-0.206896,0.000000,0.132141,0.978340,0.159344,0.000000,0.186833,-0.182455,0.965300,0.000000,-0.021149,-0.331627,9.553086,1.000000;;,
   2720;16;0.973478,-0.097801,-0.206823,0.000000,0.132143,0.978340,0.159343,0.000000,0.186759,-0.182447,0.965316,0.000000,-0.021145,-0.331627,9.553093,1.000000;;,
   2880;16;0.973506,-0.097833,-0.206676,0.000000,0.132147,0.978340,0.159340,0.000000,0.186611,-0.182430,0.965347,0.000000,-0.021152,-0.331628,9.553093,1.000000;;,
   3200;16;0.973520,-0.097848,-0.206600,0.000000,0.132148,0.978340,0.159339,0.000000,0.186534,-0.182422,0.965364,0.000000,-0.021156,-0.331627,9.553093,1.000000;;,
   3360;16;0.973553,-0.097880,-0.206430,0.000000,0.132147,0.978339,0.159340,0.000000,0.186362,-0.182405,0.965400,0.000000,-0.021149,-0.331627,9.553093,1.000000;;,
   3680;16;0.973570,-0.097896,-0.206344,0.000000,0.132147,0.978339,0.159340,0.000000,0.186276,-0.182396,0.965418,0.000000,-0.021149,-0.331626,9.553093,1.000000;;,
   3840;16;0.973603,-0.097927,-0.206173,0.000000,0.132146,0.978339,0.159341,0.000000,0.186104,-0.182380,0.965455,0.000000,-0.021152,-0.331626,9.553101,1.000000;;,
   4160;16;0.973620,-0.097943,-0.206084,0.000000,0.132145,0.978339,0.159341,0.000000,0.186014,-0.182371,0.965473,0.000000,-0.021152,-0.331626,9.553093,1.000000;;,
   4320;16;0.973654,-0.097975,-0.205906,0.000000,0.132144,0.978339,0.159343,0.000000,0.185835,-0.182354,0.965511,0.000000,-0.021152,-0.331628,9.553093,1.000000;;,
   4640;16;0.973672,-0.097991,-0.205818,0.000000,0.132144,0.978339,0.159344,0.000000,0.185745,-0.182346,0.965530,0.000000,-0.021149,-0.331627,9.553101,1.000000;;,
   4800;16;0.973706,-0.098026,-0.205637,0.000000,0.132144,0.978339,0.159345,0.000000,0.185562,-0.182329,0.965568,0.000000,-0.021152,-0.331628,9.553086,1.000000;;,
   5120;16;0.973724,-0.098044,-0.205545,0.000000,0.132145,0.978339,0.159346,0.000000,0.185470,-0.182321,0.965588,0.000000,-0.021149,-0.331627,9.553093,1.000000;;,
   5280;16;0.973759,-0.098078,-0.205363,0.000000,0.132145,0.978338,0.159347,0.000000,0.185286,-0.182304,0.965626,0.000000,-0.021149,-0.331626,9.553093,1.000000;;,
   5600;16;0.973777,-0.098096,-0.205271,0.000000,0.132146,0.978338,0.159348,0.000000,0.185193,-0.182295,0.965646,0.000000,-0.021152,-0.331627,9.553093,1.000000;;,
   5760;16;0.973812,-0.098131,-0.205084,0.000000,0.132146,0.978338,0.159350,0.000000,0.185005,-0.182278,0.965685,0.000000,-0.021149,-0.331627,9.553093,1.000000;;,
   6080;16;0.973830,-0.098148,-0.204991,0.000000,0.132146,0.978338,0.159351,0.000000,0.184911,-0.182270,0.965705,0.000000,-0.021149,-0.331627,9.553101,1.000000;;,
   6240;16;0.973866,-0.098183,-0.204805,0.000000,0.132146,0.978337,0.159354,0.000000,0.184722,-0.182253,0.965744,0.000000,-0.021152,-0.331627,9.553093,1.000000;;,
   6560;16;0.973884,-0.098200,-0.204710,0.000000,0.132146,0.978337,0.159355,0.000000,0.184627,-0.182245,0.965764,0.000000,-0.021149,-0.331626,9.553093,1.000000;;,
   6720;16;0.973920,-0.098236,-0.204521,0.000000,0.132146,0.978337,0.159357,0.000000,0.184436,-0.182228,0.965803,0.000000,-0.021152,-0.331627,9.553093,1.000000;;,
   7040;16;0.973938,-0.098254,-0.204426,0.000000,0.132147,0.978336,0.159358,0.000000,0.184340,-0.182219,0.965823,0.000000,-0.021152,-0.331627,9.553101,1.000000;;,
   7200;16;0.973975,-0.098290,-0.204236,0.000000,0.132147,0.978336,0.159361,0.000000,0.184148,-0.182202,0.965863,0.000000,-0.021149,-0.331627,9.553093,1.000000;;,
   7520;16;0.973993,-0.098308,-0.204140,0.000000,0.132147,0.978336,0.159360,0.000000,0.184051,-0.182192,0.965884,0.000000,-0.021149,-0.331627,9.553093,1.000000;;,
   7680;16;0.974029,-0.098344,-0.203949,0.000000,0.132147,0.978336,0.159360,0.000000,0.183858,-0.182172,0.965924,0.000000,-0.021149,-0.331628,9.553093,1.000000;;,
   8000;16;0.974048,-0.098362,-0.203853,0.000000,0.132147,0.978336,0.159360,0.000000,0.183762,-0.182162,0.965944,0.000000,-0.021149,-0.331627,9.553093,1.000000;;,
   8160;16;0.974084,-0.098398,-0.203659,0.000000,0.132146,0.978336,0.159359,0.000000,0.183567,-0.182142,0.965985,0.000000,-0.021152,-0.331628,9.553101,1.000000;;,
   8480;16;0.974103,-0.098417,-0.203563,0.000000,0.132147,0.978336,0.159359,0.000000,0.183469,-0.182132,0.966005,0.000000,-0.021152,-0.331627,9.553093,1.000000;;,
   8640;16;0.974139,-0.098453,-0.203369,0.000000,0.132147,0.978336,0.159359,0.000000,0.183274,-0.182112,0.966046,0.000000,-0.021149,-0.331626,9.553093,1.000000;;,
   8960;16;0.974158,-0.098472,-0.203272,0.000000,0.132147,0.978336,0.159359,0.000000,0.183176,-0.182102,0.966067,0.000000,-0.021152,-0.331626,9.553101,1.000000;;,
   9120;16;0.974195,-0.098509,-0.203077,0.000000,0.132147,0.978336,0.159359,0.000000,0.182980,-0.182082,0.966108,0.000000,-0.021152,-0.331626,9.553093,1.000000;;,
   9440;16;0.974213,-0.098527,-0.202980,0.000000,0.132147,0.978336,0.159358,0.000000,0.182881,-0.182072,0.966128,0.000000,-0.021149,-0.331626,9.553093,1.000000;;,
   9600;16;0.974250,-0.098564,-0.202784,0.000000,0.132147,0.978336,0.159359,0.000000,0.182684,-0.182052,0.966169,0.000000,-0.021152,-0.331626,9.553093,1.000000;;,
   9920;16;0.974269,-0.098582,-0.202686,0.000000,0.132146,0.978337,0.159359,0.000000,0.182585,-0.182042,0.966190,0.000000,-0.021149,-0.331626,9.553093,1.000000;;,
   10080;16;0.974306,-0.098619,-0.202490,0.000000,0.132146,0.978336,0.159358,0.000000,0.182387,-0.182022,0.966231,0.000000,-0.021152,-0.331626,9.553093,1.000000;;,
   10400;16;0.974324,-0.098638,-0.202391,0.000000,0.132146,0.978337,0.159358,0.000000,0.182288,-0.182012,0.966252,0.000000,-0.021152,-0.331627,9.553101,1.000000;;,
   10560;16;0.974361,-0.098675,-0.202194,0.000000,0.132147,0.978336,0.159359,0.000000,0.182089,-0.181992,0.966293,0.000000,-0.021152,-0.331626,9.553086,1.000000;;,
   10880;16;0.974380,-0.098693,-0.202096,0.000000,0.132147,0.978336,0.159359,0.000000,0.181990,-0.181982,0.966314,0.000000,-0.021152,-0.331627,9.553093,1.000000;;,
   11040;16;0.974417,-0.098731,-0.201898,0.000000,0.132147,0.978336,0.159359,0.000000,0.181791,-0.181962,0.966355,0.000000,-0.021156,-0.331627,9.553093,1.000000;;,
   11360;16;0.974436,-0.098749,-0.201799,0.000000,0.132147,0.978336,0.159359,0.000000,0.181691,-0.181952,0.966376,0.000000,-0.021149,-0.331626,9.553093,1.000000;;,
   11520;16;0.974473,-0.098786,-0.201601,0.000000,0.132147,0.978336,0.159359,0.000000,0.181491,-0.181932,0.966417,0.000000,-0.021149,-0.331627,9.553093,1.000000;;,
   11680;16;0.974492,-0.098805,-0.201502,0.000000,0.132147,0.978336,0.159359,0.000000,0.181391,-0.181922,0.966438,0.000000,-0.021149,-0.331626,9.553093,1.000000;;,
   11840;16;0.974510,-0.098824,-0.201402,0.000000,0.132147,0.978336,0.159359,0.000000,0.181291,-0.181912,0.966458,0.000000,-0.021149,-0.331626,9.553093,1.000000;;,
   12000;16;0.974529,-0.098843,-0.201303,0.000000,0.132147,0.978336,0.159359,0.000000,0.181190,-0.181902,0.966479,0.000000,-0.021149,-0.331627,9.553093,1.000000;;,
   12160;16;0.974548,-0.098861,-0.201203,0.000000,0.132147,0.978336,0.159360,0.000000,0.181090,-0.181892,0.966500,0.000000,-0.021149,-0.331628,9.553093,1.000000;;,
   12320;16;0.974567,-0.098880,-0.201104,0.000000,0.132147,0.978336,0.159360,0.000000,0.180989,-0.181882,0.966520,0.000000,-0.021149,-0.331628,9.553093,1.000000;;,
   12480;16;0.974585,-0.098899,-0.201004,0.000000,0.132147,0.978336,0.159360,0.000000,0.180889,-0.181872,0.966541,0.000000,-0.021149,-0.331628,9.553101,1.000000;;,
   12640;16;0.974604,-0.098918,-0.200904,0.000000,0.132147,0.978336,0.159360,0.000000,0.180788,-0.181862,0.966561,0.000000,-0.021152,-0.331627,9.553093,1.000000;;,
   12800;16;0.974622,-0.098936,-0.200804,0.000000,0.132147,0.978336,0.159360,0.000000,0.180688,-0.181852,0.966582,0.000000,-0.021152,-0.331628,9.553093,1.000000;;,
   12960;16;0.974641,-0.098955,-0.200705,0.000000,0.132147,0.978336,0.159361,0.000000,0.180587,-0.181842,0.966603,0.000000,-0.021152,-0.331626,9.553093,1.000000;;,
   13120;16;0.974660,-0.098974,-0.200605,0.000000,0.132147,0.978336,0.159361,0.000000,0.180486,-0.181832,0.966624,0.000000,-0.021152,-0.331627,9.553093,1.000000;;,
   13280;16;0.974678,-0.098993,-0.200505,0.000000,0.132147,0.978336,0.159361,0.000000,0.180386,-0.181822,0.966645,0.000000,-0.021149,-0.331628,9.553093,1.000000;;,
   13440;16;0.974697,-0.099012,-0.200405,0.000000,0.132147,0.978336,0.159361,0.000000,0.180285,-0.181811,0.966666,0.000000,-0.021152,-0.331628,9.553101,1.000000;;,
   13600;16;0.974716,-0.099030,-0.200304,0.000000,0.132147,0.978336,0.159361,0.000000,0.180184,-0.181801,0.966686,0.000000,-0.021149,-0.331626,9.553093,1.000000;;,
   13760;16;0.974735,-0.099049,-0.200204,0.000000,0.132147,0.978336,0.159361,0.000000,0.180082,-0.181791,0.966707,0.000000,-0.021149,-0.331627,9.553093,1.000000;;,
   13920;16;0.974753,-0.099068,-0.200104,0.000000,0.132147,0.978336,0.159360,0.000000,0.179981,-0.181780,0.966728,0.000000,-0.021152,-0.331626,9.553093,1.000000;;,
   14080;16;0.974772,-0.099087,-0.200004,0.000000,0.132147,0.978336,0.159360,0.000000,0.179880,-0.181770,0.966749,0.000000,-0.021152,-0.331627,9.553101,1.000000;;,
   14240;16;0.974791,-0.099106,-0.199903,0.000000,0.132147,0.978336,0.159360,0.000000,0.179779,-0.181760,0.966769,0.000000,-0.021149,-0.331627,9.553101,1.000000;;,
   14400;16;0.974809,-0.099125,-0.199803,0.000000,0.132147,0.978336,0.159360,0.000000,0.179678,-0.181749,0.966790,0.000000,-0.021149,-0.331627,9.553101,1.000000;;,
   14560;16;0.974828,-0.099144,-0.199702,0.000000,0.132147,0.978336,0.159360,0.000000,0.179576,-0.181739,0.966811,0.000000,-0.021149,-0.331627,9.553093,1.000000;;,
   14720;16;0.974847,-0.099162,-0.199602,0.000000,0.132147,0.978336,0.159360,0.000000,0.179475,-0.181729,0.966832,0.000000,-0.021152,-0.331627,9.553093,1.000000;;,
   14880;16;0.974865,-0.099181,-0.199501,0.000000,0.132147,0.978336,0.159360,0.000000,0.179374,-0.181718,0.966853,0.000000,-0.021152,-0.331627,9.553101,1.000000;;,
   15040;16;0.974884,-0.099200,-0.199401,0.000000,0.132147,0.978336,0.159360,0.000000,0.179272,-0.181708,0.966873,0.000000,-0.021145,-0.331627,9.553093,1.000000;;,
   15200;16;0.974903,-0.099219,-0.199300,0.000000,0.132147,0.978336,0.159360,0.000000,0.179171,-0.181698,0.966894,0.000000,-0.021152,-0.331628,9.553093,1.000000;;,
   15360;16;0.974921,-0.099238,-0.199199,0.000000,0.132147,0.978336,0.159360,0.000000,0.179069,-0.181687,0.966915,0.000000,-0.021149,-0.331627,9.553093,1.000000;;,
   15520;16;0.974940,-0.099257,-0.199098,0.000000,0.132147,0.978336,0.159360,0.000000,0.178968,-0.181677,0.966935,0.000000,-0.021152,-0.331628,9.553086,1.000000;;,
   15680;16;0.974959,-0.099276,-0.198998,0.000000,0.132147,0.978336,0.159360,0.000000,0.178866,-0.181666,0.966956,0.000000,-0.021149,-0.331628,9.553093,1.000000;;,
   15840;16;0.974977,-0.099295,-0.198897,0.000000,0.132147,0.978336,0.159360,0.000000,0.178764,-0.181656,0.966977,0.000000,-0.021149,-0.331626,9.553093,1.000000;;,
   16000;16;0.974996,-0.099314,-0.198796,0.000000,0.132147,0.978336,0.159360,0.000000,0.178663,-0.181646,0.966997,0.000000,-0.021152,-0.331626,9.553093,1.000000;;,
   16160;16;0.975014,-0.099333,-0.198695,0.000000,0.132147,0.978336,0.159360,0.000000,0.178561,-0.181635,0.967018,0.000000,-0.021149,-0.331626,9.553093,1.000000;;,
   16320;16;0.975033,-0.099352,-0.198594,0.000000,0.132147,0.978336,0.159360,0.000000,0.178459,-0.181625,0.967039,0.000000,-0.021152,-0.331627,9.553093,1.000000;;,
   16480;16;0.975052,-0.099371,-0.198493,0.000000,0.132147,0.978336,0.159360,0.000000,0.178358,-0.181615,0.967060,0.000000,-0.021152,-0.331627,9.553093,1.000000;;,
   16640;16;0.975070,-0.099390,-0.198393,0.000000,0.132147,0.978336,0.159360,0.000000,0.178256,-0.181604,0.967080,0.000000,-0.021152,-0.331627,9.553093,1.000000;;,
   16800;16;0.975089,-0.099409,-0.198292,0.000000,0.132147,0.978336,0.159360,0.000000,0.178154,-0.181594,0.967101,0.000000,-0.021152,-0.331626,9.553093,1.000000;;,
   16960;16;0.975107,-0.099427,-0.198191,0.000000,0.132147,0.978336,0.159360,0.000000,0.178052,-0.181584,0.967122,0.000000,-0.021149,-0.331626,9.553093,1.000000;;,
   17120;16;0.975126,-0.099446,-0.198090,0.000000,0.132147,0.978336,0.159360,0.000000,0.177951,-0.181573,0.967142,0.000000,-0.021152,-0.331626,9.553093,1.000000;;,
   17280;16;0.975145,-0.099465,-0.197989,0.000000,0.132147,0.978336,0.159360,0.000000,0.177849,-0.181563,0.967163,0.000000,-0.021152,-0.331627,9.553093,1.000000;;,
   17440;16;0.975163,-0.099484,-0.197888,0.000000,0.132147,0.978336,0.159360,0.000000,0.177747,-0.181553,0.967184,0.000000,-0.021149,-0.331626,9.553101,1.000000;;,
   17600;16;0.975182,-0.099503,-0.197787,0.000000,0.132147,0.978336,0.159361,0.000000,0.177645,-0.181542,0.967204,0.000000,-0.021149,-0.331626,9.553093,1.000000;;,
   17760;16;0.975200,-0.099522,-0.197686,0.000000,0.132147,0.978336,0.159361,0.000000,0.177543,-0.181532,0.967225,0.000000,-0.021152,-0.331628,9.553101,1.000000;;,
   17920;16;0.975219,-0.099541,-0.197585,0.000000,0.132147,0.978336,0.159361,0.000000,0.177442,-0.181522,0.967246,0.000000,-0.021152,-0.331628,9.553093,1.000000;;,
   18080;16;0.975237,-0.099560,-0.197484,0.000000,0.132147,0.978336,0.159361,0.000000,0.177340,-0.181511,0.967266,0.000000,-0.021149,-0.331627,9.553093,1.000000;;,
   18240;16;0.975256,-0.099579,-0.197383,0.000000,0.132147,0.978336,0.159361,0.000000,0.177238,-0.181501,0.967287,0.000000,-0.021149,-0.331628,9.553101,1.000000;;,
   18400;16;0.975274,-0.099598,-0.197282,0.000000,0.132147,0.978336,0.159361,0.000000,0.177136,-0.181491,0.967307,0.000000,-0.021149,-0.331628,9.553093,1.000000;;,
   18560;16;0.975293,-0.099617,-0.197182,0.000000,0.132147,0.978336,0.159361,0.000000,0.177035,-0.181480,0.967328,0.000000,-0.021145,-0.331627,9.553093,1.000000;;,
   18720;16;0.975311,-0.099636,-0.197081,0.000000,0.132147,0.978336,0.159361,0.000000,0.176933,-0.181470,0.967348,0.000000,-0.021149,-0.331626,9.553093,1.000000;;,
   18880;16;0.975330,-0.099655,-0.196980,0.000000,0.132147,0.978336,0.159361,0.000000,0.176832,-0.181460,0.967369,0.000000,-0.021152,-0.331626,9.553086,1.000000;;,
   19040;16;0.975348,-0.099674,-0.196879,0.000000,0.132147,0.978336,0.159361,0.000000,0.176730,-0.181449,0.967390,0.000000,-0.021152,-0.331628,9.553093,1.000000;;,
   19200;16;0.975366,-0.099692,-0.196779,0.000000,0.132147,0.978336,0.159361,0.000000,0.176629,-0.181439,0.967410,0.000000,-0.021152,-0.331627,9.553101,1.000000;;,
   19360;16;0.975385,-0.099711,-0.196678,0.000000,0.132147,0.978336,0.159362,0.000000,0.176527,-0.181429,0.967430,0.000000,-0.021149,-0.331627,9.553093,1.000000;;,
   19520;16;0.975403,-0.099730,-0.196578,0.000000,0.132147,0.978336,0.159362,0.000000,0.176426,-0.181419,0.967451,0.000000,-0.021149,-0.331627,9.553093,1.000000;;,
   19680;16;0.975421,-0.099748,-0.196478,0.000000,0.132147,0.978336,0.159362,0.000000,0.176325,-0.181409,0.967471,0.000000,-0.021152,-0.331627,9.553093,1.000000;;,
   19840;16;0.975439,-0.099767,-0.196377,0.000000,0.132147,0.978336,0.159363,0.000000,0.176224,-0.181399,0.967491,0.000000,-0.021152,-0.331628,9.553093,1.000000;;,
   20000;16;0.975458,-0.099786,-0.196278,0.000000,0.132147,0.978336,0.159363,0.000000,0.176124,-0.181389,0.967511,0.000000,-0.021149,-0.331627,9.553093,1.000000;;,
   20160;16;0.975476,-0.099805,-0.196178,0.000000,0.132147,0.978336,0.159363,0.000000,0.176023,-0.181379,0.967532,0.000000,-0.021149,-0.331626,9.553093,1.000000;;,
   20320;16;0.975494,-0.099823,-0.196079,0.000000,0.132147,0.978336,0.159363,0.000000,0.175923,-0.181369,0.967552,0.000000,-0.021149,-0.331626,9.553101,1.000000;;,
   20480;16;0.975512,-0.099842,-0.195979,0.000000,0.132147,0.978335,0.159364,0.000000,0.175822,-0.181359,0.967572,0.000000,-0.021152,-0.331627,9.553093,1.000000;;,
   20800;16;0.975530,-0.099861,-0.195880,0.000000,0.132147,0.978335,0.159364,0.000000,0.175723,-0.181349,0.967592,0.000000,-0.021152,-0.331626,9.553093,1.000000;;,
   20960;16;0.975565,-0.099896,-0.195686,0.000000,0.132146,0.978335,0.159364,0.000000,0.175527,-0.181329,0.967631,0.000000,-0.021152,-0.331626,9.553101,1.000000;;,
   21280;16;0.975583,-0.099913,-0.195590,0.000000,0.132145,0.978336,0.159364,0.000000,0.175430,-0.181319,0.967650,0.000000,-0.021156,-0.331626,9.553101,1.000000;;,
   21440;16;0.975617,-0.099946,-0.195400,0.000000,0.132143,0.978336,0.159364,0.000000,0.175239,-0.181299,0.967689,0.000000,-0.021152,-0.331628,9.553101,1.000000;;,
   21760;16;0.975632,-0.099963,-0.195321,0.000000,0.132144,0.978336,0.159362,0.000000,0.175159,-0.181289,0.967705,0.000000,-0.021152,-0.331626,9.553101,1.000000;;,
   21920;16;0.975660,-0.099997,-0.195162,0.000000,0.132147,0.978336,0.159358,0.000000,0.174999,-0.181269,0.967738,0.000000,-0.021152,-0.331627,9.553093,1.000000;;,
   22240;16;0.975674,-0.100013,-0.195083,0.000000,0.132149,0.978337,0.159355,0.000000,0.174919,-0.181259,0.967754,0.000000,-0.021149,-0.331627,9.553086,1.000000;;,
   22400;16;0.975707,-0.100047,-0.194900,0.000000,0.132148,0.978337,0.159355,0.000000,0.174736,-0.181239,0.967791,0.000000,-0.021149,-0.331627,9.553093,1.000000;;,
   22720;16;0.975725,-0.100063,-0.194802,0.000000,0.132146,0.978337,0.159355,0.000000,0.174637,-0.181229,0.967811,0.000000,-0.021149,-0.331627,9.553093,1.000000;;,
   22880;16;0.975761,-0.100098,-0.194606,0.000000,0.132145,0.978337,0.159356,0.000000,0.174439,-0.181209,0.967850,0.000000,-0.021149,-0.331626,9.553093,1.000000;;,
   23040;16;0.975779,-0.100118,-0.194505,0.000000,0.132145,0.978337,0.159356,0.000000,0.174337,-0.181199,0.967870,0.000000,-0.021149,-0.331626,9.553093,1.000000;;,
   23200;16;0.975798,-0.100138,-0.194399,0.000000,0.132145,0.978337,0.159357,0.000000,0.174230,-0.181189,0.967891,0.000000,-0.021149,-0.331626,9.553093,1.000000;;,
   23360;16;0.975817,-0.100157,-0.194292,0.000000,0.132145,0.978337,0.159358,0.000000,0.174123,-0.181179,0.967913,0.000000,-0.021152,-0.331627,9.553093,1.000000;;,
   23520;16;0.975836,-0.100177,-0.194186,0.000000,0.132145,0.978337,0.159359,0.000000,0.174015,-0.181169,0.967934,0.000000,-0.021149,-0.331627,9.553093,1.000000;;,
   23680;16;0.975855,-0.100196,-0.194079,0.000000,0.132145,0.978337,0.159360,0.000000,0.173908,-0.181159,0.967955,0.000000,-0.021152,-0.331626,9.553093,1.000000;;,
   23840;16;0.975874,-0.100216,-0.193973,0.000000,0.132145,0.978336,0.159361,0.000000,0.173800,-0.181149,0.967977,0.000000,-0.021152,-0.331627,9.553093,1.000000;;,
   24000;16;0.975894,-0.100236,-0.193866,0.000000,0.132145,0.978336,0.159362,0.000000,0.173692,-0.181139,0.967998,0.000000,-0.021149,-0.331628,9.553101,1.000000;;,
   24160;16;0.975913,-0.100255,-0.193759,0.000000,0.132144,0.978336,0.159363,0.000000,0.173584,-0.181129,0.968019,0.000000,-0.021152,-0.331625,9.553093,1.000000;;,
   24480;16;0.975930,-0.100275,-0.193662,0.000000,0.132146,0.978336,0.159363,0.000000,0.173487,-0.181119,0.968039,0.000000,-0.021149,-0.331627,9.553093,1.000000;;,
   24640;16;0.975963,-0.100314,-0.193476,0.000000,0.132149,0.978335,0.159361,0.000000,0.173298,-0.181099,0.968076,0.000000,-0.021152,-0.331627,9.553093,1.000000;;,
   24960;16;0.975980,-0.100331,-0.193383,0.000000,0.132149,0.978336,0.159361,0.000000,0.173204,-0.181089,0.968095,0.000000,-0.021156,-0.331628,9.553101,1.000000;;,
   25120;16;0.976011,-0.100365,-0.193206,0.000000,0.132150,0.978336,0.159359,0.000000,0.173026,-0.181069,0.968130,0.000000,-0.021149,-0.331627,9.553101,1.000000;;,
   25440;16;0.976026,-0.100382,-0.193125,0.000000,0.132152,0.978336,0.159357,0.000000,0.172944,-0.181059,0.968147,0.000000,-0.021152,-0.331627,9.553093,1.000000;;,
   25600;16;0.976054,-0.100417,-0.192963,0.000000,0.132155,0.978336,0.159354,0.000000,0.172781,-0.181039,0.968180,0.000000,-0.021149,-0.331628,9.553101,1.000000;;,
   25760;16;0.976068,-0.100434,-0.192882,0.000000,0.132157,0.978336,0.159352,0.000000,0.172699,-0.181029,0.968196,0.000000,-0.021152,-0.331628,9.553101,1.000000;;,
   25920;16;0.976086,-0.100451,-0.192783,0.000000,0.132156,0.978336,0.159352,0.000000,0.172599,-0.181019,0.968216,0.000000,-0.021145,-0.331627,9.553086,1.000000;;,
   26080;16;0.976105,-0.100468,-0.192678,0.000000,0.132153,0.978337,0.159354,0.000000,0.172493,-0.181009,0.968237,0.000000,-0.021152,-0.331628,9.553086,1.000000;;,
   26240;16;0.976124,-0.100485,-0.192572,0.000000,0.132151,0.978337,0.159355,0.000000,0.172387,-0.180999,0.968257,0.000000,-0.021145,-0.331628,9.553093,1.000000;;,
   26400;16;0.976143,-0.100503,-0.192467,0.000000,0.132149,0.978337,0.159356,0.000000,0.172281,-0.180989,0.968278,0.000000,-0.021152,-0.331628,9.553093,1.000000;;,
   26560;16;0.976162,-0.100520,-0.192363,0.000000,0.132147,0.978337,0.159358,0.000000,0.172177,-0.180979,0.968298,0.000000,-0.021149,-0.331628,9.553093,1.000000;;,
   26720;16;0.976181,-0.100537,-0.192259,0.000000,0.132145,0.978337,0.159359,0.000000,0.172072,-0.180969,0.968319,0.000000,-0.021149,-0.331628,9.553093,1.000000;;,
   26880;16;0.976199,-0.100555,-0.192155,0.000000,0.132143,0.978337,0.159360,0.000000,0.171968,-0.180959,0.968339,0.000000,-0.021149,-0.331627,9.553101,1.000000;;,
   27040;16;0.976218,-0.100572,-0.192053,0.000000,0.132142,0.978337,0.159361,0.000000,0.171865,-0.180949,0.968360,0.000000,-0.021152,-0.331628,9.553093,1.000000;;,
   27360;16;0.976235,-0.100590,-0.191956,0.000000,0.132141,0.978337,0.159361,0.000000,0.171768,-0.180939,0.968379,0.000000,-0.021152,-0.331628,9.553101,1.000000;;,
   27520;16;0.976269,-0.100625,-0.191762,0.000000,0.132140,0.978337,0.159361,0.000000,0.171573,-0.180919,0.968417,0.000000,-0.021149,-0.331627,9.553093,1.000000;;,
   27840;16;0.976286,-0.100642,-0.191666,0.000000,0.132140,0.978337,0.159362,0.000000,0.171475,-0.180909,0.968436,0.000000,-0.021152,-0.331627,9.553093,1.000000;;,
   28000;16;0.976318,-0.100678,-0.191486,0.000000,0.132141,0.978337,0.159360,0.000000,0.171293,-0.180889,0.968472,0.000000,-0.021149,-0.331628,9.553093,1.000000;;,
   28320;16;0.976333,-0.100695,-0.191400,0.000000,0.132142,0.978337,0.159359,0.000000,0.171207,-0.180879,0.968489,0.000000,-0.021149,-0.331627,9.553093,1.000000;;,
   28480;16;0.976363,-0.100730,-0.191228,0.000000,0.132145,0.978337,0.159356,0.000000,0.171033,-0.180859,0.968523,0.000000,-0.021152,-0.331628,9.553093,1.000000;;,
   28640;16;0.976379,-0.100748,-0.191138,0.000000,0.132146,0.978337,0.159356,0.000000,0.170943,-0.180849,0.968541,0.000000,-0.021149,-0.331628,9.553093,1.000000;;,
   28800;16;0.976397,-0.100767,-0.191037,0.000000,0.132146,0.978337,0.159356,0.000000,0.170841,-0.180839,0.968561,0.000000,-0.021149,-0.331628,9.553101,1.000000;;,
   28960;16;0.976414,-0.100787,-0.190936,0.000000,0.132147,0.978337,0.159356,0.000000,0.170739,-0.180829,0.968581,0.000000,-0.021156,-0.331627,9.553101,1.000000;;,
   29120;16;0.976432,-0.100806,-0.190835,0.000000,0.132147,0.978337,0.159357,0.000000,0.170637,-0.180820,0.968600,0.000000,-0.021152,-0.331628,9.553093,1.000000;;,
   29280;16;0.976450,-0.100825,-0.190735,0.000000,0.132148,0.978337,0.159357,0.000000,0.170535,-0.180810,0.968620,0.000000,-0.021156,-0.331627,9.553093,1.000000;;,
   29440;16;0.976468,-0.100844,-0.190633,0.000000,0.132148,0.978336,0.159358,0.000000,0.170433,-0.180800,0.968640,0.000000,-0.021149,-0.331627,9.553093,1.000000;;,
   29600;16;0.976486,-0.100864,-0.190530,0.000000,0.132148,0.978336,0.159359,0.000000,0.170329,-0.180790,0.968660,0.000000,-0.021152,-0.331628,9.553093,1.000000;;,
   29760;16;0.976504,-0.100883,-0.190426,0.000000,0.132148,0.978336,0.159359,0.000000,0.170224,-0.180780,0.968681,0.000000,-0.021152,-0.331626,9.553093,1.000000;;,
   29920;16;0.976522,-0.100902,-0.190323,0.000000,0.132149,0.978336,0.159360,0.000000,0.170120,-0.180770,0.968701,0.000000,-0.021149,-0.331627,9.553093,1.000000;;,
   30080;16;0.976540,-0.100921,-0.190220,0.000000,0.132149,0.978336,0.159361,0.000000,0.170016,-0.180760,0.968721,0.000000,-0.021152,-0.331625,9.553093,1.000000;;,
   30240;16;0.976559,-0.100940,-0.190116,0.000000,0.132149,0.978336,0.159362,0.000000,0.169912,-0.180750,0.968741,0.000000,-0.021152,-0.331627,9.553093,1.000000;;,
   30400;16;0.976577,-0.100960,-0.190013,0.000000,0.132149,0.978335,0.159362,0.000000,0.169807,-0.180740,0.968761,0.000000,-0.021156,-0.331627,9.553101,1.000000;;,
   30560;16;0.976595,-0.100974,-0.189910,0.000000,0.132145,0.978336,0.159364,0.000000,0.169704,-0.180730,0.968781,0.000000,-0.021149,-0.331626,9.553101,1.000000;;,
   30880;16;0.976610,-0.100989,-0.189824,0.000000,0.132143,0.978336,0.159363,0.000000,0.169618,-0.180720,0.968798,0.000000,-0.021152,-0.331627,9.553093,1.000000;;,
   31040;16;0.976638,-0.101019,-0.189663,0.000000,0.132142,0.978337,0.159361,0.000000,0.169456,-0.180700,0.968830,0.000000,-0.021156,-0.331627,9.553101,1.000000;;,
   31360;16;0.976653,-0.101034,-0.189583,0.000000,0.132142,0.978336,0.159361,0.000000,0.169375,-0.180693,0.968846,0.000000,-0.021152,-0.331628,9.553101,1.000000;;,
   31520;16;0.976680,-0.101063,-0.189426,0.000000,0.132143,0.978336,0.159362,0.000000,0.169217,-0.180677,0.968876,0.000000,-0.021149,-0.331626,9.553101,1.000000;;,
   31840;16;0.976693,-0.101078,-0.189351,0.000000,0.132144,0.978336,0.159362,0.000000,0.169141,-0.180670,0.968891,0.000000,-0.021152,-0.331627,9.553093,1.000000;;,
   32000;16;0.976719,-0.101108,-0.189200,0.000000,0.132145,0.978336,0.159362,0.000000,0.168989,-0.180654,0.968920,0.000000,-0.021152,-0.331626,9.553101,1.000000;;,
   32320;16;0.976732,-0.101122,-0.189125,0.000000,0.132146,0.978336,0.159362,0.000000,0.168913,-0.180647,0.968935,0.000000,-0.021149,-0.331626,9.553101,1.000000;;,
   32480;16;0.976759,-0.101152,-0.188972,0.000000,0.132147,0.978336,0.159363,0.000000,0.168759,-0.180631,0.968965,0.000000,-0.021152,-0.331626,9.553093,1.000000;;,
   32800;16;0.976772,-0.101166,-0.188893,0.000000,0.132147,0.978336,0.159363,0.000000,0.168679,-0.180623,0.968980,0.000000,-0.021149,-0.331626,9.553093,1.000000;;,
