xof 0303txt 0032
template Frame {
 <3d82ab46-62da-11cf-ab39-0020af71e433>
 [...]
}

template Matrix4x4 {
 <f6f23f45-7686-11cf-8f52-0040333594a3>
 array FLOAT matrix[16];
}

template FrameTransformMatrix {
 <f6f23f41-7686-11cf-8f52-0040333594a3>
 Matrix4x4 frameMatrix;
}

template AnimTicksPerSecond {
 <9e415a43-7ba6-4a73-8743-b73d47e88476>
 DWORD AnimTicksPerSecond;
}

template Animation {
 <3d82ab4f-62da-11cf-ab39-0020af71e433>
 [...]
}

template AnimationSet {
 <3d82ab50-62da-11cf-ab39-0020af71e433>
 [Animation <3d82ab4f-62da-11cf-ab39-0020af71e433>]
}

template FloatKeys {
 <10dd46a9-775b-11cf-8f52-0040333594a3>
 DWORD nValues;
 array FLOAT values[nValues];
}

template TimedFloatKeys {
 <f406b180-7b3b-11cf-8f52-0040333594a3>
 DWORD time;
 FloatKeys tfkeys;
}

template AnimationKey {
 <10dd46a8-775b-11cf-8f52-0040333594a3>
 DWORD keyType;
 DWORD nKeys;
 array TimedFloatKeys keys[nKeys];
}


Frame ARM_female_framework {
 

 FrameTransformMatrix {
  -0.003937,0.000000,-0.000000,0.000000,-0.000000,-0.000000,0.003937,0.000000,-0.000000,0.003937,0.000000,0.000000,0.000000,0.000000,0.000000,1.000000;;
 }

 Frame _0__-com {
  

  FrameTransformMatrix {
   0.695423,-0.718602,-0.000000,0.000000,-0.000000,-0.000000,1.000000,0.000000,-0.718602,-0.695423,-0.000000,0.000000,0.634600,-57.539904,63.209402,1.000000;;
  }

  Frame _1___body {
   

   FrameTransformMatrix {
    0.000048,-0.000079,0.999966,0.000000,0.999354,-0.034951,-0.000051,0.000000,0.034951,0.999355,0.000077,0.000000,0.000031,0.000004,-3.651787,1.000000;;
   }

   Frame _3___bodytooll {
    

    FrameTransformMatrix {
     -0.000062,-0.999982,-0.000040,0.000000,-0.764989,0.000021,0.644016,0.000000,-0.644007,0.000071,-0.764978,0.000000,-0.533588,15.718662,3.686897,1.000000;;
    }

    Frame _3___bodytooll_end {
     

     FrameTransformMatrix {
      1.000000,0.000000,0.000000,0.000000,-0.000000,1.000000,-0.000000,0.000000,0.000000,0.000000,1.000000,0.000000,0.000004,0.000000,0.999977,1.000000;;
     }
    }
   }

   Frame _4___bodytoolr {
    

    FrameTransformMatrix {
     -0.000062,-0.999982,-0.000040,0.000000,-0.766312,0.000021,0.642440,0.000000,-0.642431,0.000070,-0.766302,0.000000,-0.533512,-15.718952,3.686806,1.000000;;
    }

    Frame _4___bodytoolr_end {
     

     FrameTransformMatrix {
      1.000000,0.000000,-0.000000,0.000000,0.000000,1.000000,0.000000,0.000000,0.000000,0.000000,1.000000,0.000000,0.000002,-0.000002,0.999970,1.000000;;
     }
    }
   }

   Frame _5___chest {
    

    FrameTransformMatrix {
     0.693431,-0.171917,-0.699712,0.000000,0.276191,0.960361,0.037754,0.000000,0.665486,-0.219434,0.713426,0.000000,-0.015099,-0.329697,9.563286,1.000000;;
    }

    Frame _8___backtool {
     

     FrameTransformMatrix {
      -0.065021,-0.939699,-0.335730,0.000000,-0.935830,-0.059358,0.347384,0.000000,-0.346366,0.336774,-0.875542,0.000000,-8.741474,-5.452064,27.626448,1.000000;;
     }

     Frame _8___backtool_end {
      

      FrameTransformMatrix {
       1.000000,0.000000,0.000000,0.000000,0.000000,1.000000,-0.000000,0.000000,0.000000,0.000000,1.000000,0.000000,0.000000,0.000000,0.999970,1.000000;;
      }
     }
    }

    Frame _9__-neck {
     

     FrameTransformMatrix {
      0.987685,-0.000000,-0.156455,0.000000,-0.000000,1.000000,0.000000,0.000000,0.156455,0.000000,0.987685,0.000000,-0.003014,-0.000118,27.341475,1.000000;;
     }

     Frame _12___head {
      

      FrameTransformMatrix {
       0.456493,0.870642,0.183293,0.000000,-0.626688,0.460874,-0.628376,0.000000,-0.631566,0.171982,0.756007,0.000000,0.000210,-0.000061,3.870064,1.000000;;
      }

      Frame _12___head_end {
       

       FrameTransformMatrix {
        1.000000,0.000000,0.000000,0.000000,0.000000,1.000000,0.000000,0.000000,0.000000,0.000000,1.000000,0.000000,0.000004,-0.000001,0.999985,1.000000;;
       }
      }
     }

     Frame _13__-claviclel {
      

      FrameTransformMatrix {
       -0.960146,0.233964,-0.152907,0.000000,-0.105244,0.204172,0.973261,0.000000,0.258927,0.950565,-0.171411,0.000000,0.003090,2.222698,0.000008,1.000000;;
      }

      Frame _17___arm1l {
       

       FrameTransformMatrix {
        0.180126,-0.983053,-0.034085,0.000000,0.979141,0.182505,-0.089305,0.000000,0.094013,-0.017288,0.995421,0.000000,-0.000011,-0.000183,10.799849,1.000000;;
       }

       Frame _19___arm2l {
        

        FrameTransformMatrix {
         0.200037,0.000000,0.979788,0.000000,0.000000,1.000000,-0.000000,0.000000,-0.979788,0.000000,0.200037,0.000000,-0.000008,0.000294,24.924522,1.000000;;
        }

        Frame _21___arm2tooll {
         

         FrameTransformMatrix {
          -0.000133,-0.999933,-0.012748,0.000000,-0.008028,0.012749,-0.999901,0.000000,0.999983,-0.000031,-0.008029,0.000000,-0.145298,4.386154,12.631286,1.000000;;
         }

         Frame _21___arm2tooll_end {
          

          FrameTransformMatrix {
           1.000000,0.000000,0.000000,0.000000,-0.000000,1.000000,0.000000,0.000000,-0.000000,0.000000,1.000000,0.000000,-0.000008,-0.000008,1.000011,1.000000;;
          }
         }
        }

        Frame _22___handl {
         

         FrameTransformMatrix {
          0.141950,-0.972436,-0.184982,0.000000,0.988333,0.128811,0.081271,0.000000,-0.055203,-0.194360,0.979376,0.000000,0.000416,0.000732,21.486603,1.000000;;
         }

         Frame _24___handtooll {
          

          FrameTransformMatrix {
           -0.999950,0.000922,0.012771,0.000000,-0.012800,-0.095108,-0.995402,0.000000,0.000297,-0.995481,0.095112,0.000000,0.777260,-0.823254,7.656426,1.000000;;
          }

          Frame _24___handtooll_end {
           

           FrameTransformMatrix {
            1.000000,-0.000000,0.000000,0.000000,0.000000,1.000000,0.000000,0.000000,0.000000,0.000000,1.000000,0.000000,0.000008,0.000000,0.999996,1.000000;;
           }
          }
         }
        }
       }
      }
     }

     Frame _14__-clavicler {
      

      FrameTransformMatrix {
       -0.960147,-0.233964,-0.152907,0.000000,0.105244,0.204171,-0.973262,0.000000,0.258927,-0.950566,-0.171411,0.000000,0.003094,-2.222694,0.000008,1.000000;;
      }

      Frame _18___arm1r {
       

       FrameTransformMatrix {
        0.503581,0.862993,0.040606,0.000000,-0.727363,0.448861,-0.519101,0.000000,-0.466207,0.231874,0.853747,0.000000,-0.000111,-0.000137,10.800014,1.000000;;
       }

       Frame _20___arm2r {
        

        FrameTransformMatrix {
         0.611849,-0.000000,0.790974,0.000000,0.000000,1.000000,0.000000,0.000000,-0.790974,-0.000000,0.611849,0.000000,0.000854,0.001339,24.922581,1.000000;;
        }

        Frame _23___handr {
         

         FrameTransformMatrix {
          -0.021314,0.993012,-0.116050,0.000000,-0.963120,0.010748,0.268849,0.000000,0.268219,0.117501,0.956165,0.000000,0.000710,-0.000143,21.485962,1.000000;;
         }

         Frame _25___handtoolr {
          

          FrameTransformMatrix {
           0.999919,0.000909,-0.012723,0.000000,-0.012751,0.095184,-0.995369,0.000000,0.000306,0.995450,0.095188,0.000000,0.776829,0.823471,7.655949,1.000000;;
          }

          Frame _25___handtoolr_end {
           

           FrameTransformMatrix {
            1.000000,0.000000,0.000000,0.000000,-0.000000,1.000000,0.000000,0.000000,0.000000,0.000000,1.000000,0.000000,0.000004,0.000000,1.000008,1.000000;;
           }
          }
         }
        }
       }
      }
     }
    }
   }

   Frame _6___leg1l {
    

    FrameTransformMatrix {
     0.395524,-0.365044,0.842745,0.000000,0.391706,-0.762957,-0.514322,0.000000,0.830746,0.533546,-0.158781,0.000000,0.000000,6.246624,0.000008,1.000000;;
    }

    Frame _10___leg2l {
     

     FrameTransformMatrix {
      0.190721,0.000000,0.981644,0.000000,0.000000,1.000000,-0.000000,0.000000,-0.981644,0.000000,0.190721,0.000000,0.000683,-0.000763,48.597725,1.000000;;
     }

     Frame _15__-footl {
      

      FrameTransformMatrix {
       0.997861,-0.061707,0.021565,0.000000,0.064391,0.871143,-0.486789,0.000000,0.011253,0.487136,0.873253,0.000000,0.001740,-0.001122,48.602864,1.000000;;
      }

      Frame _15__-footl_end {
       

       FrameTransformMatrix {
        1.000000,0.000000,0.000000,0.000000,-0.000000,1.000000,0.000000,0.000000,0.000000,0.000000,1.000000,0.000000,0.000008,0.000000,1.000000,1.000000;;
       }
      }
     }
    }
   }

   Frame _7___leg1r {
    

    FrameTransformMatrix {
     0.950664,0.025520,0.309357,0.000000,-0.207988,-0.687323,0.695854,0.000000,0.230386,-0.725864,-0.648103,0.000000,0.000069,-6.246685,-0.000015,1.000000;;
    }

    Frame _11___leg2r {
     

     FrameTransformMatrix {
      0.251274,0.000000,0.967915,0.000000,0.000000,1.000000,-0.000000,0.000000,-0.967915,0.000000,0.251274,0.000000,0.002876,0.000417,48.600464,1.000000;;
     }

     Frame _16__-footr {
      

      FrameTransformMatrix {
       0.938157,0.187379,-0.291120,0.000000,-0.174962,0.982199,0.068360,0.000000,0.298747,-0.013198,0.954241,0.000000,0.000262,0.003364,48.600234,1.000000;;
      }

      Frame _16__-footr_end {
       

       FrameTransformMatrix {
        1.000000,0.000000,-0.000000,0.000000,0.000000,1.000000,0.000000,0.000000,0.000000,-0.000000,1.000000,0.000000,-0.000001,0.000002,1.000000,1.000000;;
       }
      }
     }
    }
   }
  }

  Frame _2__-footsteps {
   

   FrameTransformMatrix {
    -0.718542,-0.000000,-0.695484,0.000000,0.000000,1.000000,-0.000000,0.000000,0.695484,0.000000,-0.718542,0.000000,0.000000,-62.319501,-0.000004,1.000000;;
   }

   Frame _2__-footsteps_end {
    

    FrameTransformMatrix {
     1.000000,-0.000000,-0.000000,0.000000,0.000000,1.000000,-0.000000,0.000000,0.000000,-0.000000,1.000000,0.000000,0.000004,-0.000000,1.000000,1.000000;;
    }
   }
  }
 }
}

AnimTicksPerSecond  {
 4800;
}

AnimationSet Dummy {
 

 Animation {
  
  { ARM_female_framework }

  AnimationKey  {
   4;
   2;
   0;16;-0.003937,0.000000,-0.000000,0.000000,-0.000000,-0.000000,0.003937,0.000000,-0.000000,0.003937,0.000000,0.000000,0.000000,0.000000,0.000000,1.000000;;,
   70400;16;-0.003937,0.000000,-0.000000,0.000000,-0.000000,-0.000000,0.003937,0.000000,-0.000000,0.003937,0.000000,0.000000,0.000000,0.000000,0.000000,1.000000;;;
  }
 }

 Animation {
  
  { _0__-com }

  AnimationKey  {
   4;
   427;
   0;16;0.695423,-0.718602,-0.000000,0.000000,-0.000000,-0.000000,1.000000,0.000000,-0.718602,-0.695423,-0.000000,0.000000,0.634600,-57.539904,63.209402,1.000000;;,
   160;16;0.683666,-0.729796,-0.000000,0.000000,0.000000,0.000000,1.000000,0.000000,-0.729796,-0.683666,0.000000,0.000000,0.146432,-62.772506,66.929421,1.000000;;,
   320;16;0.661018,-0.750371,0.000000,0.000000,-0.000000,-0.000000,1.000000,0.000000,-0.750371,-0.661018,-0.000000,0.000000,-0.777343,-72.778323,74.065184,1.000000;;,
   480;16;0.640671,-0.767817,0.000000,0.000000,-0.000000,-0.000000,1.000000,0.000000,-0.767817,-0.640671,-0.000000,0.000000,-1.593459,-81.809222,80.546266,1.000000;;,
   640;16;0.629716,-0.776827,-0.000000,0.000000,0.000000,0.000000,1.000000,0.000000,-0.776827,-0.629716,0.000000,0.000000,-2.035614,-86.951021,84.289766,1.000000;;,
   800;16;0.628096,-0.778138,-0.000000,0.000000,-0.000000,-0.000000,1.000000,0.000000,-0.778138,-0.628096,-0.000000,0.000000,-2.114468,-88.123494,85.200320,1.000000;;,
   960;16;0.628208,-0.778047,-0.000000,0.000000,-0.000000,-0.000000,1.000000,0.000000,-0.778047,-0.628208,-0.000000,0.000000,-2.146887,-88.518592,85.499085,1.000000;;,
   1120;16;0.628320,-0.777957,0.000000,0.000000,-0.000000,-0.000000,1.000000,0.000000,-0.777957,-0.628320,-0.000000,0.000000,-2.157817,-88.857683,85.778810,1.000000;;,
   1280;16;0.628432,-0.777866,0.000000,0.000000,-0.000000,-0.000000,1.000000,0.000000,-0.777866,-0.628432,-0.000000,0.000000,-2.158409,-89.248288,86.124461,1.000000;;,
   1440;16;0.628544,-0.777775,-0.000000,0.000000,-0.000000,-0.000000,1.000000,0.000000,-0.777775,-0.628544,-0.000000,0.000000,-2.153163,-89.683654,86.530515,1.000000;;,
   1600;16;0.628656,-0.777685,0.000000,0.000000,-0.000000,-0.000000,1.000000,0.000000,-0.777685,-0.628656,-0.000000,0.000000,-2.139928,-90.042854,86.901152,1.000000;;,
   1760;16;0.629952,-0.776636,0.000000,0.000000,-0.000000,-0.000000,1.000000,0.000000,-0.776636,-0.629952,-0.000000,0.000000,-2.113586,-90.319360,87.224550,1.000000;;,
   1920;16;0.631473,-0.775399,-0.000000,0.000000,-0.000000,-0.000000,1.000000,0.000000,-0.775399,-0.631473,-0.000000,0.000000,-2.077537,-90.568525,87.528928,1.000000;;,
   2080;16;0.633269,-0.773933,0.000000,0.000000,0.000000,0.000000,1.000000,0.000000,-0.773933,-0.633269,0.000000,0.000000,-2.031480,-90.767501,87.803629,1.000000;;,
   2240;16;0.635245,-0.772312,0.000000,0.000000,-0.000000,-0.000000,1.000000,0.000000,-0.772312,-0.635245,-0.000000,0.000000,-1.978807,-90.880845,88.040032,1.000000;;,
   2400;16;0.637160,-0.770733,0.000000,0.000000,-0.000000,-0.000000,1.000000,0.000000,-0.770733,-0.637160,-0.000000,0.000000,-1.926600,-90.860838,88.231802,1.000000;;,
   2560;16;0.638852,-0.769331,-0.000000,0.000000,-0.000000,-0.000000,1.000000,0.000000,-0.769331,-0.638852,-0.000000,0.000000,-1.879963,-90.840838,88.392198,1.000000;;,
   2720;16;0.640476,-0.767979,0.000000,0.000000,-0.000000,-0.000000,1.000000,0.000000,-0.767979,-0.640476,-0.000000,0.000000,-1.834355,-90.820826,88.504333,1.000000;;,
   2880;16;0.642093,-0.766628,-0.000000,0.000000,-0.000000,-0.000000,1.000000,0.000000,-0.766628,-0.642093,-0.000000,0.000000,-1.788007,-90.800819,88.600365,1.000000;;,
   3040;16;0.643758,-0.765231,0.000000,0.000000,0.000000,0.000000,1.000000,0.000000,-0.765231,-0.643758,0.000000,0.000000,-1.739407,-90.780800,88.665414,1.000000;;,
   3200;16;0.645523,-0.763742,0.000000,0.000000,0.000000,0.000000,1.000000,0.000000,-0.763742,-0.645523,0.000000,0.000000,-1.687300,-90.760794,88.637542,1.000000;;,
   3360;16;0.647545,-0.762028,-0.000000,0.000000,-0.000000,-0.000000,1.000000,0.000000,-0.762028,-0.647545,-0.000000,0.000000,-1.627044,-90.740781,88.609690,1.000000;;,
   3520;16;0.649677,-0.760212,0.000000,0.000000,-0.000000,-0.000000,1.000000,0.000000,-0.760212,-0.649677,-0.000000,0.000000,-1.562584,-90.608640,88.581818,1.000000;;,
   3680;16;0.651677,-0.758498,0.000000,0.000000,-0.000000,-0.000000,1.000000,0.000000,-0.758498,-0.651677,-0.000000,0.000000,-1.500992,-90.424589,88.553939,1.000000;;,
   3840;16;0.653476,-0.756949,0.000000,0.000000,-0.000000,-0.000000,1.000000,0.000000,-0.756949,-0.653476,-0.000000,0.000000,-1.444264,-90.223622,88.526080,1.000000;;,
   4000;16;0.655166,-0.755486,0.000000,0.000000,0.000000,0.000000,1.000000,0.000000,-0.755486,-0.655166,0.000000,0.000000,-1.389318,-90.015686,88.498208,1.000000;;,
   4160;16;0.656570,-0.754267,-0.000000,0.000000,0.000000,0.000000,1.000000,0.000000,-0.754267,-0.656570,0.000000,0.000000,-1.341535,-89.775987,88.470330,1.000000;;,
   4320;16;0.656895,-0.753983,0.000000,0.000000,-0.000000,-0.000000,1.000000,0.000000,-0.753983,-0.656895,-0.000000,0.000000,-1.316216,-89.526605,88.323949,1.000000;;,
   4480;16;0.656863,-0.754012,0.000000,0.000000,0.000000,0.000000,1.000000,0.000000,-0.754012,-0.656863,0.000000,0.000000,-1.306701,-89.269805,88.131059,1.000000;;,
   4640;16;0.656830,-0.754041,0.000000,0.000000,-0.000000,-0.000000,1.000000,0.000000,-0.754041,-0.656830,-0.000000,0.000000,-1.305501,-89.005229,87.919328,1.000000;;,
   4800;16;0.656797,-0.754069,0.000000,0.000000,-0.000000,-0.000000,1.000000,0.000000,-0.754069,-0.656797,-0.000000,0.000000,-1.304302,-88.729882,87.672186,1.000000;;,
   4960;16;0.656764,-0.754098,-0.000000,0.000000,-0.000000,-0.000000,1.000000,0.000000,-0.754098,-0.656764,-0.000000,0.000000,-1.304220,-88.459091,87.377875,1.000000;;,
   5120;16;0.655893,-0.754855,0.000000,0.000000,0.000000,0.000000,1.000000,0.000000,-0.754855,-0.655893,0.000000,0.000000,-1.320742,-88.185434,87.050451,1.000000;;,
   5280;16;0.654084,-0.756423,0.000000,0.000000,-0.000000,-0.000000,1.000000,0.000000,-0.756423,-0.654084,-0.000000,0.000000,-1.365074,-87.911994,86.687450,1.000000;;,
   5440;16;0.651485,-0.758663,0.000000,0.000000,-0.000000,-0.000000,1.000000,0.000000,-0.758663,-0.651485,-0.000000,0.000000,-1.435504,-87.650278,86.300352,1.000000;;,
   5600;16;0.648497,-0.761219,0.000000,0.000000,-0.000000,-0.000000,1.000000,0.000000,-0.761219,-0.648497,-0.000000,0.000000,-1.517400,-87.420198,85.914701,1.000000;;,
   5760;16;0.646190,-0.763178,-0.000000,0.000000,-0.000000,-0.000000,1.000000,0.000000,-0.763178,-0.646190,-0.000000,0.000000,-1.578886,-87.249510,85.615258,1.000000;;,
   5920;16;0.644150,-0.764901,0.000000,0.000000,-0.000000,-0.000000,1.000000,0.000000,-0.764901,-0.644150,-0.000000,0.000000,-1.633521,-87.115104,85.368461,1.000000;;,
   6080;16;0.641338,-0.767260,0.000000,0.000000,-0.000000,-0.000000,1.000000,0.000000,-0.767260,-0.641338,-0.000000,0.000000,-1.710150,-86.992826,85.078963,1.000000;;,
   6240;16;0.636908,-0.770941,-0.000000,0.000000,0.000000,0.000000,1.000000,0.000000,-0.770941,-0.636908,0.000000,0.000000,-1.831843,-86.852461,84.665747,1.000000;;,
   6400;16;0.630198,-0.776436,0.000000,0.000000,-0.000000,-0.000000,1.000000,0.000000,-0.776436,-0.630198,-0.000000,0.000000,-2.015900,-86.657888,84.062112,1.000000;;,
   6560;16;0.620832,-0.783945,0.000000,0.000000,-0.000000,-0.000000,1.000000,0.000000,-0.783945,-0.620832,-0.000000,0.000000,-2.271317,-86.410554,83.245408,1.000000;;,
   6720;16;0.608734,-0.793376,-0.000000,0.000000,-0.000000,-0.000000,1.000000,0.000000,-0.793376,-0.608734,-0.000000,0.000000,-2.598378,-86.116928,82.220973,1.000000;;,
   6880;16;0.593907,-0.804535,0.000000,0.000000,-0.000000,-0.000000,1.000000,0.000000,-0.804535,-0.593907,-0.000000,0.000000,-2.994271,-85.766733,80.985773,1.000000;;,
   7040;16;0.576446,-0.817137,-0.000000,0.000000,0.000000,0.000000,1.000000,0.000000,-0.817137,-0.576446,0.000000,0.000000,-3.453538,-85.356794,79.549408,1.000000;;,
   7200;16;0.556551,-0.830814,0.000000,0.000000,-0.000000,-0.000000,1.000000,0.000000,-0.830814,-0.556551,-0.000000,0.000000,-3.968087,-84.891104,77.934214,1.000000;;,
   7360;16;0.532657,-0.846332,0.000000,0.000000,-0.000000,-0.000000,1.000000,0.000000,-0.846332,-0.532657,-0.000000,0.000000,-4.575240,-84.341632,76.028326,1.000000;;,
   7520;16;0.507560,-0.861618,0.000000,0.000000,-0.000000,-0.000000,1.000000,0.000000,-0.861618,-0.507560,-0.000000,0.000000,-5.201552,-83.774803,74.062317,1.000000;;,
   7680;16;0.481399,-0.876502,0.000000,0.000000,-0.000000,-0.000000,1.000000,0.000000,-0.876502,-0.481399,-0.000000,0.000000,-5.842893,-83.194381,72.049178,1.000000;;,
   7840;16;0.454111,-0.890946,0.000000,0.000000,0.000000,0.000000,1.000000,0.000000,-0.890946,-0.454111,0.000000,0.000000,-6.500508,-82.599213,69.984986,1.000000;;,
   8000;16;0.425402,-0.905006,0.000000,0.000000,0.000000,0.000000,1.000000,0.000000,-0.905006,-0.425402,0.000000,0.000000,-7.181028,-81.983309,67.848890,1.000000;;,
   8160;16;0.397846,-0.917453,0.000000,0.000000,0.000000,0.000000,1.000000,0.000000,-0.917453,-0.397846,0.000000,0.000000,-7.825006,-81.400493,65.827533,1.000000;;,
   8320;16;0.370302,-0.928913,0.000000,0.000000,-0.000000,-0.000000,1.000000,0.000000,-0.928913,-0.370302,-0.000000,0.000000,-8.460533,-80.825350,63.832717,1.000000;;,
   8480;16;0.343217,-0.939257,0.000000,0.000000,-0.000000,-0.000000,1.000000,0.000000,-0.939257,-0.343217,-0.000000,0.000000,-9.078084,-80.266502,61.894342,1.000000;;,
   8640;16;0.317963,-0.948104,0.000000,0.000000,-0.000000,-0.000000,1.000000,0.000000,-0.948104,-0.317963,-0.000000,0.000000,-9.647922,-79.750816,60.105722,1.000000;;,
   8800;16;0.296865,-0.954921,0.000000,0.000000,-0.000000,-0.000000,1.000000,0.000000,-0.954921,-0.296865,-0.000000,0.000000,-10.120101,-79.323501,58.623603,1.000000;;,
   8960;16;0.280982,-0.959714,0.000000,0.000000,0.000000,0.000000,1.000000,0.000000,-0.959714,-0.280982,0.000000,0.000000,-10.475319,-79.002810,57.506099,1.000000;;,
   9120;16;0.268649,-0.963239,-0.000000,0.000000,-0.000000,-0.000000,1.000000,0.000000,-0.963239,-0.268649,-0.000000,0.000000,-10.751554,-78.754157,56.634662,1.000000;;,
   9280;16;0.259075,-0.965858,-0.000000,0.000000,-0.000000,-0.000000,1.000000,0.000000,-0.965858,-0.259075,-0.000000,0.000000,-10.964928,-78.561952,55.962035,1.000000;;,
   9440;16;0.251069,-0.967970,-0.000000,0.000000,-0.000000,-0.000000,1.000000,0.000000,-0.967970,-0.251069,-0.000000,0.000000,-11.140245,-78.402816,55.413146,1.000000;;,
   9600;16;0.243049,-0.970015,-0.000000,0.000000,-0.000000,-0.000000,1.000000,0.000000,-0.970015,-0.243049,-0.000000,0.000000,-11.311000,-78.245690,54.885203,1.000000;;,
   9760;16;0.235347,-0.971913,0.000000,0.000000,-0.000000,-0.000000,1.000000,0.000000,-0.971913,-0.235347,-0.000000,0.000000,-11.470764,-78.096832,54.397229,1.000000;;,
   9920;16;0.228884,-0.973455,-0.000000,0.000000,-0.000000,-0.000000,1.000000,0.000000,-0.973455,-0.228884,-0.000000,0.000000,-11.598270,-77.974803,54.017555,1.000000;;,
   10080;16;0.222694,-0.974890,-0.000000,0.000000,0.000000,0.000000,1.000000,0.000000,-0.974890,-0.222694,0.000000,0.000000,-11.712390,-77.861709,53.690432,1.000000;;,
   10240;16;0.216171,-0.976357,-0.000000,0.000000,-0.000000,-0.000000,1.000000,0.000000,-0.976357,-0.216171,-0.000000,0.000000,-11.825673,-77.745997,53.377466,1.000000;;,
   10400;16;0.209073,-0.977901,-0.000000,0.000000,-0.000000,-0.000000,1.000000,0.000000,-0.977901,-0.209073,-0.000000,0.000000,-11.944354,-77.622400,53.057674,1.000000;;,
   10560;16;0.201756,-0.979437,0.000000,0.000000,-0.000000,-0.000000,1.000000,0.000000,-0.979437,-0.201756,-0.000000,0.000000,-12.056378,-77.498810,52.775056,1.000000;;,
   10720;16;0.194411,-0.980921,0.000000,0.000000,-0.000000,-0.000000,1.000000,0.000000,-0.980921,-0.194411,-0.000000,0.000000,-12.163053,-77.378451,52.517501,1.000000;;,
   10880;16;0.187040,-0.982354,0.000000,0.000000,0.000000,0.000000,1.000000,0.000000,-0.982354,-0.187040,0.000000,0.000000,-12.265750,-77.259181,52.278653,1.000000;;,
   11040;16;0.179640,-0.983734,0.000000,0.000000,-0.000000,-0.000000,1.000000,0.000000,-0.983734,-0.179640,-0.000000,0.000000,-12.364474,-77.141446,52.058544,1.000000;;,
   11200;16;0.172202,-0.985063,0.000000,0.000000,-0.000000,-0.000000,1.000000,0.000000,-0.985063,-0.172202,-0.000000,0.000000,-12.457872,-77.028314,51.863725,1.000000;;,
   11360;16;0.164902,-0.986311,0.000000,0.000000,-0.000000,-0.000000,1.000000,0.000000,-0.986311,-0.164902,-0.000000,0.000000,-12.543734,-76.915174,51.698829,1.000000;;,
   11520;16;0.157514,-0.987518,0.000000,0.000000,-0.000000,-0.000000,1.000000,0.000000,-0.987518,-0.157514,-0.000000,0.000000,-12.627338,-76.805766,51.546733,1.000000;;,
   11680;16;0.150145,-0.988665,0.000000,0.000000,-0.000000,-0.000000,1.000000,0.000000,-0.988665,-0.150145,-0.000000,0.000000,-12.706536,-76.697600,51.413920,1.000000;;,
   11840;16;0.143060,-0.989715,0.000000,0.000000,-0.000000,-0.000000,1.000000,0.000000,-0.989715,-0.143060,-0.000000,0.000000,-12.778777,-76.595584,51.303910,1.000000;;,
   12000;16;0.136678,-0.990616,0.000000,0.000000,-0.000000,-0.000000,1.000000,0.000000,-0.990616,-0.136678,-0.000000,0.000000,-12.841101,-76.512090,51.217306,1.000000;;,
   12160;16;0.131275,-0.991347,0.000000,0.000000,-0.000000,-0.000000,1.000000,0.000000,-0.991347,-0.131275,-0.000000,0.000000,-12.892452,-76.428595,51.158963,1.000000;;,
   12320;16;0.126517,-0.991965,0.000000,0.000000,-0.000000,-0.000000,1.000000,0.000000,-0.991965,-0.126517,-0.000000,0.000000,-12.935509,-76.363149,51.100611,1.000000;;,
   12480;16;0.122150,-0.992513,0.000000,0.000000,-0.000000,-0.000000,1.000000,0.000000,-0.992513,-0.122150,-0.000000,0.000000,-12.972250,-76.303674,51.079990,1.000000;;,
   12640;16;0.117879,-0.993029,0.000000,0.000000,-0.000000,-0.000000,1.000000,0.000000,-0.993029,-0.117879,-0.000000,0.000000,-13.005491,-76.244250,51.097101,1.000000;;,
   12800;16;0.113363,-0.993555,0.000000,0.000000,-0.000000,-0.000000,1.000000,0.000000,-0.993555,-0.113363,-0.000000,0.000000,-13.038902,-76.184794,51.114208,1.000000;;,
   12960;16;0.108287,-0.994121,0.000000,0.000000,-0.000000,-0.000000,1.000000,0.000000,-0.994121,-0.108287,-0.000000,0.000000,-13.074792,-76.118778,51.131312,1.000000;;,
   13120;16;0.103110,-0.994671,0.000000,0.000000,-0.000000,-0.000000,1.000000,0.000000,-0.994671,-0.103110,-0.000000,0.000000,-13.108337,-76.052742,51.148410,1.000000;;,
   13280;16;0.098249,-0.995163,0.000000,0.000000,-0.000000,-0.000000,1.000000,0.000000,-0.995163,-0.098249,-0.000000,0.000000,-13.136592,-75.995872,51.165520,1.000000;;,
   13440;16;0.093887,-0.995584,-0.000000,0.000000,-0.000000,-0.000000,1.000000,0.000000,-0.995584,-0.093887,-0.000000,0.000000,-13.157204,-75.948179,51.182621,1.000000;;,
   13600;16;0.089975,-0.995945,0.000000,0.000000,0.000000,0.000000,1.000000,0.000000,-0.995945,-0.089975,0.000000,0.000000,-13.168424,-75.900493,51.199731,1.000000;;,
   13760;16;0.086726,-0.996233,-0.000000,0.000000,-0.000000,-0.000000,1.000000,0.000000,-0.996233,-0.086726,-0.000000,0.000000,-13.179642,-75.852794,51.216835,1.000000;;,
   13920;16;0.084112,-0.996457,0.000000,0.000000,-0.000000,-0.000000,1.000000,0.000000,-0.996457,-0.084112,-0.000000,0.000000,-13.177134,-75.852614,51.283024,1.000000;;,
   14080;16;0.082225,-0.996615,-0.000000,0.000000,-0.000000,-0.000000,1.000000,0.000000,-0.996615,-0.082225,-0.000000,0.000000,-13.170046,-75.868294,51.369821,1.000000;;,
   14240;16;0.080851,-0.996727,0.000000,0.000000,-0.000000,-0.000000,1.000000,0.000000,-0.996727,-0.080851,-0.000000,0.000000,-13.162963,-75.883955,51.464909,1.000000;;,
   14400;16;0.079477,-0.996838,0.000000,0.000000,-0.000000,-0.000000,1.000000,0.000000,-0.996838,-0.079477,-0.000000,0.000000,-13.155879,-75.899622,51.572182,1.000000;;,
   14560;16;0.080222,-0.996778,0.000000,0.000000,-0.000000,-0.000000,1.000000,0.000000,-0.996778,-0.080222,-0.000000,0.000000,-13.128937,-75.915277,51.691958,1.000000;;,
   14720;16;0.080966,-0.996718,-0.000000,0.000000,-0.000000,-0.000000,1.000000,0.000000,-0.996718,-0.080966,-0.000000,0.000000,-13.096764,-75.930957,51.821299,1.000000;;,
   14880;16;0.081711,-0.996657,-0.000000,0.000000,-0.000000,-0.000000,1.000000,0.000000,-0.996657,-0.081711,-0.000000,0.000000,-13.057902,-75.946643,51.960538,1.000000;;,
   15040;16;0.082916,-0.996558,-0.000000,0.000000,-0.000000,-0.000000,1.000000,0.000000,-0.996558,-0.082916,-0.000000,0.000000,-13.013254,-75.962304,52.104669,1.000000;;,
   15200;16;0.085502,-0.996339,0.000000,0.000000,-0.000000,-0.000000,1.000000,0.000000,-0.996339,-0.085502,-0.000000,0.000000,-12.966101,-75.977965,52.243405,1.000000;;,
   15360;16;0.088018,-0.996120,0.000000,0.000000,-0.000000,-0.000000,1.000000,0.000000,-0.996120,-0.088018,-0.000000,0.000000,-12.922474,-75.993638,52.365619,1.000000;;,
   15520;16;0.090694,-0.995880,0.000000,0.000000,-0.000000,-0.000000,1.000000,0.000000,-0.995880,-0.090694,-0.000000,0.000000,-12.879617,-76.044608,52.479386,1.000000;;,
   15680;16;0.093979,-0.995575,0.000000,0.000000,-0.000000,-0.000000,1.000000,0.000000,-0.995575,-0.093979,-0.000000,0.000000,-12.832543,-76.107328,52.593568,1.000000;;,
   15840;16;0.098193,-0.995168,0.000000,0.000000,-0.000000,-0.000000,1.000000,0.000000,-0.995168,-0.098193,-0.000000,0.000000,-12.777321,-76.170061,52.716234,1.000000;;,
   16000;16;0.103521,-0.994628,0.000000,0.000000,-0.000000,-0.000000,1.000000,0.000000,-0.994628,-0.103521,-0.000000,0.000000,-12.711100,-76.232806,52.854701,1.000000;;,
   16160;16;0.110165,-0.993914,0.000000,0.000000,-0.000000,-0.000000,1.000000,0.000000,-0.993914,-0.110165,-0.000000,0.000000,-12.630670,-76.333875,53.017398,1.000000;;,
   16320;16;0.118180,-0.992993,0.000000,0.000000,-0.000000,-0.000000,1.000000,0.000000,-0.992993,-0.118180,-0.000000,0.000000,-12.537298,-76.454272,53.196602,1.000000;;,
   16480;16;0.127409,-0.991851,0.000000,0.000000,-0.000000,-0.000000,1.000000,0.000000,-0.991851,-0.127409,-0.000000,0.000000,-12.434278,-76.591027,53.382022,1.000000;;,
   16640;16;0.137588,-0.990491,0.000000,0.000000,-0.000000,-0.000000,1.000000,0.000000,-0.990491,-0.137588,-0.000000,0.000000,-12.324746,-76.740166,53.567222,1.000000;;,
   16800;16;0.148353,-0.988936,0.000000,0.000000,-0.000000,-0.000000,1.000000,0.000000,-0.988936,-0.148353,-0.000000,0.000000,-12.211730,-76.896787,53.749677,1.000000;;,
   16960;16;0.160622,-0.987017,0.000000,0.000000,-0.000000,-0.000000,1.000000,0.000000,-0.987017,-0.160622,-0.000000,0.000000,-12.087804,-77.073395,53.934451,1.000000;;,
   17120;16;0.174142,-0.984722,0.000000,0.000000,-0.000000,-0.000000,1.000000,0.000000,-0.984722,-0.174142,-0.000000,0.000000,-11.955348,-77.266496,54.118138,1.000000;;,
   17280;16;0.185687,-0.982610,0.000000,0.000000,-0.000000,-0.000000,1.000000,0.000000,-0.982610,-0.185687,-0.000000,0.000000,-11.844032,-77.430880,54.265920,1.000000;;,
   17440;16;0.195083,-0.980788,0.000000,0.000000,-0.000000,-0.000000,1.000000,0.000000,-0.980788,-0.195083,-0.000000,0.000000,-11.755589,-77.563872,54.375629,1.000000;;,
   17600;16;0.205179,-0.978725,0.000000,0.000000,-0.000000,-0.000000,1.000000,0.000000,-0.978725,-0.205179,-0.000000,0.000000,-11.663826,-77.705536,54.477837,1.000000;;,
   17760;16;0.235736,-0.971818,-0.000000,0.000000,-0.000000,-0.000000,1.000000,0.000000,-0.971818,-0.235736,-0.000000,0.000000,-11.381566,-78.137664,54.803731,1.000000;;,
   17920;16;0.297988,-0.954570,0.000000,0.000000,-0.000000,-0.000000,1.000000,0.000000,-0.954570,-0.297988,-0.000000,0.000000,-10.466622,-79.972902,55.831590,1.000000;;,
   18080;16;0.394983,-0.918690,0.000000,0.000000,-0.000000,-0.000000,1.000000,0.000000,-0.918690,-0.394983,-0.000000,0.000000,-8.570095,-83.525152,57.876275,1.000000;;,
   18240;16;0.512572,-0.858645,0.000000,0.000000,-0.000000,-0.000000,1.000000,0.000000,-0.858645,-0.512572,-0.000000,0.000000,-5.743323,-88.132563,60.815699,1.000000;;,
   18400;16;0.623341,-0.781952,-0.000000,0.000000,-0.000000,-0.000000,1.000000,0.000000,-0.781952,-0.623341,-0.000000,0.000000,-2.437900,-92.157504,64.090906,1.000000;;,
   18560;16;0.734066,-0.679079,0.000000,0.000000,-0.000000,-0.000000,1.000000,0.000000,-0.679079,-0.734066,-0.000000,0.000000,1.929329,-95.096762,68.146643,1.000000;;,
   18720;16;0.842110,-0.539307,-0.000000,0.000000,-0.000000,-0.000000,1.000000,0.000000,-0.539307,-0.842110,-0.000000,0.000000,7.356720,-97.876294,73.080742,1.000000;;,
   18880;16;0.919301,-0.393558,-0.000000,0.000000,-0.000000,-0.000000,1.000000,0.000000,-0.393558,-0.919301,-0.000000,0.000000,12.598316,-100.128480,77.793382,1.000000;;,
   19040;16;0.960067,-0.279775,-0.000000,0.000000,-0.000000,-0.000000,1.000000,0.000000,-0.279775,-0.960067,-0.000000,0.000000,16.536360,-101.598323,81.307002,1.000000;;,
   19200;16;0.972701,-0.232069,-0.000000,0.000000,-0.000000,-0.000000,1.000000,0.000000,-0.232069,-0.972701,-0.000000,0.000000,18.181301,-102.143706,82.766304,1.000000;;,
   21600;16;0.972701,-0.232069,-0.000000,0.000000,-0.000000,-0.000000,1.000000,0.000000,-0.232069,-0.972701,-0.000000,0.000000,18.181306,-102.143712,82.766304,1.000000;;,
   21760;16;0.989186,-0.144224,0.026701,0.000000,-0.016935,0.068518,0.997506,0.000000,-0.145694,-0.987171,0.065335,0.000000,22.333117,-105.141146,87.887750,1.000000;;,
   21920;16;0.995384,0.074529,0.060487,0.000000,-0.075344,0.216241,0.973429,0.000000,0.059469,-0.973492,0.220858,0.000000,31.692458,-112.067686,99.996768,1.000000;;,
   22080;16;0.936223,0.345885,0.062063,0.000000,-0.195669,0.366405,0.909649,0.000000,0.291894,-0.863778,0.410716,0.000000,43.104851,-120.837850,115.840486,1.000000;;,
   22240;16;0.816136,0.577031,0.030980,0.000000,-0.341521,0.438403,0.831364,0.000000,0.466141,-0.689086,0.554865,0.000000,53.340365,-129.239130,131.831808,1.000000;;,
   22400;16;0.711589,0.702597,-0.000163,0.000000,-0.430908,0.436606,0.789743,0.000000,0.554942,-0.561902,0.613439,0.000000,59.093702,-134.932186,144.049498,1.000000;;,
   22560;16;0.665971,0.745967,-0.004061,0.000000,-0.458123,0.413280,0.786971,0.000000,0.588733,-0.522240,0.616977,0.000000,60.444045,-137.205030,150.685030,1.000000;;,
   22720;16;0.641997,0.766692,-0.004979,0.000000,-0.470544,0.399125,0.786948,0.000000,0.605334,-0.502876,0.617000,0.000000,61.100288,-138.309606,155.055386,1.000000;;,
   22880;16;0.624759,0.780804,-0.004915,0.000000,-0.478577,0.387891,0.787721,0.000000,0.616962,-0.489783,0.616013,0.000000,61.543085,-139.054950,158.729139,1.000000;;,
   23040;16;0.603767,0.797146,-0.004989,0.000000,-0.488372,0.374830,0.788033,0.000000,0.630047,-0.473352,0.615614,0.000000,62.084883,-139.963482,162.765747,1.000000;;,
   23200;16;0.574237,0.818670,-0.005703,0.000000,-0.502308,0.357816,0.787181,0.000000,0.646483,-0.449164,0.616696,0.000000,62.869939,-141.271398,167.715648,1.000000;;,
   23360;16;0.543601,0.839322,-0.006216,0.000000,-0.516171,0.340128,0.786054,0.000000,0.661866,-0.424092,0.618127,0.000000,63.660006,-142.586061,172.701888,1.000000;;,
   23520;16;0.512248,0.858811,-0.006798,0.000000,-0.529349,0.321950,0.784944,0.000000,0.676308,-0.398488,0.619529,0.000000,64.353114,-143.770381,176.983578,1.000000;;,
   23680;16;0.480206,0.877125,-0.007439,0.000000,-0.541841,0.303294,0.783850,0.000000,0.689791,-0.372378,0.620907,0.000000,64.953722,-144.829824,180.649638,1.000000;;,
   23840;16;0.447502,0.894247,-0.008127,0.000000,-0.553646,0.284172,0.782766,0.000000,0.702296,-0.345790,0.622264,0.000000,65.462957,-145.765760,183.711680,1.000000;;,
   24000;16;0.414164,0.910161,-0.008844,0.000000,-0.564760,0.264587,0.781690,0.000000,0.713804,-0.318753,0.623605,0.000000,65.878611,-146.575795,186.104358,1.000000;;,
   24160;16;0.380635,0.924673,-0.009954,0.000000,-0.574600,0.244937,0.780923,0.000000,0.724536,-0.291527,0.624549,0.000000,66.183085,-147.239962,187.321920,1.000000;;,
   24320;16;0.346033,0.938155,-0.011283,0.000000,-0.583604,0.224644,0.780347,0.000000,0.734622,-0.263441,0.625245,0.000000,66.417747,-147.818496,188.048717,1.000000;;,
   24480;16;0.310857,0.950372,-0.012796,0.000000,-0.591587,0.204004,0.780005,0.000000,0.743905,-0.234900,0.625644,0.000000,66.566630,-148.293222,188.416486,1.000000;;,
   24640;16;0.276339,0.960953,-0.014403,0.000000,-0.598250,0.183727,0.779962,0.000000,0.752153,-0.206918,0.625661,0.000000,66.652960,-148.680704,188.588787,1.000000;;,
   24800;16;0.244469,0.969525,-0.016044,0.000000,-0.603237,0.165021,0.780303,0.000000,0.759171,-0.181082,0.625197,0.000000,66.739302,-149.032192,188.761114,1.000000;;,
   24960;16;0.217014,0.976008,-0.017762,0.000000,-0.606740,0.149117,0.780788,0.000000,0.764704,-0.158665,0.624544,0.000000,66.816947,-149.367309,188.962573,1.000000;;,
   25120;16;0.192449,0.981117,-0.019346,0.000000,-0.609250,0.134915,0.781417,0.000000,0.769271,-0.138596,0.623710,0.000000,66.894586,-149.661952,189.163955,1.000000;;,
   25280;16;0.169178,0.985361,-0.021088,0.000000,-0.610758,0.121607,0.782424,0.000000,0.773534,-0.119489,0.622390,0.000000,66.961965,-149.937485,189.344448,1.000000;;,
   25440;16;0.145468,0.989093,-0.023156,0.000000,-0.611272,0.108255,0.783982,0.000000,0.777938,-0.099890,0.620352,0.000000,67.019091,-150.216602,189.503962,1.000000;;,
   25600;16;0.119484,0.992516,-0.025249,0.000000,-0.610834,0.093536,0.786215,0.000000,0.782692,-0.078517,0.617438,0.000000,67.076211,-150.523315,189.663501,1.000000;;,
   25760;16;0.089263,0.995575,-0.029412,0.000000,-0.609247,0.077938,0.789141,0.000000,0.787941,-0.052522,0.613508,0.000000,67.138048,-150.874970,189.837798,1.000000;;,
   25920;16;0.056787,0.997762,-0.035324,0.000000,-0.606212,0.062571,0.792838,0.000000,0.793274,-0.023608,0.608409,0.000000,67.199866,-151.247130,190.012096,1.000000;;,
   26080;16;0.024910,0.998893,-0.039932,0.000000,-0.601730,0.046880,0.797322,0.000000,0.798312,0.004167,0.602232,0.000000,67.251334,-151.620198,190.077350,1.000000;;,
   26240;16;-0.002652,0.999202,-0.039884,0.000000,-0.595726,0.030456,0.802611,0.000000,0.803185,0.025888,0.595169,0.000000,67.292410,-151.982630,190.033613,1.000000;;,
   26400;16;-0.030994,0.998743,-0.039430,0.000000,-0.588174,0.013671,0.808619,0.000000,0.808141,0.048254,0.587011,0.000000,67.333478,-152.331162,189.989926,1.000000;;,
   26560;16;-0.055098,0.997569,-0.042685,0.000000,-0.577534,0.003033,0.816361,0.000000,0.814506,0.069632,0.575963,0.000000,67.374566,-152.669171,189.946202,1.000000;;,
   26720;16;-0.077949,0.996003,-0.043628,0.000000,-0.565200,-0.008100,0.824914,0.000000,0.821264,0.088960,0.563572,0.000000,67.389139,-153.000640,189.902451,1.000000;;,
   26880;16;-0.099094,0.994121,-0.043663,0.000000,-0.551532,-0.018349,0.833952,0.000000,0.828248,0.106721,0.550108,0.000000,67.394861,-153.327270,189.858714,1.000000;;,
   27040;16;-0.118493,0.992032,-0.042830,0.000000,-0.536535,-0.027672,0.843425,0.000000,0.835519,0.122920,0.535538,0.000000,67.400589,-153.648909,189.814950,1.000000;;,
   27200;16;-0.135891,0.989861,-0.041366,0.000000,-0.519883,-0.035704,0.853491,0.000000,0.843360,0.137487,0.519464,0.000000,67.406323,-153.963917,189.771238,1.000000;;,
   27360;16;-0.152550,0.987481,-0.040135,0.000000,-0.502173,-0.042472,0.863724,0.000000,0.851206,0.151916,0.502366,0.000000,67.412032,-154.271910,189.727526,1.000000;;,
   27520;16;-0.169270,0.984814,-0.038622,0.000000,-0.483346,-0.048799,0.874068,0.000000,0.858910,0.166621,0.484266,0.000000,67.417779,-154.583104,189.683789,1.000000;;,
   27680;16;-0.185614,0.981932,-0.036862,0.000000,-0.463474,-0.054408,0.884439,0.000000,0.866453,0.181249,0.465199,0.000000,67.423501,-154.892288,189.640064,1.000000;;,
   27840;16;-0.201361,0.978890,-0.035078,0.000000,-0.443367,-0.059152,0.894386,0.000000,0.873431,0.195647,0.445918,0.000000,67.429235,-155.190080,189.596339,1.000000;;,
   28000;16;-0.216508,0.975701,-0.033688,0.000000,-0.424598,-0.063034,0.903185,0.000000,0.879115,0.209850,0.427928,0.000000,67.434957,-155.462720,189.552614,1.000000;;,
   28160;16;-0.229854,0.972681,-0.032580,0.000000,-0.408311,-0.065993,0.910455,0.000000,0.883432,0.222574,0.412325,0.000000,67.440691,-155.678298,189.355162,1.000000;;,
   28320;16;-0.241809,0.969811,-0.031579,0.000000,-0.393433,-0.068244,0.916817,0.000000,0.886984,0.234119,0.398058,0.000000,67.446432,-155.893862,189.157658,1.000000;;,
   28480;16;-0.254146,0.966668,-0.031054,0.000000,-0.379241,-0.070067,0.922642,0.000000,0.889712,0.246262,0.384408,0.000000,67.452147,-156.105933,188.938778,1.000000;;,
   28640;16;-0.268417,0.962800,-0.031165,0.000000,-0.364911,-0.071685,0.928279,0.000000,0.891513,0.260538,0.370578,0.000000,67.457875,-156.314394,188.680832,1.000000;;,
   28800;16;-0.285939,0.957719,-0.031881,0.000000,-0.349525,-0.073261,0.934059,0.000000,0.892229,0.278227,0.355695,0.000000,67.463610,-156.522918,188.370214,1.000000;;,
   28960;16;-0.307148,0.951097,-0.032832,0.000000,-0.331882,-0.074717,0.940357,0.000000,0.891918,0.299725,0.338601,0.000000,67.469344,-156.780634,187.992166,1.000000;;,
   29120;16;-0.331562,0.942767,-0.035486,0.000000,-0.316663,-0.075778,0.945507,0.000000,0.888703,0.324731,0.323665,0.000000,67.475066,-157.056550,187.551693,1.000000;;,
   29280;16;-0.359196,0.932446,-0.039059,0.000000,-0.301769,-0.076440,0.950312,0.000000,0.883129,0.353135,0.308840,0.000000,67.480800,-157.336986,187.063629,1.000000;;,
   29440;16;-0.389615,0.919973,-0.043035,0.000000,-0.286541,-0.076679,0.954995,0.000000,0.875270,0.384411,0.293485,0.000000,67.486522,-157.613325,186.543155,1.000000;;,
   29600;16;-0.421943,0.905387,-0.047329,0.000000,-0.271790,-0.076516,0.959310,0.000000,0.864926,0.417638,0.278361,0.000000,67.492250,-157.882189,186.006054,1.000000;;,
   29760;16;-0.458311,0.887259,-0.052195,0.000000,-0.257293,-0.076235,0.963322,0.000000,0.850737,0.454930,0.263225,0.000000,67.497978,-158.148877,185.414566,1.000000;;,
   29920;16;-0.496669,0.866040,-0.057416,0.000000,-0.243546,-0.075567,0.966941,0.000000,0.833071,0.494233,0.248452,0.000000,67.503706,-158.415258,184.775181,1.000000;;,
   30080;16;-0.536219,0.841676,-0.063662,0.000000,-0.232098,-0.074511,0.969834,0.000000,0.811543,0.534819,0.235306,0.000000,67.509446,-158.681446,184.100531,1.000000;;,
   30240;16;-0.576690,0.813860,-0.071157,0.000000,-0.223135,-0.073123,0.972041,0.000000,0.785902,0.576444,0.223770,0.000000,67.515174,-158.947277,183.390720,1.000000;;,
